37487 113 33922
37487 113 73338 105 27339 172 33922
37487 113 51021 300 59812 211 33922
37487 113 29285 300 62434 211 33922
37487 113 68072 369 33054 277 33922
37487 113 44084 300 74208 211 33922
37487 113 58806 300 62033 211 33922
37487 113 58806 369 15647 277 33922
37487 113 58806 369 3643 277 33922
37487 113 29285 300 62434 211 28369 277 33922
37487 113 68072 369 33054 277 35869 277 33922
37487 113 68072 369 33054 252 47207 277 33922
37487 113 74978 383 69092 294 33856 75 64085 277 33922
37487 113 74978 383 69092 294 33856 75 4786 277 33922
