41674 113 4926
41674 113 54498 102 24749 113 4926
41674 113 54498 102 35399 113 4926
41674 113 54498 102 67766 113 4926
41674 113 54498 102 72157 113 4926
41674 113 54498 102 48283 113 4926
41674 113 54498 143 74010 113 4926
41674 113 54498 143 44315 113 4926
41674 113 54498 143 60951 113 4926
41674 113 54498 143 7803 113 4926
41674 113 54498 143 29834 113 4926
41674 113 54498 143 9220 113 4926
41674 113 54498 143 68300 113 4926
41674 113 54498 143 68048 113 4926
41674 113 54498 143 36577 113 4926
41674 113 54498 348 57047 364 4926
41674 113 54498 271 71309 130 4926
41674 113 54498 398 58119 203 38784 92 35753 113 4926
41674 113 54498 398 58119 203 38784 92 72919 113 4926
41674 113 54498 398 58119 203 38784 92 25448 113 4926
41674 113 54498 398 58119 203 38784 92 74349 113 4926
