67171 113 18645
67171 113 50583 143 69742 113 18645
67171 113 29285 105 27339 172 18645
67171 113 39059 102 60885 359 18645
67171 113 39059 102 46685 359 18645
67171 113 52734 172 34351 164 18645
67171 113 30973 102 36156 359 18645
67171 113 30973 102 5767 359 18645
67171 113 65601 105 63771 105 18645
67171 113 57906 102 3405 359 18645
67171 113 75306 332 10045 31 1444 105 18645
67171 113 1997 105 45914 172 54129 172 18645
67171 113 1997 105 45914 172 54129 105 18645
67171 113 58806 102 3052 359 920 102 22259 359 18645
67171 113 58806 348 15756 45 41876 23 3374 172 18645
67171 113 58806 348 15756 45 41876 23 3374 105 18645
