69742 113 18645
69742 113 58853 102 60885 359 18645
69742 113 58853 102 46685 359 18645
69742 113 73338 105 27339 172 18645
69742 113 50583 143 67171 113 18645
69742 113 52734 172 34351 164 18645
69742 113 30973 102 36156 359 18645
69742 113 30973 102 5767 359 18645
69742 113 65601 105 63771 105 18645
69742 113 57906 102 3405 359 18645
69742 113 28376 32 1444 105 18645
69742 113 1997 105 45914 172 54129 172 18645
69742 113 1997 105 45914 172 54129 105 18645
69742 113 60170 52 5466 45 41876 23 3374 172 18645
69742 113 60170 52 5466 45 41876 23 3374 105 18645
69742 113 26983 102 3052 359 920 102 22259 359 18645
