36439 398 21356
36439 147 68441 164 55191 141 21356
36439 147 68441 164 55191 15 21356
36439 147 68441 164 72935 398 21356
36439 147 68441 385 7077 217 21356
36439 147 68441 385 45353 217 21356
36439 147 68441 383 69092 114 21356
36439 147 68441 5 69837 141 21356
36439 147 68441 5 8588 141 21356
36439 147 68441 5 72341 141 21356
36439 147 68441 5 68939 141 21356
36439 147 68441 5 36501 141 21356
36439 147 68441 5 31196 141 21356
36439 147 68441 5 4611 141 21356
36439 147 68441 5 47367 141 21356
36439 147 68441 5 66460 141 21356
36439 147 68441 5 62660 141 21356
36439 147 68441 5 68550 141 21356
36439 147 68441 5 26310 141 21356
36439 147 68441 5 1328 141 21356
36439 147 68441 172 16625 114 21356
36439 147 68441 172 29427 126 21356
36439 147 13251 385 10320 141 21356
36439 147 13251 385 8553 141 21356
36439 147 13251 385 33739 141 21356
36439 147 13251 385 34840 141 21356
36439 147 13251 385 6788 141 21356
36439 147 13251 385 6446 141 21356
36439 147 13251 385 6446 15 21356
36439 147 13251 385 54135 141 21356
36439 147 13251 385 70656 141 21356
36439 147 13251 385 40971 141 21356
36439 147 13251 385 44036 141 21356
36439 147 13251 385 4222 141 21356
36439 147 13251 385 4222 15 21356
36439 147 13251 385 42024 141 21356
36439 147 13251 385 42024 15 21356
36439 147 13251 385 33820 141 21356
36439 147 13251 385 31851 141 21356
36439 147 13251 385 41898 141 21356
36439 147 13251 385 22299 141 21356
36439 147 13251 385 58467 141 21356
36439 147 13251 385 58467 15 21356
36439 147 13251 385 4850 141 21356
36439 147 13251 385 46303 141 21356
36439 147 13251 385 25378 141 21356
36439 147 13251 385 6866 141 21356
36439 147 13251 385 57359 141 21356
36439 147 13251 385 49271 141 21356
36439 147 13251 385 72221 141 21356
36439 147 13251 385 72221 15 21356
36439 147 13251 385 9764 141 21356
36439 147 13251 385 42922 141 21356
36439 147 13251 385 38383 141 21356
36439 147 13251 385 47853 217 21356
36439 147 13251 385 48295 217 21356
36439 147 13251 385 48295 15 21356
36439 147 13251 385 44845 141 21356
36439 147 13251 385 50649 217 21356
36439 147 13251 385 35971 141 21356
36439 147 13251 336 53751 105 21356
36439 147 13251 336 66085 105 21356
36439 147 13251 100 2516 114 21356
36439 147 13251 305 75101 114 21356
36439 147 13251 230 56827 141 21356
36439 147 13251 230 60498 141 21356
36439 147 13251 230 18458 141 21356
36439 147 13251 230 55641 141 21356
36439 147 13251 230 55641 15 21356
36439 147 13251 230 52471 141 21356
36439 147 13251 230 44484 141 21356
36439 147 13251 230 55896 141 21356
36439 147 13251 230 52037 141 21356
36439 147 13251 230 1908 141 21356
36439 147 13251 230 56304 141 21356
36439 147 13251 230 74076 141 21356
36439 147 13251 230 42148 217 21356
36439 147 13251 230 59572 217 21356
36439 147 13251 230 48161 141 21356
36439 147 13251 230 70144 141 21356
36439 147 68441 164 58806 143 69742 113 21356
36439 147 68441 164 58806 143 37487 113 21356
36439 147 68441 164 58806 300 62434 211 21356
36439 147 68441 164 58806 332 36618 205 21356
36439 147 68441 164 58806 332 1723 205 21356
36439 147 68441 164 58806 57 69354 205 21356
36439 147 68441 164 58806 34 180 114 21356
36439 147 68441 383 69092 294 63370 114 21356
36439 147 68441 383 69092 294 73168 114 21356
36439 147 68441 383 69092 294 67410 114 21356
36439 147 68441 383 69092 294 64025 114 21356
36439 147 68441 383 69092 294 14621 114 21356
36439 147 68441 383 69092 294 39520 114 21356
36439 147 68441 383 69092 294 29008 114 21356
36439 147 68441 383 69092 294 73556 114 21356
36439 147 68441 383 69092 294 66047 114 21356
36439 147 68441 383 69092 294 69841 114 21356
36439 147 68441 383 69092 151 15570 114 21356
36439 147 68441 383 69092 277 3042 114 21356
36439 147 68441 300 59812 211 3276 114 21356
36439 147 68441 256 54168 254 22105 114 21356
36439 147 68441 297 61222 231 1963 114 21356
36439 147 13251 336 53751 252 47068 114 21356
36439 147 13251 305 75101 75 46157 114 21356
36439 147 68441 164 70368 147 34279 164 47946 147 21356
36439 147 68441 164 70368 147 34279 164 47946 398 21356
36439 147 68441 164 70368 147 34279 164 47946 15 21356
36439 147 68441 164 70368 147 34279 385 55098 141 21356
36439 147 68441 164 58806 75 33054 277 1861 114 21356
36439 147 68441 164 58806 147 34351 164 3553 147 21356
36439 147 68441 164 58806 147 34351 15 38490 398 21356
36439 147 68441 164 58806 332 29065 31 25147 114 21356
36439 147 68441 385 15254 147 31011 164 44022 141 21356
36439 147 68441 383 69092 75 23705 32 26642 114 21356
36439 147 68441 383 69092 75 70836 172 4949 105 21356
36439 147 68441 383 69092 75 70836 172 55578 105 21356
36439 147 68441 383 69092 75 61959 32 72993 114 21356
36439 147 68441 383 69092 114 26378 172 19384 105 21356
36439 147 68441 383 69092 114 49761 172 15631 105 21356
36439 147 68441 383 69092 294 32357 383 47430 114 21356
36439 147 68441 105 43147 336 58982 230 10689 141 21356
36439 147 68441 105 43147 336 58982 230 65667 141 21356
36439 147 68441 105 43147 336 58982 230 5111 141 21356
36439 147 68441 105 43147 336 58982 230 16336 141 21356
36439 147 68441 105 43147 336 58982 230 61814 141 21356
36439 147 68441 105 43147 336 58982 230 34778 141 21356
36439 147 68441 105 43147 336 58982 230 59461 141 21356
36439 147 68441 105 43147 336 58982 230 23244 141 21356
36439 147 68441 105 43147 336 58982 230 56757 141 21356
36439 147 68441 105 43147 336 58982 230 3084 141 21356
36439 147 68441 105 43147 336 58982 230 60679 141 21356
36439 147 68441 105 43147 336 58982 230 67650 141 21356
36439 147 68441 105 43147 336 58982 230 47875 141 21356
36439 147 68441 105 43147 336 58982 230 11896 141 21356
36439 147 68441 105 43147 336 58982 230 32608 141 21356
36439 147 68441 105 43147 336 58982 230 36366 141 21356
36439 147 68441 105 43147 336 58982 230 6134 141 21356
36439 147 68441 105 43147 336 58982 230 19191 141 21356
36439 147 68441 105 43147 336 58982 230 63691 141 21356
36439 147 68441 105 43147 336 58982 230 12138 141 21356
36439 147 68441 105 43147 336 58982 230 7421 141 21356
36439 147 68441 105 43147 336 58982 230 26755 141 21356
36439 147 68441 105 43147 336 58982 230 34435 141 21356
36439 147 68441 105 43147 336 58982 230 62104 141 21356
36439 147 68441 105 43147 336 58982 230 34216 141 21356
36439 147 68441 105 43147 336 58982 230 19722 217 21356
36439 147 68441 105 43147 336 58982 230 75023 141 21356
36439 147 68441 105 43147 336 58982 230 37015 141 21356
36439 147 68441 105 43147 336 58982 230 9695 141 21356
36439 147 68441 105 43147 336 58982 230 34637 141 21356
36439 147 68441 105 43147 336 58982 230 42100 141 21356
36439 147 68441 297 61222 231 4514 240 74936 114 21356
36439 147 68441 164 58806 75 33054 252 26889 32 30228 114 21356
