38128 15 70550
38128 398 70550
38128 382 70550
38128 382 23393 359 70550
38128 300 62434 211 70550
38128 104 69092 294 70550
38128 15 63319 382 10141 6 70550
38128 15 11658 300 59812 211 70550
38128 15 39896 102 6934 359 70550
38128 15 39896 102 71279 359 70550
38128 15 28376 75 33054 32 70550
38128 15 28376 252 6067 151 70550
38128 15 28376 297 61222 231 70550
38128 15 28376 102 46685 359 70550
38128 15 28376 332 65855 31 70550
38128 15 28376 332 65853 31 70550
38128 15 28376 332 65857 31 70550
38128 15 28376 332 65856 31 70550
38128 15 28376 332 1705 31 70550
38128 15 28376 332 65861 31 70550
38128 15 28376 332 29052 31 70550
38128 15 28376 332 29065 31 70550
38128 15 28376 332 29064 31 70550
38128 15 28376 332 23453 31 70550
38128 15 28376 332 68334 31 70550
38128 15 28376 332 40308 31 70550
38128 15 28376 332 29061 31 70550
38128 15 28376 332 12340 31 70550
38128 15 28376 332 68337 31 70550
38128 15 28376 332 68338 31 70550
38128 15 28376 332 51356 31 70550
38128 15 28376 332 51355 31 70550
38128 15 28376 151 41897 252 70550
38128 15 28376 256 54168 254 70550
38128 15 28376 256 54168 141 70550
38128 15 28376 369 53811 277 70550
38128 15 22928 398 48065 254 70550
38128 382 59433 252 62747 252 70550
38128 382 59433 252 62747 151 70550
38128 141 20749 102 3052 359 70550
38128 141 20749 102 12153 359 70550
38128 141 52920 358 51607 28 70550
38128 15 28376 75 33054 277 45649 342 70550
38128 15 28376 75 33054 277 45649 303 70550
38128 15 28376 102 46685 359 17922 359 70550
38128 15 28376 332 65855 31 5604 211 70550
38128 15 28376 332 65857 31 35791 211 70550
38128 15 28376 32 1444 300 55657 211 70550
38128 15 28376 103 1524 102 60291 359 70550
38128 15 28376 103 1524 102 15759 359 70550
38128 15 28376 101 63472 15 480 15 70550
38128 15 28376 101 63472 15 480 147 70550
38128 15 28376 101 63472 15 480 398 70550
38128 15 28376 358 37302 256 16487 254 70550
38128 15 28376 358 37302 256 16487 141 70550
38128 382 23393 359 71837 102 2306 359 70550
38128 382 8039 6 53751 300 4968 211 70550
38128 382 59433 252 17726 28 44428 6 70550
38128 382 28644 359 57906 143 21034 359 70550
38128 300 62434 211 59822 300 63196 211 70550
38128 300 62434 211 17630 256 75040 254 70550
38128 104 69092 294 2851 256 47948 254 70550
38128 15 11658 300 59812 211 23142 300 15652 211 70550
38128 15 28376 297 61222 52 65543 322 21144 372 46138 130 11124 5 51121 117 3112 334 48742 217 70550
