53055 398 27999
53055 358 17373 28 27999
53055 358 17373 28 71955 398 27999
53055 358 17373 28 48134 398 27999
53055 358 17373 28 58252 398 27999
53055 358 17373 28 36207 398 27999
53055 358 17373 28 26810 6 27999
53055 358 17373 28 26810 398 27999
53055 358 17373 373 6593 172 27999
53055 358 17373 373 42905 398 27999
53055 358 17373 373 42905 6 27999
53055 358 17373 373 25916 172 27999
53055 358 17373 373 33630 172 27999
53055 358 17373 373 25328 172 27999
53055 358 17373 373 39113 172 27999
53055 358 17373 373 47963 398 27999
53055 358 17373 373 47963 6 27999
53055 358 17373 373 14571 398 27999
53055 358 17373 373 14571 6 27999
53055 358 17373 373 16308 172 27999
53055 358 17373 373 34659 6 27999
53055 358 17373 373 34659 398 27999
53055 358 17373 373 46883 398 27999
53055 358 17373 373 67977 398 27999
53055 358 17373 373 32408 6 27999
53055 358 17373 373 32408 398 27999
53055 358 17373 373 36426 398 27999
53055 358 17373 373 41638 398 27999
53055 358 17373 373 73794 398 27999
53055 358 17373 373 65210 6 27999
53055 358 17373 373 65210 398 27999
53055 358 17373 373 3474 6 27999
53055 358 17373 373 3474 398 27999
53055 358 17373 373 18356 398 27999
53055 358 17373 373 56200 6 27999
53055 358 17373 373 56200 398 27999
53055 358 17373 373 64030 6 27999
53055 358 17373 373 64030 398 27999
53055 358 17373 373 52997 6 27999
53055 358 17373 373 52997 398 27999
53055 358 17373 373 7729 398 27999
53055 358 17373 373 26081 6 27999
53055 358 17373 373 26081 398 27999
53055 358 17373 373 31254 398 27999
53055 358 17373 373 48799 6 27999
53055 358 17373 373 48799 398 27999
53055 358 17373 373 40151 6 27999
53055 358 17373 373 40151 398 27999
53055 358 17373 373 70025 6 27999
53055 358 17373 373 70025 398 27999
53055 358 17373 373 60382 6 27999
53055 358 17373 373 60382 398 27999
53055 358 17373 373 46391 398 27999
53055 358 17373 373 54966 6 27999
53055 358 17373 373 72356 6 27999
53055 358 17373 373 72356 398 27999
53055 358 17373 373 3369 398 27999
53055 358 17373 373 5476 398 27999
53055 358 17373 373 39454 398 27999
53055 358 17373 373 41240 398 27999
53055 358 17373 373 13971 6 27999
53055 358 17373 373 13971 398 27999
53055 358 17373 373 24870 398 27999
53055 358 17373 373 15069 398 27999
53055 358 17373 373 1887 6 27999
53055 358 17373 373 1887 398 27999
53055 358 17373 373 20182 398 27999
53055 358 17373 373 31884 398 27999
53055 358 17373 373 53806 398 27999
53055 358 17373 373 58716 6 27999
53055 358 17373 373 58716 398 27999
53055 358 17373 373 8351 6 27999
53055 358 17373 373 8351 398 27999
53055 358 17373 373 74428 398 27999
53055 358 17373 373 15217 6 27999
53055 358 17373 373 15217 398 27999
53055 358 17373 373 48118 398 27999
53055 358 17373 373 41906 398 27999
53055 358 17373 373 43728 6 27999
53055 358 17373 373 43728 398 27999
53055 358 17373 373 51216 398 27999
53055 358 17373 373 9060 398 27999
53055 358 17373 373 40153 398 27999
53055 358 17373 373 12208 398 27999
53055 358 17373 373 52469 398 27999
53055 358 17373 373 24054 398 27999
53055 358 17373 373 65834 398 27999
53055 358 17373 373 39179 398 27999
53055 358 17373 373 36627 398 27999
53055 358 17373 373 54145 6 27999
53055 358 17373 373 54145 398 27999
53055 358 17373 373 8759 6 27999
53055 358 17373 373 8759 398 27999
53055 358 17373 373 44479 398 27999
53055 358 17373 373 56452 6 27999
53055 358 17373 373 56452 398 27999
53055 358 17373 373 30073 6 27999
53055 358 17373 373 30073 398 27999
53055 358 17373 373 14756 398 27999
53055 358 17373 373 57621 398 27999
53055 358 17373 373 57716 398 27999
53055 358 17373 373 65488 6 27999
53055 358 17373 373 65488 398 27999
53055 358 17373 373 37495 398 27999
53055 358 17373 373 68024 398 27999
53055 358 17373 373 27219 398 27999
53055 358 17373 373 24068 6 27999
53055 358 17373 373 21511 398 27999
53055 358 17373 373 23791 6 27999
53055 358 17373 373 23791 398 27999
53055 358 17373 373 27720 398 27999
53055 358 17373 373 68375 398 27999
53055 358 17373 373 18049 6 27999
53055 358 17373 373 61106 398 27999
53055 358 17373 373 5542 6 27999
53055 358 17373 373 5542 398 27999
53055 358 17373 373 29114 398 27999
53055 358 17373 373 35739 6 27999
53055 358 17373 373 35739 398 27999
53055 358 17373 373 45989 398 27999
53055 358 17373 373 62450 6 27999
53055 358 17373 373 62450 398 27999
53055 358 17373 373 31566 398 27999
53055 358 17373 373 70982 398 27999
53055 358 17373 373 19261 6 27999
53055 358 17373 373 25522 6 27999
53055 358 17373 373 7634 6 27999
53055 358 17373 373 40562 6 27999
53055 358 17373 373 40562 398 27999
53055 358 17373 373 46357 6 27999
53055 358 17373 373 61350 6 27999
53055 358 17373 373 61350 398 27999
53055 358 17373 373 29148 398 27999
53055 358 17373 373 46715 398 27999
53055 358 17373 373 12283 398 27999
53055 358 17373 373 72240 6 27999
53055 358 17373 373 1784 398 27999
53055 358 17373 373 54676 6 27999
53055 358 17373 373 44632 398 27999
53055 358 17373 373 24419 398 27999
53055 358 17373 373 59804 398 27999
53055 358 17373 373 27506 398 27999
53055 358 17373 373 54279 398 27999
53055 358 17373 373 43471 398 27999
53055 358 17373 373 52422 398 27999
53055 358 17373 373 56035 6 27999
53055 358 17373 373 38247 6 27999
53055 358 17373 373 38247 398 27999
53055 358 17373 373 23961 398 27999
53055 358 17373 373 39803 6 27999
53055 358 17373 373 57383 6 27999
53055 358 17373 373 51922 398 27999
53055 358 17373 373 72825 6 27999
53055 358 17373 373 72825 398 27999
53055 358 17373 373 9357 6 27999
53055 358 17373 373 9357 398 27999
53055 358 17373 373 67654 6 27999
53055 358 17373 373 67654 398 27999
53055 358 17373 373 51932 398 27999
53055 358 17373 373 73151 6 27999
53055 358 17373 373 73151 398 27999
53055 358 17373 373 59029 398 27999
53055 358 17373 373 29078 6 27999
53055 358 17373 373 29078 398 27999
53055 358 17373 373 8707 398 27999
53055 358 17373 373 31686 398 27999
53055 358 17373 373 17841 398 27999
53055 358 17373 373 34078 398 27999
53055 358 17373 373 35289 398 27999
53055 358 17373 373 61215 6 27999
53055 358 17373 373 61215 398 27999
53055 358 17373 373 18354 6 27999
53055 358 17373 373 18354 398 27999
53055 358 17373 373 57420 398 27999
53055 358 17373 373 56233 398 27999
53055 358 17373 373 40288 398 27999
53055 358 17373 373 48075 398 27999
53055 358 17373 373 36175 6 27999
53055 358 17373 373 36175 398 27999
53055 358 17373 373 23059 398 27999
53055 358 17373 373 25380 398 27999
53055 358 17373 373 68191 6 27999
53055 358 17373 373 68191 398 27999
53055 358 17373 373 38548 398 27999
53055 358 17373 373 6231 398 27999
53055 358 17373 373 15120 398 27999
53055 358 17373 373 34571 398 27999
53055 358 17373 373 44682 398 27999
53055 358 17373 373 20038 6 27999
53055 358 17373 373 20038 398 27999
53055 358 17373 373 23605 398 27999
53055 358 17373 373 73283 398 27999
53055 358 17373 373 26 6 27999
53055 358 17373 373 26 398 27999
53055 358 17373 373 13136 6 27999
53055 358 17373 373 13136 398 27999
53055 358 17373 373 66718 6 27999
53055 358 17373 373 66718 398 27999
53055 358 17373 373 74154 6 27999
53055 358 17373 373 74154 398 27999
53055 358 17373 373 48909 398 27999
53055 358 17373 373 73059 6 27999
53055 358 17373 373 73059 398 27999
53055 358 17373 373 47113 398 27999
53055 358 17373 373 46619 6 27999
53055 358 17373 373 46619 398 27999
53055 358 17373 373 33265 6 27999
53055 358 17373 373 33265 398 27999
53055 358 17373 373 58773 6 27999
53055 358 17373 373 21450 398 27999
53055 358 17373 373 44228 6 27999
53055 358 17373 373 44228 398 27999
53055 358 17373 373 144 6 27999
53055 358 17373 373 144 398 27999
53055 358 17373 373 50069 6 27999
53055 358 17373 373 50069 398 27999
53055 358 17373 373 33302 398 27999
53055 358 17373 373 58524 398 27999
53055 358 17373 373 4463 6 27999
53055 358 17373 373 4463 398 27999
53055 358 17373 373 1311 6 27999
53055 358 17373 373 1311 398 27999
53055 358 17373 373 69708 398 27999
53055 358 17373 373 21392 398 27999
53055 358 17373 373 60956 6 27999
53055 358 17373 373 60956 398 27999
53055 358 17373 373 49319 398 27999
53055 358 17373 373 42094 398 27999
53055 358 17373 373 33321 398 27999
53055 358 17373 373 512 398 27999
53055 358 17373 373 52576 398 27999
53055 358 17373 373 49713 398 27999
53055 358 17373 373 38900 398 27999
53055 358 17373 373 39161 398 27999
53055 358 17373 373 54916 6 27999
53055 358 17373 373 54916 398 27999
53055 358 17373 373 35714 6 27999
53055 358 17373 373 35714 398 27999
53055 358 17373 373 9498 398 27999
53055 358 17373 373 71964 6 27999
53055 358 17373 373 71964 398 27999
53055 358 17373 373 3233 6 27999
53055 358 17373 373 3233 398 27999
53055 358 17373 373 28479 398 27999
53055 358 17373 373 71605 398 27999
53055 358 17373 373 61081 398 27999
53055 358 17373 373 69096 398 27999
53055 358 17373 373 3329 6 27999
53055 358 17373 373 3329 398 27999
53055 358 17373 373 8215 398 27999
53055 358 17373 373 24074 398 27999
53055 358 17373 373 49203 6 27999
53055 358 17373 373 49203 398 27999
53055 358 17373 373 33844 6 27999
53055 358 17373 373 33844 398 27999
53055 358 17373 373 73705 398 27999
53055 358 17373 373 62793 398 27999
53055 358 17373 373 71697 6 27999
53055 358 17373 373 71697 398 27999
53055 358 17373 373 60264 398 27999
53055 358 17373 373 61653 398 27999
53055 358 17373 373 8530 6 27999
53055 358 17373 373 8530 398 27999
53055 358 17373 373 31070 6 27999
53055 358 17373 373 31070 398 27999
53055 358 17373 373 14697 6 27999
53055 358 17373 373 14697 398 27999
53055 358 17373 373 72986 398 27999
53055 358 17373 373 61899 6 27999
53055 358 17373 373 61899 398 27999
53055 358 17373 373 69898 398 27999
53055 358 17373 373 42323 6 27999
53055 358 17373 373 42323 398 27999
53055 358 17373 373 54529 6 27999
53055 358 17373 373 64824 6 27999
53055 358 17373 373 64824 398 27999
53055 358 17373 373 71873 398 27999
53055 358 17373 373 65338 398 27999
53055 358 17373 373 8038 398 27999
53055 358 17373 373 62989 398 27999
53055 358 17373 373 20707 398 27999
53055 358 17373 373 584 6 27999
53055 358 17373 373 584 398 27999
53055 358 17373 373 68100 6 27999
53055 358 17373 373 68050 6 27999
53055 358 17373 373 68050 398 27999
53055 358 17373 373 39529 398 27999
53055 358 17373 373 52841 6 27999
53055 358 17373 373 32227 398 27999
53055 358 17373 373 27586 398 27999
53055 358 17373 373 59453 398 27999
53055 358 17373 373 70753 398 27999
53055 358 17373 373 41656 398 27999
53055 358 17373 373 66217 398 27999
53055 358 17373 373 17332 6 27999
53055 358 17373 373 17332 398 27999
53055 358 17373 373 2378 6 27999
53055 358 17373 373 2378 398 27999
53055 358 17373 373 24423 6 27999
53055 358 17373 373 24423 398 27999
53055 358 17373 373 20378 398 27999
53055 358 17373 373 70412 398 27999
53055 358 17373 373 71707 6 27999
53055 358 17373 373 33700 6 27999
53055 358 17373 373 29165 398 27999
53055 358 17373 373 31860 398 27999
53055 358 17373 373 13308 6 27999
53055 358 17373 373 13308 398 27999
53055 358 17373 373 68556 398 27999
53055 358 17373 373 27445 398 27999
53055 358 17373 373 64953 398 27999
53055 358 17373 373 25925 398 27999
53055 358 17373 373 38042 6 27999
53055 358 17373 373 38042 398 27999
53055 358 17373 373 6218 398 27999
53055 358 17373 373 52996 398 27999
53055 358 17373 373 67486 6 27999
53055 358 17373 373 62198 6 27999
53055 358 17373 373 17560 398 27999
53055 358 17373 373 67638 398 27999
53055 358 17373 373 35878 398 27999
53055 358 17373 373 40100 6 27999
53055 358 17373 373 40100 398 27999
53055 358 17373 373 61765 398 27999
53055 358 17373 373 5221 398 27999
53055 358 17373 373 56431 398 27999
53055 358 17373 373 10730 6 27999
53055 358 17373 373 10730 398 27999
53055 358 17373 373 36190 6 27999
53055 358 17373 373 36190 398 27999
53055 358 17373 373 73430 398 27999
53055 358 17373 373 20149 6 27999
53055 358 17373 373 34729 6 27999
53055 358 17373 373 34729 398 27999
53055 358 17373 373 72852 398 27999
53055 358 17373 373 451 6 27999
53055 358 17373 373 451 398 27999
53055 358 17373 373 72076 6 27999
53055 358 17373 373 34553 6 27999
53055 358 17373 373 29461 398 27999
53055 358 17373 373 68835 6 27999
53055 358 17373 373 68835 398 27999
53055 358 17373 373 75489 6 27999
53055 358 17373 373 75489 398 27999
53055 358 17373 373 75052 398 27999
53055 358 17373 373 32592 6 27999
53055 358 17373 373 8799 15 27999
53055 358 17373 373 8799 6 27999
53055 358 17373 373 8799 398 27999
53055 358 17373 373 34823 6 27999
53055 358 17373 373 34823 398 27999
53055 358 17373 373 43881 398 27999
53055 358 17373 373 64224 398 27999
53055 358 17373 373 73246 6 27999
53055 358 17373 373 73246 398 27999
53055 358 17373 373 36371 6 27999
53055 358 17373 373 19492 6 27999
53055 358 17373 373 53600 398 27999
53055 358 17373 373 72133 6 27999
53055 358 17373 373 72133 398 27999
53055 358 17373 373 59086 398 27999
53055 358 17373 373 12333 398 27999
53055 358 17373 373 2608 6 27999
53055 358 17373 373 2608 398 27999
53055 358 17373 373 32205 398 27999
53055 358 17373 373 15559 6 27999
53055 358 17373 373 15559 398 27999
53055 358 17373 373 5311 398 27999
53055 358 17373 373 64016 398 27999
53055 358 17373 373 39884 398 27999
53055 358 17373 373 7460 6 27999
53055 358 17373 373 8024 6 27999
53055 358 17373 373 8024 398 27999
53055 358 17373 373 33586 6 27999
53055 358 17373 373 33586 398 27999
53055 358 17373 373 42371 6 27999
53055 358 17373 373 42371 398 27999
53055 358 17373 373 10215 398 27999
53055 358 17373 373 22256 398 27999
53055 358 17373 373 71497 398 27999
53055 358 17373 373 7027 398 27999
53055 358 17373 373 13052 398 27999
53055 358 17373 373 65105 398 27999
53055 358 17373 373 21088 398 27999
53055 358 17373 373 73843 6 27999
53055 358 17373 373 73843 398 27999
53055 358 17373 373 43584 6 27999
53055 358 17373 373 43584 398 27999
53055 358 17373 373 56076 398 27999
53055 358 17373 373 34116 398 27999
53055 358 17373 373 41922 398 27999
53055 358 17373 373 28440 398 27999
53055 358 17373 373 71822 6 27999
53055 358 17373 373 71822 398 27999
53055 358 17373 373 42158 398 27999
53055 358 17373 373 47165 6 27999
53055 358 17373 373 28213 398 27999
53055 358 17373 373 53290 6 27999
53055 358 17373 373 53290 398 27999
53055 358 17373 373 42084 398 27999
53055 358 17373 373 25797 398 27999
53055 358 17373 373 49488 6 27999
53055 358 17373 373 63496 398 27999
53055 358 17373 373 22523 6 27999
53055 358 17373 373 22523 398 27999
53055 358 17373 373 37024 398 27999
53055 358 17373 373 58933 6 27999
53055 358 17373 373 9452 6 27999
53055 358 17373 373 9452 398 27999
53055 358 17373 373 16715 6 27999
53055 358 17373 373 16715 398 27999
53055 358 17373 373 22108 398 27999
53055 358 17373 373 49817 6 27999
53055 358 17373 373 49817 398 27999
53055 358 17373 373 12972 6 27999
53055 358 17373 373 12972 398 27999
53055 358 17373 373 50411 398 27999
53055 358 17373 373 36304 6 27999
53055 358 17373 373 36304 398 27999
53055 358 17373 373 31974 6 27999
53055 358 17373 373 31974 398 27999
53055 358 17373 373 42635 6 27999
53055 358 17373 373 38239 398 27999
53055 358 17373 373 18240 6 27999
53055 358 17373 373 37537 398 27999
53055 358 17373 373 25108 6 27999
53055 358 17373 373 25108 398 27999
53055 358 17373 373 61524 6 27999
53055 358 17373 373 61524 398 27999
53055 358 17373 373 67137 6 27999
53055 358 17373 373 68291 398 27999
53055 358 17373 373 56234 398 27999
53055 358 17373 373 58870 398 27999
53055 358 17373 373 32764 398 27999
53055 358 17373 373 70206 398 27999
53055 358 17373 373 2448 6 27999
53055 358 17373 373 74725 398 27999
53055 358 17373 373 28220 6 27999
53055 358 17373 373 28220 398 27999
53055 358 17373 373 65238 6 27999
53055 358 17373 373 65238 398 27999
53055 358 17373 373 48167 398 27999
53055 358 17373 373 6050 398 27999
53055 358 17373 373 38644 6 27999
53055 358 17373 373 38644 398 27999
53055 358 17373 373 64294 6 27999
53055 358 17373 373 37085 398 27999
53055 358 17373 373 1107 6 27999
53055 358 17373 373 1107 398 27999
53055 358 17373 373 10925 6 27999
53055 358 17373 373 10925 398 27999
53055 358 17373 373 29999 398 27999
53055 358 17373 373 20446 398 27999
53055 358 17373 373 5325 6 27999
53055 358 17373 373 5325 398 27999
53055 358 17373 373 60963 6 27999
53055 358 17373 373 60963 398 27999
53055 358 17373 373 37398 398 27999
53055 358 17373 373 7384 6 27999
53055 358 17373 373 7384 398 27999
53055 358 17373 373 7510 6 27999
53055 358 17373 373 7510 398 27999
53055 358 17373 373 18069 6 27999
53055 358 17373 373 18069 398 27999
53055 358 17373 373 28831 398 27999
53055 358 17373 373 42032 398 27999
53055 358 17373 373 70678 398 27999
53055 358 17373 373 55431 398 27999
53055 358 17373 373 27157 398 27999
53055 358 17373 373 52760 398 27999
53055 358 17373 373 15226 398 27999
53055 358 17373 373 14024 398 27999
53055 358 17373 373 2139 6 27999
53055 358 17373 373 2139 398 27999
53055 358 17373 373 48218 6 27999
53055 358 17373 373 59395 6 27999
53055 358 17373 373 59395 398 27999
53055 358 17373 373 31782 6 27999
53055 358 17373 373 31782 398 27999
53055 358 17373 373 55406 6 27999
53055 358 17373 373 55406 398 27999
53055 358 17373 373 12636 398 27999
53055 358 17373 373 68026 6 27999
53055 358 17373 373 68026 398 27999
53055 358 17373 373 7955 6 27999
53055 358 17373 373 22543 398 27999
53055 358 17373 373 37619 6 27999
53055 358 17373 373 37619 398 27999
53055 358 17373 373 54684 6 27999
53055 358 17373 373 35325 6 27999
53055 358 17373 373 69864 398 27999
53055 358 17373 373 70448 398 27999
53055 358 17373 373 52287 6 27999
53055 358 17373 373 30998 398 27999
53055 358 17373 373 2590 6 27999
53055 358 17373 373 2590 398 27999
53055 358 17373 373 58305 6 27999
53055 358 17373 373 58305 398 27999
53055 358 17373 373 51755 28 27999
53055 358 17373 373 29735 6 27999
53055 358 17373 373 29735 398 27999
53055 358 17373 373 8798 6 27999
53055 358 17373 373 8798 398 27999
53055 358 17373 373 5147 398 27999
53055 358 17373 373 65027 398 27999
53055 358 17373 373 53580 398 27999
53055 358 17373 373 28778 398 27999
53055 358 17373 373 64431 6 27999
53055 358 17373 373 64431 398 27999
53055 358 17373 373 69618 6 27999
53055 358 17373 373 69618 398 27999
53055 358 17373 373 41490 6 27999
53055 358 17373 373 20474 398 27999
53055 358 17373 373 31136 398 27999
53055 358 17373 373 6698 398 27999
53055 358 17373 373 25545 398 27999
53055 358 17373 373 4011 398 27999
53055 358 17373 373 13212 6 27999
53055 358 17373 373 13212 398 27999
53055 358 17373 373 67340 6 27999
53055 358 17373 373 57269 398 27999
53055 358 17373 373 68170 6 27999
53055 358 17373 373 60464 6 27999
53055 358 17373 373 36966 6 27999
53055 358 17373 373 36966 398 27999
53055 358 17373 373 7047 398 27999
53055 358 17373 373 73829 6 27999
53055 358 17373 373 37806 398 27999
53055 358 17373 373 74119 6 27999
53055 358 17373 373 74119 398 27999
53055 358 17373 373 52677 398 27999
53055 358 17373 373 69606 398 27999
53055 358 17373 373 75305 398 27999
53055 358 17373 373 33817 6 27999
53055 358 17373 373 16058 6 27999
53055 358 17373 373 16058 398 27999
53055 358 17373 373 50219 398 27999
53055 358 17373 373 50368 6 27999
53055 358 17373 373 43699 398 27999
53055 358 17373 373 24970 398 27999
53055 358 17373 373 16243 6 27999
53055 358 17373 373 16243 398 27999
53055 358 17373 373 65329 6 27999
53055 358 17373 373 65329 398 27999
53055 358 17373 373 10031 6 27999
53055 358 17373 373 10031 398 27999
53055 358 17373 373 49799 6 27999
53055 358 17373 373 49799 398 27999
53055 358 17373 373 39670 6 27999
53055 358 17373 373 39670 398 27999
53055 358 17373 373 62969 6 27999
53055 358 17373 373 62969 398 27999
53055 358 17373 373 46944 398 27999
53055 358 17373 373 66939 398 27999
53055 358 17373 373 57866 398 27999
53055 358 17373 373 30060 6 27999
53055 358 17373 373 30060 398 27999
53055 358 17373 373 3441 398 27999
53055 358 17373 373 45568 6 27999
53055 358 17373 373 19614 6 27999
53055 358 17373 373 16030 6 27999
53055 358 17373 373 16030 398 27999
53055 358 17373 373 49520 6 27999
53055 358 17373 373 2875 398 27999
53055 358 17373 373 34667 6 27999
53055 358 17373 373 34667 398 27999
53055 358 17373 373 41358 6 27999
53055 358 17373 373 41358 398 27999
53055 358 17373 373 66624 6 27999
53055 358 17373 373 66624 398 27999
53055 358 17373 373 66049 398 27999
53055 358 17373 373 67972 398 27999
53055 358 17373 373 18149 6 27999
53055 358 17373 373 18149 398 27999
53055 358 17373 373 54248 6 27999
53055 358 17373 373 54248 398 27999
53055 358 17373 373 46058 398 27999
53055 358 17373 373 34412 398 27999
53055 358 17373 373 2096 6 27999
53055 358 17373 373 2096 398 27999
53055 358 17373 373 47572 6 27999
53055 358 17373 164 63119 172 27999
53055 358 17373 382 37486 358 27999
53055 358 17373 382 20880 398 27999
53055 358 17373 382 5507 398 27999
53055 358 17373 382 32264 398 27999
53055 358 17373 382 44468 398 27999
53055 358 17373 382 69802 398 27999
53055 358 17373 382 53556 398 27999
53055 358 17373 82 2759 122 5842 6 27999
53055 358 17373 82 2759 122 5842 398 27999
53055 155 74864 278 59050 119 53732 295 11713 6 27999
53055 155 74864 278 59050 119 53732 295 11713 398 27999
53055 155 74864 278 59050 119 53732 295 21814 6 27999
53055 155 74864 278 59050 119 53732 295 21814 398 27999
53055 155 74864 278 59050 119 53732 295 47038 6 27999
53055 155 74864 278 59050 119 53732 295 4157 6 27999
53055 155 74864 278 59050 119 53732 295 4157 398 27999
53055 155 74864 278 59050 119 53732 295 18058 398 27999
53055 358 17373 373 25328 277 17624 383 39544 114 27999
