5965 398 58402
5965 34 27248 252 51420 75 29427 290 58402
5965 34 27248 252 19933 277 2516 290 58402
5965 34 27248 8 25113 25 32131 126 58402
5965 34 27248 8 25113 25 32131 26 58402
5965 34 27248 125 1314 358 39091 28 1045 398 58402
5965 34 27248 125 1314 358 39091 28 1045 6 58402
5965 34 27248 125 1314 358 39091 28 40816 147 58402
5965 34 27248 125 1314 358 39091 28 37745 15 58402
5965 34 27248 125 1314 358 39091 28 37745 6 58402
5965 34 27248 125 1314 358 39091 28 39204 147 58402
5965 34 27248 125 1314 358 39091 28 50682 398 58402
5965 34 27248 125 1314 358 39091 28 50682 6 58402
5965 34 27248 125 1314 358 39091 28 1216 6 58402
5965 34 27248 125 1314 358 39091 28 30564 356 58402
5965 34 27248 125 1314 358 39091 28 12181 6 58402
5965 34 27248 125 1314 358 39091 28 32040 6 58402
5965 34 27248 125 1314 358 39091 28 70771 147 58402
5965 34 27248 125 1314 358 39091 28 376 6 58402
5965 34 27248 125 1314 358 39091 28 56499 6 58402
5965 34 27248 125 1314 358 39091 28 42838 141 58402
5965 34 27248 125 1314 358 39091 28 42838 15 58402
5965 34 27248 125 1314 358 39091 28 7677 398 58402
5965 34 27248 125 1314 358 39091 28 7677 6 58402
5965 34 27248 125 1314 358 39091 28 69897 147 58402
5965 34 27248 125 1314 358 39091 28 69897 398 58402
5965 34 27248 125 1314 358 39091 28 69897 6 58402
5965 34 27248 125 1314 358 39091 28 41711 6 58402
5965 34 27248 125 1314 358 39091 28 30260 6 58402
5965 34 27248 125 1314 358 39091 28 52072 6 58402
5965 34 27248 125 1314 358 39091 28 37670 356 58402
5965 34 27248 125 1314 358 39091 28 18554 6 58402
5965 34 27248 125 1314 358 39091 28 47981 6 58402
5965 34 27248 125 1314 358 39091 28 74589 356 58402
5965 34 27248 125 1314 358 39091 28 53954 6 58402
5965 34 27248 125 1314 358 39091 28 72428 6 58402
5965 34 27248 125 1314 358 39091 28 10273 6 58402
5965 34 27248 125 1314 358 39091 28 49739 6 58402
5965 34 27248 125 1314 358 39091 28 39136 6 58402
5965 34 27248 125 1314 358 39091 28 14819 6 58402
5965 34 27248 125 1314 358 39091 28 15445 6 58402
5965 34 27248 125 1314 358 39091 28 49988 6 58402
5965 34 27248 125 1314 358 39091 28 68884 6 58402
5965 34 27248 125 1314 358 39091 28 14753 6 58402
5965 34 27248 125 1314 358 39091 28 54936 6 58402
5965 34 27248 125 1314 358 39091 28 16520 147 58402
5965 34 27248 125 1314 358 39091 28 13302 6 58402
5965 34 27248 125 1314 358 39091 28 7097 6 58402
5965 34 27248 125 1314 358 39091 28 2323 356 58402
5965 34 27248 125 1314 358 39091 28 46527 141 58402
5965 34 27248 125 1314 358 39091 28 13326 6 58402
5965 34 27248 125 1314 358 39091 28 39101 147 58402
5965 34 27248 125 1314 358 39091 28 36373 6 58402
5965 34 27248 125 1314 358 39091 28 12315 147 58402
5965 34 27248 125 1314 358 39091 28 10934 147 58402
5965 34 27248 125 1314 358 39091 28 17148 6 58402
5965 34 27248 125 1314 358 39091 28 32352 6 58402
5965 34 27248 125 1314 358 39091 28 32352 147 58402
5965 34 27248 125 1314 358 39091 28 32352 398 58402
5965 34 27248 125 1314 358 39091 28 14562 6 58402
5965 34 27248 125 1314 358 39091 28 28896 147 58402
5965 34 27248 125 1314 358 39091 28 28896 398 58402
5965 34 27248 125 1314 358 39091 28 6671 6 58402
5965 34 27248 125 1314 358 39091 28 2919 147 58402
5965 34 27248 125 1314 358 39091 28 19699 6 58402
5965 34 27248 125 1314 358 39091 28 16777 6 58402
5965 34 27248 125 1314 358 39091 28 16777 147 58402
5965 34 27248 125 1314 358 39091 28 16777 398 58402
5965 34 27248 125 1314 358 39091 28 74503 6 58402
5965 34 27248 125 1314 358 39091 28 42784 147 58402
5965 34 27248 125 1314 358 39091 28 68809 147 58402
5965 34 27248 125 1314 358 39091 28 70371 6 58402
5965 34 27248 125 1314 358 39091 28 67302 147 58402
5965 34 27248 125 1314 358 39091 28 73957 147 58402
5965 34 27248 125 1314 358 39091 28 35748 6 58402
5965 34 27248 125 1314 358 39091 28 5900 6 58402
5965 34 27248 125 1314 358 39091 28 34862 356 58402
5965 34 27248 125 1314 358 39091 28 75461 356 58402
5965 34 27248 125 1314 358 39091 28 30279 356 58402
5965 34 27248 125 1314 358 39091 28 11871 6 58402
5965 34 27248 125 1314 358 39091 28 714 6 58402
5965 34 27248 125 1314 358 39091 28 38228 6 58402
5965 34 27248 125 1314 358 39091 28 52599 6 58402
5965 34 27248 125 1314 358 39091 28 47604 6 58402
5965 34 27248 125 1314 358 39091 28 47604 398 58402
5965 34 27248 125 1314 358 39091 28 73414 6 58402
5965 34 27248 125 1314 358 39091 28 31655 6 58402
5965 34 27248 125 1314 358 39091 28 40444 6 58402
5965 34 27248 125 1314 358 39091 28 32003 6 58402
5965 34 27248 125 1314 358 39091 28 51138 6 58402
5965 34 27248 125 1314 358 39091 28 47319 6 58402
5965 34 27248 125 1314 358 39091 28 40716 6 58402
5965 34 27248 125 1314 358 39091 28 40716 398 58402
5965 34 27248 125 1314 358 39091 28 26017 6 58402
5965 34 27248 125 1314 358 39091 28 5795 6 58402
5965 34 27248 125 1314 358 39091 28 4922 6 58402
5965 34 27248 125 1314 358 39091 28 4922 398 58402
5965 34 27248 125 1314 358 39091 28 25725 6 58402
5965 34 27248 125 1314 358 39091 28 25724 6 58402
5965 34 27248 125 1314 358 39091 28 25724 398 58402
5965 34 27248 125 1314 358 39091 28 31576 6 58402
5965 34 27248 125 1314 358 39091 28 22598 6 58402
5965 34 27248 125 1314 358 39091 28 36212 6 58402
5965 34 27248 125 1314 358 39091 28 42980 6 58402
5965 34 27248 125 1314 358 39091 28 15651 6 58402
5965 34 27248 125 1314 358 39091 28 16543 356 58402
5965 34 27248 125 1314 358 39091 28 53750 6 58402
5965 34 27248 125 1314 358 39091 28 23321 6 58402
5965 34 27248 125 1314 358 39091 28 41255 6 58402
5965 34 27248 125 1314 358 39091 28 34447 356 58402
5965 34 27248 125 1314 358 39091 28 39148 6 58402
5965 34 27248 125 1314 358 39091 28 4048 6 58402
5965 34 27248 125 1314 358 39091 28 55577 356 58402
5965 34 27248 125 1314 358 39091 28 55569 6 58402
5965 34 27248 125 1314 358 39091 28 16123 6 58402
5965 34 27248 125 1314 358 39091 28 34610 6 58402
5965 34 27248 125 1314 358 39091 28 17878 6 58402
5965 34 27248 125 1314 358 39091 28 17878 398 58402
5965 34 27248 125 1314 358 39091 28 22273 6 58402
5965 34 27248 125 1314 358 39091 28 59661 6 58402
5965 34 27248 125 1314 358 39091 28 16654 6 58402
5965 34 27248 125 1314 358 39091 28 50685 6 58402
5965 34 27248 125 1314 358 39091 28 29171 6 58402
5965 34 27248 125 1314 358 39091 28 29456 6 58402
5965 34 27248 125 1314 358 39091 28 3011 398 58402
5965 34 27248 125 1314 358 39091 28 46066 356 58402
5965 34 27248 125 1314 358 39091 28 20232 6 58402
5965 34 27248 125 1314 358 39091 28 46390 6 58402
5965 34 27248 125 1314 358 39091 28 49624 6 58402
5965 34 27248 125 1314 358 39091 28 57059 6 58402
5965 34 27248 125 1314 358 39091 28 9026 6 58402
5965 34 27248 125 1314 358 39091 28 71804 6 58402
5965 34 27248 125 1314 358 39091 28 47198 6 58402
5965 34 27248 125 1314 358 39091 28 15862 6 58402
5965 34 27248 125 1314 358 39091 28 31184 6 58402
5965 34 27248 125 1314 358 39091 28 55068 6 58402
5965 34 27248 125 1314 358 39091 28 24159 6 58402
5965 34 27248 125 1314 358 39091 28 68789 6 58402
5965 34 27248 125 1314 358 39091 28 24782 6 58402
5965 34 27248 125 1314 358 39091 28 38601 6 58402
5965 34 27248 125 1314 358 39091 28 7688 6 58402
5965 34 27248 125 1314 358 39091 28 57559 6 58402
5965 34 27248 125 1314 358 39091 28 8242 6 58402
5965 34 27248 125 1314 358 39091 28 48751 6 58402
5965 34 27248 125 1314 358 39091 28 43630 6 58402
5965 34 27248 125 1314 358 39091 28 16496 6 58402
5965 34 27248 125 1314 358 39091 28 17529 6 58402
5965 34 27248 125 1314 358 39091 28 51231 6 58402
5965 34 27248 125 1314 358 39091 28 9668 6 58402
5965 34 27248 125 1314 358 39091 28 9668 398 58402
5965 34 27248 125 1314 358 39091 28 64301 6 58402
5965 34 27248 125 1314 358 39091 28 64301 398 58402
5965 34 27248 125 1314 358 39091 28 66884 6 58402
5965 34 27248 125 1314 358 39091 28 19249 6 58402
5965 34 27248 125 1314 358 39091 28 1609 6 58402
5965 34 27248 125 1314 358 39091 28 1609 398 58402
5965 34 27248 125 1314 358 39091 28 28639 6 58402
5965 34 27248 125 1314 358 39091 28 28639 398 58402
5965 34 27248 125 1314 358 39091 28 63260 6 58402
5965 34 27248 125 1314 358 39091 28 42468 6 58402
5965 34 27248 125 1314 358 39091 28 42468 398 58402
5965 34 27248 125 1314 358 39091 28 74795 6 58402
5965 34 27248 125 1314 358 39091 28 42994 6 58402
5965 34 27248 125 1314 358 39091 28 43965 6 58402
5965 34 27248 125 1314 358 39091 28 43965 398 58402
5965 34 27248 125 1314 358 39091 28 17316 356 58402
5965 34 27248 125 1314 358 39091 28 40599 6 58402
5965 34 27248 125 1314 358 39091 28 40599 398 58402
5965 34 27248 125 1314 358 39091 28 35650 6 58402
5965 34 27248 125 1314 358 39091 28 16310 6 58402
5965 34 27248 125 1314 358 39091 28 65298 6 58402
5965 34 27248 125 1314 358 39091 28 11533 6 58402
5965 34 27248 125 1314 358 39091 6 26961 203 58402
5965 34 27248 125 1314 358 39091 6 24711 203 58402
5965 34 27248 125 1314 358 39091 303 14241 268 58402
5965 34 27248 125 1314 129 67873 373 61242 6 58402
5965 34 27248 125 1314 129 67873 373 61242 398 58402
5965 34 27248 125 1314 129 67873 373 709 398 58402
5965 34 27248 125 1314 129 67873 373 35812 6 58402
5965 34 27248 125 1314 129 67873 373 44260 6 58402
5965 34 27248 125 1314 129 67873 373 68017 6 58402
5965 34 27248 125 1314 129 67873 373 323 6 58402
5965 34 27248 125 1314 129 67873 373 16097 6 58402
5965 34 27248 125 1314 129 67873 373 2789 6 58402
5965 34 27248 125 1314 129 67873 373 2359 6 58402
5965 34 27248 125 1314 129 67873 373 37012 6 58402
5965 34 27248 125 1314 129 67873 373 27321 6 58402
5965 34 27248 125 1314 129 67873 373 27321 398 58402
5965 34 27248 125 1314 129 67873 192 58232 6 58402
5965 34 27248 125 1314 129 67873 192 67022 6 58402
5965 34 27248 125 1314 129 67873 192 409 6 58402
5965 34 27248 125 1314 129 67873 192 19347 6 58402
5965 34 27248 125 1314 129 67873 192 61186 398 58402
5965 34 27248 125 1314 129 67873 192 32973 398 58402
5965 34 27248 125 1314 129 67873 192 32983 6 58402
5965 34 27248 125 1314 129 67873 192 14719 6 58402
5965 34 27248 125 1314 129 67873 192 53225 6 58402
5965 34 27248 125 1314 129 67873 192 68202 398 58402
5965 34 27248 125 1314 129 67873 192 54323 6 58402
5965 34 27248 125 1314 129 67873 192 26460 6 58402
5965 34 27248 125 1314 129 67873 192 14774 356 58402
5965 34 27248 125 1314 129 67873 192 73497 6 58402
5965 34 27248 125 1314 129 67873 192 47989 398 58402
5965 34 27248 125 1314 129 67873 192 25716 6 58402
5965 34 27248 125 1314 129 67873 192 43302 6 58402
5965 34 27248 125 1314 129 67873 192 55763 6 58402
5965 34 27248 125 1314 129 67873 192 31774 6 58402
5965 34 27248 125 1314 129 67873 192 28407 6 58402
5965 34 27248 125 1314 129 67873 192 74369 6 58402
5965 34 27248 125 1314 129 67873 192 36864 398 58402
5965 34 27248 125 1314 129 67873 192 2321 6 58402
5965 34 27248 125 1314 129 67873 192 60118 6 58402
5965 34 27248 125 1314 129 67873 192 57412 398 58402
5965 34 27248 125 1314 129 67873 192 48652 6 58402
5965 34 27248 125 1314 129 67873 192 39675 398 58402
5965 34 27248 125 1314 129 67873 192 17993 398 58402
5965 34 27248 125 1314 129 67873 192 53858 6 58402
5965 34 27248 125 1314 129 67873 192 43226 398 58402
5965 34 27248 125 1314 129 67873 192 10331 6 58402
5965 34 27248 125 1314 129 67873 192 4529 6 58402
5965 34 27248 125 1314 129 67873 192 52431 398 58402
5965 34 27248 125 1314 129 67873 192 69885 6 58402
5965 34 27248 125 1314 129 67873 192 69885 398 58402
5965 34 27248 125 1314 129 67873 192 64882 6 58402
5965 34 27248 125 1314 129 67873 192 28968 6 58402
5965 34 27248 125 1314 129 67873 192 8818 6 58402
5965 34 27248 125 1314 129 67873 192 38147 356 58402
5965 34 27248 125 1314 129 67873 192 38646 6 58402
5965 34 27248 125 1314 129 67873 192 47196 6 58402
5965 34 27248 125 1314 129 67873 192 60804 6 58402
5965 34 27248 125 1314 129 67873 192 15774 6 58402
5965 34 27248 125 1314 129 67873 192 69390 398 58402
5965 34 27248 125 1314 129 67873 192 70620 6 58402
5965 34 27248 125 1314 129 67873 192 30209 356 58402
5965 34 27248 125 1314 129 67873 192 37380 6 58402
5965 34 27248 125 1314 129 67873 192 75290 6 58402
5965 34 27248 125 1314 129 67873 192 39394 6 58402
5965 34 27248 125 1314 129 67873 192 7767 6 58402
5965 34 27248 125 1314 129 67873 192 31806 6 58402
5965 34 27248 125 1314 129 67873 192 46625 6 58402
5965 34 27248 125 1314 129 67873 192 43984 6 58402
5965 34 27248 252 51420 75 38944 315 34230 398 58402
5965 34 27248 252 51420 75 38944 315 69960 203 58402
5965 34 27248 252 51420 75 29427 385 54168 254 58402
5965 34 27248 252 51420 75 29427 126 47491 336 58402
5965 34 27248 252 51420 75 29427 290 44438 255 58402
5965 34 27248 252 19933 277 68334 31 66085 255 58402
5965 34 27248 259 53540 68 9490 126 66330 356 58402
5965 34 27248 259 15619 68 72028 126 68237 6 58402
5965 34 27248 259 15619 68 72028 126 68237 147 58402
5965 34 27248 252 51420 75 69092 114 49761 213 51108 121 58402
5965 34 27248 252 51420 75 4148 249 64632 214 46347 121 58402
5965 34 27248 252 51420 75 29427 290 11701 385 14041 141 58402
5965 34 27248 252 51420 75 29427 290 58098 372 64621 130 58402
5965 34 27248 252 51420 75 29427 290 58098 372 64621 141 58402
5965 34 27248 252 51420 75 29427 188 65280 230 22545 15 58402
5965 34 27248 252 51420 75 29427 188 65280 230 22545 193 58402
5965 34 27248 252 51420 75 29427 188 65280 230 73691 15 58402
5965 34 27248 252 51420 75 29427 188 65280 230 73691 193 58402
5965 34 27248 252 51420 75 29427 188 65280 230 7475 193 58402
5965 34 27248 252 51420 75 29427 188 65280 230 7475 141 58402
5965 34 27248 252 51420 75 29427 188 65280 230 36653 193 58402
5965 34 27248 252 51420 75 29427 188 65280 230 4190 15 58402
5965 34 27248 252 51420 75 29427 188 65280 230 4190 193 58402
5965 34 27248 252 51420 75 29427 188 65280 230 4190 141 58402
5965 34 27248 252 51420 75 29427 188 65280 230 21719 193 58402
5965 34 27248 252 51420 75 29427 188 65280 230 21719 141 58402
5965 34 27248 252 19933 64 13437 85 17058 214 38741 121 58402
5965 34 27248 252 19933 277 65857 31 58961 385 2338 141 58402
5965 34 27248 252 19933 277 9044 26 6394 337 63134 357 58402
5965 34 27248 252 19933 75 21109 155 68181 126 41139 356 58402
5965 34 27248 259 53540 68 15060 26 4713 385 61257 141 58402
5965 34 27248 259 53540 68 15060 26 4713 230 26956 193 58402
5965 34 27248 252 51420 75 38944 315 38128 141 20749 385 70288 15 58402
5965 34 27248 252 51420 75 38944 315 38128 141 20749 385 70288 193 58402
5965 34 27248 259 53540 68 22041 290 15150 164 68078 15 19570 356 58402
5965 34 27248 252 51420 75 29427 188 65280 230 36653 296 52818 99 4221 141 58402
5965 34 27248 252 51420 75 29427 188 65280 230 36653 296 52818 99 4221 15 58402
5965 34 27248 259 53540 18 65543 322 75089 5 42881 217 9092 5 74560 217 14055 6 58402
