63319 15 44022
63319 398 44022
63319 15 38128 382 2748 6 44022
63319 15 38128 217 9911 5 44022
63319 15 38128 80 38944 315 44022
63319 15 38128 80 38944 91 44022
63319 15 38128 379 1483 88 44022
63319 15 38128 85 17058 112 44022
63319 15 38128 85 17058 191 44022
63319 15 38128 85 64632 112 44022
63319 15 38128 85 64632 191 44022
63319 15 38128 141 31011 164 44022
63319 15 69304 217 17518 5 44022
63319 15 69304 296 1819 99 44022
63319 15 69304 85 73193 112 44022
63319 15 69304 265 19933 64 44022
63319 15 10519 117 3580 334 44022
63319 398 66979 330 72713 42 44022
63319 300 62434 211 21356 385 44022
63319 15 38128 104 69092 294 27894 64 44022
63319 300 62434 211 72687 85 41363 191 44022
63319 15 38128 15 70550 256 48065 374 13535 191 44022
63319 15 38128 15 70550 256 48065 374 13535 112 44022
63319 15 38128 382 2748 6 15254 85 43156 112 44022
63319 15 38128 382 2748 6 71797 85 20225 112 44022
63319 15 38128 382 2748 6 71797 85 20225 191 44022
