63319 15 65877
63319 398 65877
63319 15 38128 382 2748 6 65877
63319 15 38128 217 9911 5 65877
63319 15 38128 80 38944 315 65877
63319 15 38128 80 38944 91 65877
63319 15 38128 85 17058 112 65877
63319 15 38128 85 17058 191 65877
63319 15 38128 85 64632 112 65877
63319 15 38128 85 64632 191 65877
63319 15 38128 141 31011 164 65877
63319 15 44022 217 17518 5 65877
63319 15 44022 296 1819 99 65877
63319 15 44022 265 19933 64 65877
63319 15 38128 80 38944 32 67410 64 65877
63319 15 38128 85 64632 249 20622 112 65877
63319 15 38128 104 69092 294 40417 64 65877
63319 15 44022 265 19933 20 69954 64 65877
63319 398 28806 6 68848 356 11701 385 65877
63319 398 28806 6 68848 356 11701 398 65877
63319 300 62434 211 53751 255 10592 230 65877
63319 15 38128 217 9911 5 56943 85 48715 112 65877
63319 300 62434 211 20610 382 62397 358 36619 28 65877
63319 398 28806 6 68848 356 11701 385 60808 217 7806 385 65877
