63319 15 26509
63319 398 26509
63319 15 38128 382 2748 6 26509
63319 15 38128 80 38944 315 26509
63319 15 38128 80 38944 91 26509
63319 15 38128 85 17058 112 26509
63319 15 38128 85 17058 191 26509
63319 15 38128 85 64632 112 26509
63319 15 38128 85 64632 191 26509
63319 15 44022 117 3580 334 26509
63319 15 10519 384 70778 123 26509
63319 15 38128 80 38944 315 4901 73 26509
63319 15 38128 80 38944 315 4901 386 26509
63319 15 38128 80 38944 315 28684 386 26509
63319 15 38128 80 38944 315 28684 73 26509
63319 15 45970 296 20492 99 21195 66 26509
63319 398 15252 67 19702 296 73136 99 26509
