63319 15 69304
63319 398 69304
63319 382 69304
63319 15 38128 382 2748 6 69304
63319 15 38128 217 9911 5 69304
63319 15 38128 80 38944 315 69304
63319 15 38128 80 38944 91 69304
63319 15 38128 379 1483 88 69304
63319 15 38128 85 17058 112 69304
63319 15 38128 85 17058 191 69304
63319 15 38128 85 64632 112 69304
63319 15 38128 85 64632 191 69304
63319 15 38128 141 31011 164 69304
63319 15 44022 217 17518 5 69304
63319 15 44022 296 1819 99 69304
63319 15 44022 85 73193 112 69304
63319 15 44022 265 19933 64 69304
63319 15 45970 147 37898 164 69304
63319 300 62434 211 15756 339 30796 64 69304
63319 15 38128 217 9911 5 52094 265 9243 64 69304
