63319 15 9678
63319 398 9678
63319 15 38128 382 2748 6 9678
63319 15 38128 217 9911 5 9678
63319 15 38128 85 17058 112 9678
63319 15 38128 85 17058 191 9678
63319 15 38128 85 64632 112 9678
63319 15 38128 85 64632 191 9678
63319 15 38128 374 19769 112 9678
63319 15 38128 265 60841 64 9678
63319 15 38128 141 31011 164 9678
63319 15 44022 217 17518 5 9678
63319 15 44022 117 3580 334 9678
63319 15 44022 265 19933 64 9678
63319 15 74492 37 22668 91 9678
63319 15 44680 296 48786 99 9678
63319 398 15252 80 24879 315 9678
63319 300 62434 211 48050 64 9678
63319 15 38128 15 70550 300 59812 211 9678
63319 15 38128 80 38944 315 54965 281 9678
63319 15 38128 80 38944 315 63292 14 9678
63319 15 38128 80 38944 315 63292 27 9678
63319 15 44022 265 19933 161 56340 64 9678
63319 398 28806 6 1444 297 6003 64 9678
63319 15 38128 85 17058 214 9086 158 32880 112 9678
