63319 15 38128
63319 398 38128
63319 398 28806 6 38128
63319 300 62434 211 38128
63319 15 44022 147 31011 385 38128
63319 15 44022 382 2748 6 38128
63319 15 44022 217 9911 5 38128
63319 15 44022 80 38944 315 38128
63319 15 44022 80 38944 91 38128
63319 15 44022 379 1483 88 38128
63319 15 44022 85 17058 112 38128
63319 15 44022 85 17058 191 38128
63319 15 44022 85 64632 112 38128
63319 15 44022 85 64632 191 38128
63319 15 10519 35 60073 372 38128
63319 15 10519 35 60073 396 38128
63319 15 1293 265 60841 64 38128
63319 15 9678 85 19769 191 38128
63319 398 28806 6 14736 385 38128
63319 398 28806 383 69092 142 38128
63319 382 10141 6 59072 6 38128
63319 382 10141 6 32864 15 38128
63319 382 10141 6 32864 6 38128
63319 382 10141 6 70550 15 38128
63319 382 10141 6 70550 6 38128
63319 382 10141 6 70550 398 38128
63319 382 10141 6 12035 6 38128
63319 382 10141 6 12035 385 38128
63319 382 10141 6 39896 15 38128
63319 382 10141 6 39896 6 38128
63319 382 10141 6 39896 398 38128
63319 382 10141 6 28376 398 38128
63319 382 10141 6 44869 15 38128
63319 382 10141 6 44869 6 38128
63319 382 10141 6 68855 6 38128
63319 382 10141 369 63974 271 38128
63319 382 10141 369 63974 385 38128
63319 382 10141 369 20905 6 38128
63319 300 62434 211 66245 385 38128
63319 300 62434 211 52920 385 38128
63319 300 62434 211 599 15 38128
63319 15 44022 217 17518 5 52008 15 38128
63319 15 44022 217 17518 5 52008 6 38128
63319 15 44534 105 52734 172 11658 385 38128
63319 15 44534 105 52734 172 11658 398 38128
63319 15 44534 105 52734 382 17727 6 38128
63319 15 44534 75 6067 151 69931 64 38128
63319 15 10519 35 60073 342 28644 6 38128
63319 15 10519 35 60073 342 21632 252 38128
63319 15 10519 35 60073 342 21632 28 38128
63319 15 10519 35 60073 342 21632 151 38128
63319 15 10519 35 60073 342 21632 396 38128
63319 15 10519 35 60073 382 8039 6 38128
63319 15 10519 35 60073 102 29897 6 38128
63319 15 10519 35 60073 266 39181 6 38128
63319 15 10519 35 60073 303 28772 6 38128
63319 15 10519 35 60073 303 28772 277 38128
63319 15 10519 35 60073 303 28772 28 38128
63319 15 45970 296 20492 99 45713 15 38128
63319 15 9678 300 59812 211 10306 271 38128
63319 15 9678 300 59812 211 5256 385 38128
63319 398 28806 6 1444 383 29827 64 38128
63319 398 28806 6 14736 385 75055 15 38128
63319 398 28806 6 14736 385 75055 6 38128
63319 398 28806 6 14736 105 42173 385 38128
63319 398 28806 6 14736 105 7417 6 38128
63319 398 28806 383 69092 294 59433 6 38128
63319 398 28806 75 33054 277 40018 6 38128
63319 398 28806 75 33054 277 73145 6 38128
63319 398 28806 75 33054 277 48224 6 38128
63319 398 28806 75 33054 277 30522 6 38128
63319 398 28806 75 33054 252 4399 6 38128
63319 398 28806 75 33054 252 31066 6 38128
63319 398 28806 105 27339 172 12246 6 38128
63319 398 28806 105 27339 172 12246 398 38128
63319 398 28806 332 29065 31 15024 6 38128
63319 398 28806 332 29065 31 1823 15 38128
63319 398 28806 332 29065 31 1823 6 38128
63319 398 28806 332 29065 31 26151 6 38128
63319 398 28806 332 29065 31 15471 6 38128
63319 398 28806 332 29065 31 41162 6 38128
63319 398 28806 332 29065 31 23393 6 38128
63319 398 28806 256 54168 254 20749 385 38128
63319 398 28806 256 54168 254 14297 164 38128
63319 382 10141 6 59072 203 27108 385 38128
63319 382 10141 6 28376 382 65553 6 38128
63319 382 10141 6 28376 382 65553 277 38128
63319 382 10141 6 28376 382 65553 151 38128
63319 382 10141 369 63974 271 586 6 38128
63319 382 61075 332 65853 31 24596 6 38128
63319 382 61075 332 29064 31 26339 6 38128
63319 300 62434 211 53751 255 69443 6 38128
63319 300 62434 211 37302 256 55887 15 38128
63319 300 62434 211 37302 256 55887 6 38128
63319 300 62434 211 37302 256 55887 398 38128
63319 15 44022 382 2748 332 29052 31 7103 15 38128
63319 15 44022 382 2748 332 29052 31 7103 6 38128
63319 15 44022 382 2748 332 40313 31 17875 15 38128
63319 15 44022 382 2748 332 40313 31 17875 6 38128
63319 15 44022 382 2748 332 40313 31 17875 398 38128
63319 15 44022 330 72713 194 70065 239 26569 385 38128
63319 15 44022 330 72713 194 70065 239 26569 398 38128
63319 15 44022 217 9911 5 47560 296 30382 99 38128
63319 15 44022 217 9911 5 6983 6 22928 398 38128
63319 15 44022 217 9911 5 6983 6 22928 382 38128
63319 15 44022 217 17518 5 52008 15 32129 398 38128
63319 15 44022 217 17518 5 52008 15 32129 382 38128
63319 15 44022 217 17518 5 52008 141 73982 385 38128
63319 15 44022 85 20225 116 41876 23 53219 112 38128
63319 15 44022 141 21356 143 37487 113 1334 15 38128
63319 15 44022 141 21356 143 37487 113 1334 398 38128
63319 15 44534 75 6067 32 23798 75 322 6 38128
63319 15 44534 75 6067 32 23798 75 322 385 38128
63319 15 44534 75 6067 32 23798 75 322 398 38128
63319 15 74492 37 22668 91 31083 217 29947 5 38128
63319 398 28806 256 54168 254 6576 356 51294 271 38128
63319 398 28806 256 54168 254 6576 356 51294 385 38128
63319 15 44534 105 52734 172 52103 398 5135 358 42522 6 38128
