38348 396 54516
38348 300 62434 211 73460 396 54516
38348 300 62434 211 65908 396 54516
38348 300 62434 211 9561 396 54516
38348 300 62434 211 1444 396 54516
38348 300 62434 211 65174 396 54516
38348 300 62434 211 53751 396 54516
38348 300 62434 211 58804 396 54516
38348 300 62434 211 71525 396 54516
38348 300 62434 211 34266 396 54516
38348 300 62434 211 36865 396 54516
38348 300 62434 211 37302 396 54516
38348 300 62434 211 11794 396 54516
38348 300 62434 211 1105 396 54516
38348 300 62434 211 18597 396 54516
38348 300 62434 211 32131 396 54516
38348 300 62434 211 47724 396 54516
38348 300 62434 211 15756 396 54516
38348 300 62434 211 7339 396 54516
38348 300 62434 211 59259 396 54516
38348 300 62434 211 26159 396 54516
38348 213 58833 121 64880 396 54516
38348 213 58833 121 6593 396 54516
38348 213 58833 121 73831 396 54516
38348 213 58833 121 54994 396 54516
38348 300 62434 211 38128 141 31011 396 54516
38348 300 62434 211 38128 141 14736 396 54516
38348 300 62434 211 26537 358 22277 396 54516
38348 300 62434 211 1444 383 19933 396 54516
38348 300 62434 211 24058 196 4148 396 54516
38348 300 62434 211 28806 15 56677 396 54516
38348 300 62434 211 28806 6 38725 396 54516
38348 300 62434 211 53175 119 25720 396 54516
38348 300 62434 211 65931 103 74546 396 54516
38348 300 62434 252 33054 252 41154 396 54516
38348 213 58833 121 72858 397 32937 396 54516
38348 300 62434 211 44667 300 59812 211 43523 396 54516
38348 300 62434 211 72079 332 65853 31 19930 396 54516
38348 300 62434 211 72079 297 61222 231 37151 396 54516
38348 300 62434 211 10831 143 69742 113 69561 396 54516
38348 300 62434 211 29285 143 67171 113 56999 396 54516
38348 300 62434 211 65908 396 58146 35 61127 396 54516
