56677 396 54516
56677 398 28806 15 1105 396 54516
56677 398 28806 6 1444 396 54516
56677 398 28806 6 14736 396 54516
56677 398 28806 6 38725 396 54516
56677 398 28806 6 47724 396 54516
56677 143 69742 113 65174 396 54516
56677 143 69742 113 69561 396 54516
56677 396 58146 35 65908 396 54516
56677 396 58146 35 31011 396 54516
56677 396 58146 35 61127 396 54516
56677 396 58146 35 15756 396 54516
56677 396 58146 35 7339 396 54516
56677 398 28806 6 1444 383 19933 396 54516
56677 398 28806 6 1444 114 18597 396 54516
56677 398 28806 6 47724 282 64880 396 54516
56677 398 28806 6 47724 282 73460 396 54516
56677 398 28806 6 47724 282 58804 396 54516
56677 398 28806 6 47724 282 22277 396 54516
56677 398 28806 383 69092 75 53751 396 54516
56677 398 28806 383 69092 114 9561 396 54516
56677 398 28806 383 69092 114 32131 396 54516
56677 398 28806 383 69092 294 26159 396 54516
56677 398 28806 383 69092 294 32937 396 54516
56677 398 28806 383 69092 294 59259 396 54516
56677 398 28806 383 69092 294 11794 396 54516
56677 398 28806 383 69092 277 4148 396 54516
56677 398 28806 75 33054 277 34266 396 54516
56677 398 28806 75 33054 277 25720 396 54516
56677 398 28806 75 33054 252 41154 396 54516
56677 398 28806 252 6067 151 73831 396 54516
56677 398 28806 102 46685 359 74546 396 54516
56677 398 28806 300 62434 211 38348 396 54516
56677 398 28806 300 62434 211 71525 396 54516
56677 398 28806 300 62434 211 36865 396 54516
56677 398 28806 300 62434 211 37302 396 54516
56677 398 28806 332 29065 31 19930 396 54516
56677 398 28806 151 41897 252 54994 396 54516
56677 398 28806 15 1105 143 67171 113 56999 396 54516
56677 398 28806 6 1444 297 61222 231 37151 396 54516
56677 398 28806 151 41897 277 72595 369 6593 396 54516
56677 143 69742 113 30884 300 59812 211 43523 396 54516
