56677 396 58146
56677 398 28806 15 1105 396 58146
56677 398 28806 6 38366 396 58146
56677 398 28806 6 1444 396 58146
56677 398 28806 6 14736 396 58146
56677 398 28806 6 6313 396 58146
56677 398 28806 6 38725 396 58146
56677 398 28806 6 68848 396 58146
56677 398 28806 6 47724 396 58146
56677 143 69742 113 67649 396 58146
56677 143 69742 113 69561 396 58146
56677 396 54516 35 65908 396 58146
56677 396 54516 35 31011 396 58146
56677 396 54516 35 61127 396 58146
56677 396 54516 35 15756 396 58146
56677 396 54516 35 7339 396 58146
56677 398 28806 75 33054 369 25489 277 69704 359 58146
