64880 396 54516
64880 397 47724 396 54516
64880 332 65857 31 73460 396 54516
64880 332 65857 31 65908 396 54516
64880 332 65857 31 1444 396 54516
64880 332 65857 31 14736 396 54516
64880 332 65857 31 65174 396 54516
64880 332 65857 31 58804 396 54516
64880 332 65857 31 19930 396 54516
64880 332 65857 31 34266 396 54516
64880 332 65857 31 37302 396 54516
64880 332 65857 31 32937 396 54516
64880 332 65857 31 26159 396 54516
64880 332 65857 369 19933 396 54516
64880 332 10045 31 54994 396 54516
64880 332 65855 31 71525 396 54516
64880 213 58833 121 38348 396 54516
64880 213 58833 121 6593 396 54516
64880 213 58833 121 53751 396 54516
64880 213 58833 121 73831 396 54516
64880 397 59413 282 22277 396 54516
64880 397 59413 237 15756 396 54516
64880 369 73592 358 9561 396 54516
64880 303 7846 114 18597 396 54516
64880 385 54168 254 31011 396 54516
64880 385 54168 254 1105 396 54516
64880 332 65857 31 72079 373 36865 396 54516
64880 332 65857 31 30109 303 41154 396 54516
64880 332 65857 31 26869 34 32131 396 54516
64880 332 65857 31 4598 103 74546 396 54516
64880 332 65857 31 29427 32 4148 396 54516
64880 332 65857 31 38325 93 11794 396 54516
64880 332 65857 31 56435 93 37151 396 54516
64880 332 65857 31 11708 93 7339 396 54516
64880 332 65857 151 33054 277 25720 396 54516
64880 332 10045 252 69092 294 59259 396 54516
64880 397 47724 382 28806 15 56677 396 54516
64880 397 47724 382 28806 6 38725 396 54516
64880 397 47724 396 58146 35 69561 396 54516
64880 397 47724 396 58146 35 61127 396 54516
64880 332 65857 31 30490 300 59812 211 43523 396 54516
64880 332 65857 31 75306 143 67171 113 56999 396 54516
