18645 102 46685
18645 147 34351 164 58806 102 46685
18645 147 34351 102 4050 102 46685
18645 147 34351 102 33635 102 46685
18645 105 27339 172 39059 102 46685
18645 105 27339 172 63489 102 46685
18645 105 27339 172 17020 102 46685
18645 105 27339 172 34324 102 46685
18645 105 27339 172 40266 102 46685
18645 105 27339 172 26983 102 46685
18645 105 27339 172 7747 102 46685
18645 105 27339 172 59061 102 46685
18645 105 27339 172 47194 102 46685
18645 105 27339 172 44597 102 46685
18645 105 27339 172 28806 102 46685
18645 105 27339 172 28376 102 46685
18645 105 27339 105 3737 102 46685
18645 102 5767 359 30973 102 46685
18645 102 5767 359 65917 102 46685
18645 102 60885 359 58853 102 46685
18645 102 60885 359 69743 102 46685
18645 102 60885 359 623 102 46685
18645 102 60885 359 37978 102 46685
18645 102 60885 359 8297 102 46685
18645 102 60885 359 66747 102 46685
18645 102 60885 359 71837 102 46685
18645 102 60885 359 2364 102 46685
18645 102 36156 359 65174 102 46685
18645 102 36156 359 19259 102 46685
18645 102 36156 359 59913 102 46685
18645 102 36156 359 3291 102 46685
18645 102 36156 359 1524 102 46685
18645 143 69742 113 43445 102 46685
18645 143 69742 113 71294 102 46685
18645 143 69742 113 54052 102 46685
18645 143 69742 113 56300 102 46685
18645 143 69742 113 73300 102 46685
18645 143 69742 113 51172 102 46685
18645 143 69742 113 59754 102 46685
18645 143 69742 113 52492 102 46685
18645 143 69742 113 29358 102 46685
18645 143 69742 113 49565 102 46685
18645 143 69742 113 16381 102 46685
18645 143 69742 113 54091 102 46685
18645 143 69742 113 17309 102 46685
18645 143 69742 113 63472 102 46685
18645 143 69742 113 49761 102 46685
18645 172 63771 172 9561 102 46685
18645 172 63771 172 1056 102 46685
18645 172 63771 172 65931 102 46685
18645 147 34351 164 58806 321 24058 102 46685
18645 147 34351 105 52734 172 63685 102 46685
18645 147 34351 105 52734 172 68258 102 46685
18645 147 34351 105 52734 105 63359 102 46685
18645 147 34351 105 52734 105 32644 102 46685
18645 147 34351 102 4861 359 6934 102 46685
18645 147 34351 102 4861 359 17922 102 46685
18645 147 34351 102 4861 359 12507 102 46685
18645 147 34351 256 54168 254 20470 102 46685
18645 147 34351 256 54168 254 11652 102 46685
18645 147 34351 256 54168 254 15994 102 46685
18645 147 34351 256 54168 254 70550 102 46685
18645 147 34351 256 54168 254 366 102 46685
18645 147 34351 256 54168 254 75212 102 46685
18645 147 34351 256 54168 254 19766 102 46685
18645 147 34351 256 54168 254 61481 102 46685
18645 147 34351 256 54168 254 52577 102 46685
18645 147 34351 256 54168 254 73239 102 46685
18645 147 34351 256 54168 254 54333 102 46685
18645 147 34351 256 54168 141 15927 102 46685
18645 147 34351 383 69092 114 3533 102 46685
18645 147 34351 383 69092 294 2871 102 46685
18645 147 34351 383 69092 294 30490 102 46685
18645 105 27339 172 72079 373 19747 102 46685
18645 102 5767 359 30973 102 58630 102 46685
18645 102 5767 359 65917 164 57783 102 46685
18645 102 5767 332 65856 31 14616 102 46685
18645 102 5767 332 65856 31 34555 102 46685
18645 102 5767 332 29064 31 37611 102 46685
18645 102 5767 369 33054 252 45079 102 46685
18645 102 60885 369 53811 151 10174 102 46685
18645 102 60885 369 53811 252 37549 102 46685
18645 102 60885 358 9577 28 682 102 46685
18645 143 69742 113 66245 359 69659 102 46685
18645 143 69742 113 54091 102 46154 102 46685
18645 172 1444 114 18597 164 49910 102 46685
18645 172 1444 114 18597 164 56934 102 46685
18645 172 1444 114 18597 373 5065 102 46685
18645 172 1444 114 18597 373 75020 102 46685
18645 172 1444 300 62434 211 42274 102 46685
18645 172 1444 300 62434 211 46959 102 46685
18645 172 1444 300 62434 211 32430 102 46685
18645 172 1444 300 62434 211 11513 102 46685
18645 172 1444 300 62434 211 50698 102 46685
18645 172 1444 300 62434 211 24245 102 46685
18645 172 1444 396 54516 35 74546 102 46685
18645 147 34351 164 58806 143 37487 113 44453 102 46685
18645 147 34351 102 4861 359 6934 359 45357 102 46685
18645 102 5767 359 30973 102 54334 359 30451 102 46685
