18645 102 5767
18645 147 34351 164 58806 102 5767
18645 102 3405 359 57906 102 5767
18645 102 60885 359 65917 102 5767
18645 102 60885 75 33054 277 5767
18645 102 36156 359 30973 102 5767
18645 102 36156 332 65856 31 5767
18645 102 36156 332 29064 31 5767
18645 102 36156 332 23453 31 5767
18645 147 34351 164 58806 143 66481 29 42543 306 5767
18645 147 34351 102 4861 13 55396 180 28577 71 5767
18645 147 34351 383 69092 294 6714 180 10392 71 5767
18645 102 60885 75 33054 277 24403 29 60746 306 5767
18645 102 60885 75 33054 252 44040 180 67319 71 5767
