18645 102 36156
18645 147 34351 164 58806 102 36156
18645 147 34351 383 69092 294 36156
18645 105 27339 172 40266 102 36156
18645 102 5767 359 30973 102 36156
18645 102 5767 359 65917 102 36156
18645 102 5767 332 65856 31 36156
18645 102 5767 332 23453 31 36156
18645 102 5767 332 29064 31 36156
18645 102 5767 369 33054 277 36156
18645 102 5767 369 33054 151 36156
18645 102 60885 359 71837 102 36156
18645 102 60885 151 41897 32 36156
18645 102 46685 359 65174 102 36156
18645 102 46685 359 19259 102 36156
18645 102 46685 359 59913 102 36156
18645 102 46685 359 3291 102 36156
18645 102 46685 359 1524 102 36156
18645 172 1444 332 1707 31 36156
18645 172 1444 332 10045 31 36156
18645 172 1444 332 1705 31 36156
18645 172 1444 332 65855 31 36156
18645 172 1444 332 65853 31 36156
18645 172 1444 332 65857 31 36156
18645 172 1444 332 65861 31 36156
18645 172 1444 332 29052 31 36156
18645 172 1444 332 29065 31 36156
18645 172 1444 332 29061 31 36156
18645 172 1444 332 32380 31 36156
18645 172 1444 332 68334 31 36156
18645 172 1444 332 68339 31 36156
18645 172 1444 332 68338 31 36156
18645 172 1444 332 68336 31 36156
18645 172 1444 332 40309 31 36156
18645 172 1444 332 40308 31 36156
18645 172 1444 332 40312 31 36156
18645 147 34351 164 58806 332 51356 31 36156
18645 147 34351 164 58806 332 51352 31 36156
18645 147 34351 164 58806 332 7925 31 36156
18645 147 34351 164 58806 332 23446 31 36156
18645 147 34351 164 58806 332 64354 31 36156
18645 147 34351 164 58806 332 74261 31 36156
18645 147 34351 164 58806 332 71984 31 36156
18645 147 34351 164 58806 332 35877 31 36156
18645 147 34351 164 58806 332 59840 31 36156
18645 147 34351 164 58806 332 37605 31 36156
18645 147 34351 164 58806 332 40316 31 36156
18645 147 34351 164 58806 332 56027 31 36156
18645 147 34351 105 52734 172 33419 102 36156
18645 147 34351 105 52734 105 39896 102 36156
