18645 102 60885
18645 147 34351 164 58806 102 60885
18645 147 34351 102 44084 102 60885
18645 147 34351 102 4050 102 60885
18645 147 34351 383 69092 294 60885
18645 105 27339 172 39059 102 60885
18645 105 27339 172 63489 102 60885
18645 105 27339 172 34324 102 60885
18645 105 27339 172 40266 102 60885
18645 105 27339 172 59061 102 60885
18645 105 27339 172 44597 102 60885
18645 105 27339 172 1105 102 60885
18645 105 27339 172 28806 102 60885
18645 105 27339 105 23102 102 60885
18645 102 5767 359 65917 102 60885
18645 102 5767 369 33054 32 60885
18645 102 36156 359 71837 102 60885
18645 102 36156 75 41897 252 60885
18645 102 46685 359 58853 102 60885
18645 102 46685 359 69743 102 60885
18645 102 46685 359 623 102 60885
18645 102 46685 359 37978 102 60885
18645 102 46685 359 8297 102 60885
18645 102 46685 359 66747 102 60885
18645 102 46685 359 2364 102 60885
18645 143 69742 113 13518 102 60885
18645 143 69742 113 11316 102 60885
18645 143 69742 113 3710 102 60885
18645 143 69742 113 13231 102 60885
18645 143 69742 113 13858 102 60885
18645 143 69742 113 56142 102 60885
18645 143 69742 113 1443 102 60885
18645 143 69742 113 39914 102 60885
18645 147 34351 164 58806 369 53811 277 60885
18645 147 34351 383 69092 294 41972 102 60885
18645 105 27339 172 63489 356 29100 102 60885
18645 105 27339 172 60170 358 51607 28 60885
18645 105 27339 172 3592 358 9577 28 60885
18645 105 27339 172 32357 28 73592 358 60885
