29913 102 72517
29913 147 65917 164 63111 102 72517
29913 102 43845 359 22173 102 72517
29913 147 65917 373 25341 359 46062 102 72517
29913 147 65917 373 6934 359 66962 102 72517
29913 147 65917 373 6934 359 61935 102 72517
29913 147 65917 143 69742 113 68072 102 72517
29913 147 65917 143 69742 113 48931 102 72517
29913 147 65917 143 69742 113 12511 102 72517
29913 147 65917 143 69742 113 38143 102 72517
29913 398 23305 300 62434 211 59046 102 72517
29913 398 23305 300 62434 211 53154 102 72517
29913 398 23305 300 62434 211 599 102 72517
29913 102 43845 332 29064 31 51394 102 72517
29913 147 65917 373 6934 332 10045 31 36689 102 72517
29913 147 65917 373 6934 332 23453 31 6228 102 72517
29913 147 65917 373 63489 172 52734 172 20263 102 72517
29913 147 65917 373 63489 143 67171 113 32108 102 72517
29913 147 65917 373 36865 356 18597 164 12919 102 72517
29913 147 65917 102 31724 369 33054 277 3639 102 72517
29913 147 65917 102 31724 369 33054 277 15587 102 72517
29913 147 65917 102 31724 369 33054 277 10750 102 72517
29913 147 65917 102 38570 359 21843 102 16252 359 7563 102 72517
