30689 102 29493
30689 117 19176 334 13590 117 73286 334 32037 202 34480 332 65856 31 29493
30689 117 19176 334 13590 117 73286 334 32037 202 34480 332 65857 31 29493
30689 117 19176 334 13590 117 73286 334 32037 202 34480 332 10045 31 29493
30689 117 19176 334 13590 117 73286 334 32037 202 34480 332 65855 31 29493
30689 117 19176 334 13590 117 73286 334 32037 202 34480 332 1707 31 29493
30689 117 19176 334 13590 117 73286 334 32037 202 34480 332 1705 31 29493
30689 117 19176 334 13590 117 73286 334 32037 202 34480 332 68338 31 29493
30689 117 19176 334 13590 117 73286 334 32037 202 34480 332 68339 31 29493
30689 117 19176 334 13590 117 73286 334 32037 202 34480 332 23444 31 29493
30689 117 19176 334 13590 117 73286 334 32037 202 34480 332 29061 31 29493
30689 117 19176 334 13590 117 73286 334 32037 202 34480 332 29052 31 29493
30689 117 19176 334 13590 117 73286 334 32037 202 34480 332 23453 31 29493
30689 117 19176 334 13590 117 73286 334 32037 202 34480 332 68336 31 29493
30689 117 19176 334 13590 117 73286 334 32037 202 34480 332 29065 31 29493
30689 117 19176 334 13590 117 73286 334 32037 202 34480 332 68337 31 29493
30689 117 19176 334 13590 117 73286 334 32037 202 34480 332 32380 31 29493
30689 117 19176 334 13590 117 73286 334 32037 202 34480 75 69092 151 60308 31 29493
30689 117 19176 334 13590 117 73286 334 32037 202 34480 75 69092 151 12802 31 29493
30689 117 19176 334 13590 117 73286 334 32037 202 34480 75 69092 151 68334 31 29493
30689 117 19176 334 13590 117 73286 334 32037 202 34480 75 69092 151 59840 31 29493
30689 117 19176 334 13590 117 73286 334 32037 202 34480 75 69092 151 40315 31 29493
30689 117 19176 334 13590 117 73286 334 32037 202 34480 75 69092 151 12340 31 29493
30689 117 19176 334 13590 117 73286 334 32037 202 34480 75 69092 151 40318 31 29493
30689 117 19176 334 13590 117 73286 334 32037 202 34480 75 69092 151 35877 31 29493
30689 117 19176 334 13590 117 73286 334 32037 202 34480 75 69092 151 40319 31 29493
30689 117 19176 334 13590 117 73286 334 32037 202 34480 75 69092 277 60309 31 29493
30689 117 19176 334 13590 117 73286 334 32037 202 34480 75 69092 277 60305 31 29493
30689 117 19176 334 13590 117 73286 334 32037 202 34480 75 69092 277 68807 31 29493
30689 117 19176 334 13590 117 73286 334 32037 202 34480 75 69092 277 12805 31 29493
30689 117 19176 334 13590 117 73286 334 32037 202 34480 75 69092 277 12808 31 29493
30689 117 19176 334 13590 117 73286 334 32037 202 34480 75 69092 277 40312 31 29493
30689 117 19176 334 13590 117 73286 334 32037 202 34480 75 69092 277 40308 31 29493
30689 117 19176 334 13590 117 73286 334 32037 202 34480 75 69092 277 51359 31 29493
30689 117 19176 334 13590 117 73286 334 32037 202 34480 75 69092 277 29064 31 29493
30689 117 19176 334 13590 117 73286 334 32037 202 34480 75 69092 277 6058 31 29493
30689 117 19176 334 13590 117 73286 334 32037 202 34480 75 69092 277 54139 31 29493
30689 117 19176 334 13590 117 73286 334 32037 202 34480 75 69092 277 65853 31 29493
30689 117 19176 334 13590 117 73286 334 32037 202 34480 75 69092 75 27162 358 51607 28 29493
30689 117 19176 334 13590 117 73286 334 32037 202 34480 75 69092 75 19515 369 40754 277 29493
30689 117 19176 334 13590 117 73286 334 32037 202 34480 75 69092 75 29174 332 68805 31 29493
30689 117 19176 334 13590 117 73286 334 32037 202 34480 75 69092 75 29174 332 68803 31 29493
30689 117 19176 334 13590 117 73286 334 32037 202 34480 75 69092 75 3650 332 14966 31 29493
30689 117 19176 334 13590 117 73286 334 32037 202 34480 75 69092 75 3650 332 65526 31 29493
30689 117 19176 334 13590 117 73286 334 32037 202 34480 75 69092 75 3650 332 23447 31 29493
30689 117 19176 334 13590 117 73286 334 32037 202 34480 75 69092 75 3650 332 26184 31 29493
30689 117 19176 334 13590 117 73286 334 32037 202 34480 75 69092 75 3650 332 31869 31 29493
30689 117 19176 334 13590 117 73286 334 32037 202 34480 75 69092 75 3650 332 39332 31 29493
30689 117 19176 334 13590 117 73286 334 32037 202 34480 75 69092 75 11708 332 51356 31 29493
30689 117 19176 334 13590 117 73286 334 32037 202 34480 75 69092 294 70550 332 51355 31 29493
30689 117 19176 334 13590 117 73286 334 32037 202 34480 75 69092 294 12956 332 51352 31 29493
30689 117 19176 334 13590 117 73286 334 32037 202 34480 75 69092 294 12956 332 40313 31 29493
30689 117 19176 334 13590 117 73286 334 32037 202 34480 75 69092 294 24058 332 40316 31 29493
30689 117 19176 334 13590 117 73286 334 32037 202 34480 75 69092 294 2851 332 12804 31 29493
30689 117 19176 334 13590 117 73286 334 32037 202 34480 75 69092 294 32937 332 12801 31 29493
30689 117 19176 334 13590 117 73286 334 32037 202 34480 75 69092 294 2527 332 39331 31 29493
30689 117 19176 334 13590 117 73286 334 32037 202 34480 75 69092 294 58806 332 40773 31 29493
30689 117 19176 334 13590 117 73286 334 32037 202 34480 107 29427 252 6067 151 24174 321 50973 196 29493
