34351 102 44084
34351 105 52734 172 44084
34351 105 52734 105 44084
34351 164 18645 102 60885 359 44084
34351 164 18645 143 69742 113 44084
34351 164 58806 105 32690 172 44084
34351 164 58806 105 32690 105 44084
34351 164 58806 143 37487 113 44084
34351 164 58806 300 62434 211 44084
34351 164 58806 300 59812 211 44084
34351 164 58806 300 38807 211 44084
34351 164 58806 356 18597 164 44084
34351 105 52734 105 63489 398 44084
34351 164 58806 75 33054 277 75247 211 44084
34351 164 58806 75 33054 277 74208 211 44084
34351 164 58806 369 14736 172 18521 172 44084
34351 164 58806 369 14736 172 18521 105 44084
34351 105 52734 105 32357 300 58362 211 44084
