58853 102 60885
58853 105 52734 172 13518 102 60885
58853 105 52734 172 71837 102 60885
58853 105 52734 172 44084 102 60885
58853 105 52734 172 1443 102 60885
58853 105 52734 105 40266 102 60885
58853 105 52734 105 39059 102 60885
58853 105 52734 105 34324 102 60885
58853 105 52734 105 44597 102 60885
58853 105 52734 105 63489 102 60885
58853 105 52734 105 58806 102 60885
58853 102 6934 359 66747 102 60885
58853 102 6934 359 65917 102 60885
58853 102 46685 359 69743 102 60885
58853 102 46685 359 18645 102 60885
58853 102 46685 359 623 102 60885
58853 102 46685 359 4050 102 60885
58853 102 46685 359 37978 102 60885
58853 102 46685 359 8297 102 60885
58853 102 46685 359 59061 102 60885
58853 102 46685 359 2364 102 60885
58853 102 46685 359 28806 102 60885
58853 143 69742 113 11316 102 60885
58853 143 69742 113 1105 102 60885
58853 143 69742 113 3710 102 60885
58853 143 69742 113 13231 102 60885
58853 143 69742 113 13858 102 60885
58853 143 69742 113 56142 102 60885
58853 143 69742 113 39914 102 60885
58853 143 69742 113 23102 102 60885
58853 105 52734 172 34351 383 69092 294 60885
58853 105 52734 172 51172 151 53811 277 60885
58853 105 52734 172 51172 369 73592 358 60885
58853 105 52734 172 51172 358 51607 28 60885
58853 105 52734 172 51172 358 9577 28 60885
58853 105 52734 172 69510 369 33054 32 60885
58853 105 52734 172 16381 369 41897 252 60885
58853 105 52734 105 63489 356 29100 102 60885
58853 102 6934 332 65855 31 41972 102 60885
