58853 102 71279
58853 105 52734 172 30973 102 71279
58853 105 52734 172 63685 102 71279
58853 105 52734 172 71837 102 71279
58853 105 52734 172 1443 102 71279
58853 105 52734 105 39896 102 71279
58853 105 52734 105 40266 102 71279
58853 105 52734 105 34324 102 71279
58853 105 52734 105 54091 102 71279
58853 102 60885 359 66747 102 71279
58853 102 60885 359 65917 102 71279
58853 102 6934 359 30490 102 71279
58853 102 6934 359 70550 102 71279
58853 102 6934 359 66962 102 71279
58853 102 6934 359 55158 102 71279
58853 102 6934 359 61935 102 71279
58853 102 6934 359 1524 102 71279
58853 102 6934 359 45357 102 71279
58853 102 6934 359 12614 102 71279
58853 102 46685 359 59754 102 71279
58853 102 46685 359 26983 102 71279
58853 105 52734 172 30973 102 16044 102 71279
