58853 102 6934
58853 102 46685 359 6934
58853 105 52734 172 30973 102 6934
58853 105 52734 172 63685 102 6934
58853 105 52734 172 71837 102 6934
58853 105 52734 172 1443 102 6934
58853 105 52734 105 39896 102 6934
58853 105 52734 105 40266 102 6934
58853 105 52734 105 34324 102 6934
58853 105 52734 105 54091 102 6934
58853 102 60885 359 66747 102 6934
58853 102 60885 359 65917 373 6934
58853 102 60885 359 65917 102 6934
58853 102 46685 359 30490 102 6934
58853 102 46685 359 15994 102 6934
58853 102 46685 359 70550 102 6934
58853 102 46685 359 59913 102 6934
58853 102 46685 359 63472 102 6934
58853 102 46685 359 1524 102 6934
58853 102 46685 359 45357 102 6934
58853 102 71279 359 66962 102 6934
58853 102 71279 359 55158 102 6934
58853 102 71279 359 61935 102 6934
58853 102 71279 359 12614 102 6934
58853 105 52734 172 64690 332 10045 31 6934
58853 105 52734 172 64690 332 65861 31 6934
58853 105 52734 172 64690 332 29052 31 6934
58853 105 52734 172 64690 332 23453 31 6934
58853 105 52734 172 64690 332 29064 31 6934
58853 105 52734 172 64690 332 29065 31 6934
58853 105 52734 172 64690 332 29061 31 6934
58853 105 52734 172 34351 102 4861 359 6934
58853 105 52734 172 30973 102 37362 359 6934
58853 105 52734 172 51172 332 65855 31 6934
58853 105 52734 172 51172 332 65853 31 6934
58853 105 52734 172 51172 332 65857 31 6934
58853 105 52734 172 51172 332 65856 31 6934
58853 105 52734 105 58806 102 3052 359 6934
58853 105 52734 105 58806 102 12153 359 6934
58853 105 52734 105 54091 102 41857 359 6934
58853 105 52734 105 54091 102 5850 359 6934
58853 105 52734 105 54091 102 3288 359 6934
58853 105 52734 105 54091 102 52904 359 6934
58853 105 52734 105 54091 102 28478 359 6934
58853 102 46685 359 17922 102 7502 359 6934
58853 102 60885 359 65917 373 50586 102 20365 359 6934
