58853 102 46685
58853 102 6934 102 46685
58853 105 52734 172 30973 102 46685
58853 105 52734 172 63685 102 46685
58853 105 52734 172 71294 102 46685
58853 105 52734 172 54052 102 46685
58853 105 52734 172 56300 102 46685
58853 105 52734 172 73300 102 46685
58853 105 52734 172 51172 102 46685
58853 105 52734 172 68258 102 46685
58853 105 52734 172 71837 102 46685
58853 105 52734 172 16381 102 46685
58853 105 52734 105 47194 102 46685
58853 105 52734 105 63359 102 46685
58853 105 52734 105 40266 102 46685
58853 105 52734 105 28376 102 46685
58853 105 52734 105 39059 102 46685
58853 105 52734 105 34324 102 46685
58853 105 52734 105 9561 102 46685
58853 105 52734 105 44597 102 46685
58853 105 52734 105 63489 102 46685
58853 105 52734 105 58806 102 46685
58853 105 52734 105 7747 102 46685
58853 105 52734 105 32644 102 46685
58853 105 52734 105 54091 102 46685
58853 105 52734 105 17020 102 46685
58853 102 60885 359 69743 102 46685
58853 102 60885 359 18645 102 46685
58853 102 60885 359 623 102 46685
58853 102 60885 359 4050 102 46685
58853 102 60885 359 37978 102 46685
58853 102 60885 359 8297 102 46685
58853 102 60885 359 66747 102 46685
58853 102 60885 359 59061 102 46685
58853 102 60885 359 65917 102 46685
58853 102 60885 359 2364 102 46685
58853 102 60885 359 28806 102 46685
58853 102 6934 359 30490 102 46685
58853 102 6934 359 15994 102 46685
58853 102 6934 359 70550 102 46685
58853 102 6934 359 59913 102 46685
58853 102 6934 359 63472 102 46685
58853 102 6934 359 1524 102 46685
58853 102 6934 359 45357 102 46685
58853 102 71279 359 59754 102 46685
58853 102 71279 359 26983 102 46685
58853 143 69742 113 43445 102 46685
58853 143 69742 113 65174 102 46685
58853 143 69742 113 52492 102 46685
58853 143 69742 113 29358 102 46685
58853 143 69742 113 49565 102 46685
58853 143 69742 113 17309 102 46685
58853 143 69742 113 49761 102 46685
58853 256 54168 254 20470 102 46685
58853 256 54168 254 11652 102 46685
58853 256 54168 254 366 102 46685
58853 256 54168 254 24058 102 46685
58853 256 54168 254 75212 102 46685
58853 256 54168 254 19766 102 46685
58853 256 54168 254 61481 102 46685
58853 256 54168 254 52577 102 46685
58853 256 54168 254 73239 102 46685
58853 256 54168 254 65931 102 46685
58853 256 54168 254 54333 102 46685
58853 256 54168 141 15927 102 46685
58853 105 52734 172 34351 102 33635 102 46685
58853 105 52734 172 30973 102 58630 102 46685
58853 105 52734 172 71837 102 17922 102 46685
58853 105 52734 105 63489 147 19259 102 46685
58853 105 52734 105 54091 102 46154 102 46685
58853 105 52734 105 54091 102 37611 102 46685
58853 102 60885 359 65917 164 57783 102 46685
58853 102 60885 383 69092 114 3533 102 46685
58853 102 60885 383 69092 294 3291 102 46685
58853 102 60885 383 69092 294 2871 102 46685
58853 102 60885 369 53811 151 10174 102 46685
58853 102 60885 369 53811 252 37549 102 46685
58853 102 60885 358 9577 28 682 102 46685
58853 102 60885 75 33054 277 14616 102 46685
58853 102 60885 75 33054 277 34555 102 46685
58853 102 60885 75 33054 252 45079 102 46685
58853 102 6934 102 4861 359 12507 102 46685
58853 143 69742 113 66245 359 69659 102 46685
58853 256 54168 254 72079 373 19747 102 46685
58853 256 54168 254 18597 164 49910 102 46685
58853 256 54168 254 18597 164 56934 102 46685
58853 256 54168 254 18597 373 5065 102 46685
58853 256 54168 254 18597 373 75020 102 46685
58853 256 54168 254 52246 249 74546 102 46685
58853 105 52734 172 10831 300 62434 211 42274 102 46685
58853 105 52734 172 10831 300 62434 211 46959 102 46685
58853 105 52734 172 10831 300 62434 211 32430 102 46685
58853 105 52734 172 10831 300 62434 211 11513 102 46685
58853 105 52734 172 10831 300 62434 211 50698 102 46685
58853 105 52734 172 10831 300 62434 211 24245 102 46685
58853 105 52734 172 1552 143 37487 113 44453 102 46685
58853 105 52734 172 5834 172 63771 172 1056 102 46685
58853 105 52734 172 30973 102 54334 359 30451 102 46685
58853 105 52734 105 3592 105 27339 105 3737 102 46685
