61196 102 33373
61196 143 69742 113 33373
61196 143 69742 113 10831 373 33373
61196 143 69742 113 63489 373 33373
61196 143 69742 113 69590 373 33373
61196 143 69742 113 57906 373 33373
61196 143 69742 113 65917 373 33373
61196 143 69742 113 1105 373 33373
61196 143 69742 113 28376 373 33373
61196 143 69742 113 58806 373 33373
61196 143 69742 113 64690 332 65861 31 33373
61196 143 69742 113 64690 332 29052 31 33373
61196 143 69742 113 64690 332 23453 31 33373
61196 143 69742 113 64690 332 29065 31 33373
61196 143 69742 113 64690 332 29061 31 33373
61196 143 69742 113 50024 332 65855 31 33373
61196 143 69742 113 50024 332 65853 31 33373
61196 143 69742 113 52734 105 14740 373 33373
61196 143 69742 113 63489 356 21710 373 33373
61196 143 69742 113 63489 356 36160 373 33373
