69743 102 46685
69743 102 60885 359 58853 102 46685
69743 102 60885 359 18645 102 46685
69743 102 60885 359 39059 102 46685
69743 102 60885 359 623 102 46685
69743 102 60885 359 4050 102 46685
69743 102 60885 359 63489 102 46685
69743 102 60885 359 37978 102 46685
69743 102 60885 359 34324 102 46685
69743 102 60885 359 40266 102 46685
69743 102 60885 359 8297 102 46685
69743 102 60885 359 66747 102 46685
69743 102 60885 359 71837 102 46685
69743 102 60885 359 59061 102 46685
69743 102 60885 359 65917 102 46685
69743 102 60885 359 44597 102 46685
69743 102 60885 359 2364 102 46685
69743 102 60885 359 28806 102 46685
69743 102 60885 359 58806 102 46685
69743 102 60885 359 58853 102 6934 102 46685
69743 102 60885 359 63489 147 19259 102 46685
69743 102 60885 359 63489 356 47194 102 46685
69743 102 60885 359 40266 102 17922 102 46685
69743 102 60885 359 8297 359 54091 102 46685
69743 102 60885 359 65917 373 49761 102 46685
69743 102 60885 359 65917 164 57783 102 46685
69743 102 60885 359 65917 102 58630 102 46685
69743 102 60885 359 13858 102 51172 102 46685
69743 102 60885 359 58806 321 24058 102 46685
69743 102 60885 359 58806 103 1524 102 46685
69743 102 60885 359 58806 101 63472 102 46685
69743 102 60885 383 69092 114 9561 102 46685
69743 102 60885 383 69092 114 3533 102 46685
69743 102 60885 383 69092 294 70550 102 46685
69743 102 60885 383 69092 294 3291 102 46685
69743 102 60885 383 69092 294 29358 102 46685
69743 102 60885 383 69092 294 2871 102 46685
69743 102 60885 383 69092 294 17020 102 46685
69743 102 60885 383 69092 294 7747 102 46685
69743 102 60885 383 69092 294 30490 102 46685
69743 102 60885 383 69092 294 65174 102 46685
69743 102 60885 383 69092 294 28376 102 46685
69743 102 60885 151 41897 277 16381 102 46685
69743 102 60885 151 41897 32 65931 102 46685
69743 102 60885 369 53811 277 11652 102 46685
69743 102 60885 369 53811 151 10174 102 46685
69743 102 60885 369 53811 252 37549 102 46685
69743 102 60885 369 53811 252 52577 102 46685
69743 102 60885 358 9577 28 682 102 46685
69743 102 60885 75 33054 277 14616 102 46685
69743 102 60885 75 33054 277 34555 102 46685
69743 102 60885 75 33054 252 45079 102 46685
69743 102 60885 75 33054 252 15927 102 46685
69743 102 60885 75 33054 252 54333 102 46685
69743 102 60885 28 73592 277 366 102 46685
69743 102 60885 28 73592 277 52492 102 46685
69743 102 60885 28 73592 277 75212 102 46685
69743 102 60885 28 73592 277 19766 102 46685
69743 102 60885 359 58853 105 52734 172 30973 102 46685
69743 102 60885 359 58853 105 52734 172 63685 102 46685
69743 102 60885 359 58853 105 52734 172 71294 102 46685
69743 102 60885 359 58853 105 52734 172 54052 102 46685
69743 102 60885 359 58853 105 52734 172 56300 102 46685
69743 102 60885 359 58853 105 52734 172 73300 102 46685
69743 102 60885 359 58853 105 52734 172 68258 102 46685
69743 102 60885 359 58853 105 52734 105 63359 102 46685
69743 102 60885 359 58853 105 52734 105 32644 102 46685
69743 102 60885 359 58853 102 6934 359 15994 102 46685
69743 102 60885 359 58853 102 6934 359 59913 102 46685
69743 102 60885 359 58853 102 6934 359 45357 102 46685
69743 102 60885 359 58853 102 71279 359 59754 102 46685
69743 102 60885 359 58853 102 71279 359 26983 102 46685
69743 102 60885 359 58853 143 69742 113 43445 102 46685
69743 102 60885 359 58853 143 69742 113 49565 102 46685
69743 102 60885 359 58853 143 69742 113 17309 102 46685
69743 102 60885 359 58853 256 54168 254 20470 102 46685
69743 102 60885 359 58853 256 54168 254 61481 102 46685
69743 102 60885 359 58853 256 54168 254 73239 102 46685
69743 102 60885 359 18645 147 34351 102 33635 102 46685
69743 102 60885 359 18645 105 27339 105 3737 102 46685
69743 102 60885 359 18645 172 63771 172 1056 102 46685
69743 102 60885 359 39059 143 37487 113 44453 102 46685
69743 102 60885 359 39059 143 37487 113 24245 102 46685
69743 102 60885 359 39059 332 23453 31 12507 102 46685
69743 102 60885 359 63489 332 29052 31 37611 102 46685
69743 102 60885 359 37978 300 62434 211 42274 102 46685
69743 102 60885 359 37978 300 62434 211 46959 102 46685
69743 102 60885 359 37978 300 62434 211 49910 102 46685
69743 102 60885 359 37978 300 62434 211 69659 102 46685
69743 102 60885 359 37978 300 62434 211 5065 102 46685
69743 102 60885 359 37978 300 62434 211 32430 102 46685
69743 102 60885 359 37978 300 62434 211 11513 102 46685
69743 102 60885 359 37978 300 62434 211 50698 102 46685
69743 102 60885 359 37978 300 62434 211 19747 102 46685
69743 102 60885 359 8297 359 54091 102 46154 102 46685
69743 102 60885 359 71837 102 54334 359 30451 102 46685
69743 102 60885 359 44084 147 18597 164 56934 102 46685
69743 102 60885 359 44084 147 18597 373 75020 102 46685
69743 102 60885 359 44084 300 59812 211 74546 102 46685
