69743 102 60885
69743 102 46685 359 58853 102 60885
69743 102 46685 359 18645 102 60885
69743 102 46685 359 39059 102 60885
69743 102 46685 359 623 102 60885
69743 102 46685 359 4050 102 60885
69743 102 46685 359 63489 102 60885
69743 102 46685 359 37978 102 60885
69743 102 46685 359 34324 102 60885
69743 102 46685 359 40266 102 60885
69743 102 46685 359 8297 102 60885
69743 102 46685 359 66747 102 60885
69743 102 46685 359 71837 102 60885
69743 102 46685 359 59061 102 60885
69743 102 46685 359 65917 102 60885
69743 102 46685 359 44597 102 60885
69743 102 46685 359 2364 102 60885
69743 102 46685 359 28806 102 60885
69743 102 46685 359 58806 102 60885
69743 102 46685 359 30490 369 33054 32 60885
69743 102 46685 359 30490 358 9577 28 60885
69743 102 46685 359 30490 383 69092 294 60885
69743 102 46685 359 30490 75 41897 252 60885
69743 102 46685 359 11652 369 53811 277 60885
69743 102 46685 359 70550 358 51607 28 60885
69743 102 46685 359 366 369 73592 358 60885
69743 102 46685 359 6934 359 1443 102 60885
69743 102 46685 359 51172 359 13858 102 60885
69743 102 46685 359 63489 398 44084 102 60885
69743 102 46685 359 63489 356 29100 102 60885
69743 102 46685 359 28806 15 1105 102 60885
69743 102 46685 359 58853 105 52734 172 13518 102 60885
69743 102 46685 359 58853 143 69742 113 11316 102 60885
69743 102 46685 359 58853 143 69742 113 3710 102 60885
69743 102 46685 359 58853 143 69742 113 13231 102 60885
69743 102 46685 359 58853 143 69742 113 56142 102 60885
69743 102 46685 359 58853 143 69742 113 39914 102 60885
69743 102 46685 359 58853 143 69742 113 23102 102 60885
69743 102 46685 359 30490 332 65855 31 41972 102 60885
