20817 254 23142
20817 141 23142
20817 206 25720 373 23142
20817 206 25720 398 23142
20817 254 63705 96 62223 172 23142
20817 254 63705 96 62223 105 23142
20817 254 63705 96 62223 303 23142
20817 254 63705 96 56638 172 23142
20817 254 63705 96 56638 249 23142
20817 254 63705 96 56638 105 23142
20817 254 63705 96 25762 172 23142
20817 254 63705 300 13797 211 23142
20817 6 9025 300 59812 211 23142
20817 55 58786 131 14472 382 23142
20817 206 25720 164 13855 172 23142
20817 206 25720 164 13855 303 23142
20817 206 25720 333 36469 217 23142
20817 254 40417 75 39781 72 67410 392 23142
20817 254 63705 96 62223 385 58887 254 23142
20817 254 63705 96 13658 256 4429 254 23142
20817 254 40417 383 69092 294 70550 300 15652 211 23142
20817 206 25720 325 74341 254 43936 256 69974 254 23142
