24028 254 40401
24028 254 20712 256 34300 254 40401
24028 254 20712 256 34300 141 40401
24028 254 20712 398 73954 28 65139 383 69092 75 53751 151 40401
24028 254 20712 398 73954 28 65139 383 69092 75 53751 369 6168 252 40401
24028 254 20712 398 73954 28 65139 383 69092 75 75101 172 17373 373 40401
24028 254 20712 398 73954 28 65139 383 69092 75 75101 172 17373 105 40401
24028 254 20712 398 73954 28 65139 383 69092 75 75101 342 64632 249 40401
24028 254 20712 398 73954 28 65139 383 69092 75 3650 124 58864 217 40401
24028 254 20712 398 73954 28 65139 383 69092 75 53751 101 9911 163 70719 267 43419 254 40401
24028 254 20712 398 73954 28 65139 383 69092 75 3650 124 58864 141 25518 385 50489 254 40401
