43419 254 40401
43419 254 38581 256 50489 254 40401
43419 165 70719 111 9911 249 53751 151 40401
43419 165 70719 82 2759 122 17373 373 40401
43419 165 70719 82 2759 122 17373 105 40401
43419 254 38581 256 50489 141 25518 385 58864 217 40401
43419 165 70719 111 9911 5 13437 85 64632 249 40401
43419 165 70719 111 9911 249 53751 369 6168 252 40401
43419 165 70719 111 9911 5 38128 104 69092 294 65139 358 73954 15 20712 256 24028 254 40401
43419 165 70719 111 9911 5 38128 104 69092 294 65139 358 73954 15 20712 256 34300 254 40401
43419 165 70719 111 9911 5 38128 104 69092 294 65139 358 73954 15 20712 256 34300 141 40401
