54168 254 72079
54168 141 72079
54168 254 45140 356 72079
54168 254 51172 356 72079
54168 254 20689 356 72079
54168 254 23105 356 72079
54168 254 59220 356 72079
54168 254 21330 356 72079
54168 254 40637 356 72079
54168 254 28376 356 72079
54168 254 58806 356 72079
54168 254 63472 103 72079
54168 254 2 332 65853 31 72079
54168 254 19642 300 62434 211 72079
54168 254 25226 332 29052 31 72079
54168 254 50024 332 65855 31 72079
54168 254 50024 332 65857 31 72079
54168 254 50024 332 1705 31 72079
54168 254 50024 332 10045 31 72079
54168 254 50024 332 29065 31 72079
54168 254 50024 332 40312 31 72079
54168 254 50024 332 29064 31 72079
54168 254 50024 332 29061 31 72079
54168 254 50024 332 32380 31 72079
54168 254 34351 383 69092 294 72079
54168 254 66245 332 1707 31 72079
54168 254 66245 332 65856 31 72079
54168 254 66245 332 23453 31 72079
54168 254 66245 332 68334 31 72079
54168 254 66245 332 68339 31 72079
54168 254 66245 332 68338 31 72079
54168 254 66245 332 68336 31 72079
54168 254 66245 332 68337 31 72079
54168 254 66245 332 12340 31 72079
54168 254 20470 268 39260 356 72079
54168 254 12741 300 66239 211 72079
54168 254 12741 256 29063 254 72079
54168 254 65908 332 3992 31 72079
54168 254 65908 332 71061 31 72079
54168 254 65908 332 40309 31 72079
54168 254 65908 297 61222 231 72079
54168 254 32830 332 40308 31 72079
54168 254 32830 332 40315 31 72079
54168 254 43754 105 27339 172 72079
54168 254 9479 75 41897 32 72079
54168 254 70550 332 51356 31 72079
54168 254 70550 332 51355 31 72079
54168 254 366 164 23110 147 72079
54168 254 366 60 61212 22 72079
54168 254 366 271 51246 130 72079
54168 254 1444 332 60306 31 72079
54168 254 1444 332 60031 31 72079
54168 254 1444 332 23887 31 72079
54168 254 1444 332 51358 31 72079
54168 254 1444 332 6058 31 72079
54168 254 1444 332 31869 31 72079
54168 254 1444 332 31874 31 72079
54168 254 1444 332 3980 31 72079
54168 254 1444 332 10188 31 72079
54168 254 1444 373 26494 356 72079
54168 254 58140 332 60308 31 72079
54168 254 58140 332 35877 31 72079
54168 254 3616 382 65513 6 72079
54168 254 3616 373 61434 356 72079
54168 254 59220 382 429 6 72079
54168 254 59220 382 30109 6 72079
54168 254 59220 332 59840 31 72079
54168 254 24058 196 42278 6 72079
54168 254 24058 196 56441 6 72079
54168 254 24058 271 59741 130 72079
54168 254 71525 373 36865 356 72079
54168 254 41959 271 67659 130 72079
54168 254 71850 164 6526 147 72079
54168 254 18597 164 41538 147 72079
54168 254 18597 164 4443 147 72079
54168 254 18597 373 75385 356 72079
54168 254 18597 373 66233 356 72079
54168 254 18597 373 63685 356 72079
54168 254 18597 373 17020 356 72079
54168 254 18597 373 21710 356 72079
54168 254 18597 373 64382 356 72079
54168 254 18597 373 19747 356 72079
54168 254 18597 373 11484 356 72079
54168 254 18597 382 5850 6 72079
54168 254 18597 382 42618 6 72079
54168 254 18597 382 22663 6 72079
54168 254 18597 382 37504 6 72079
54168 254 46549 373 30973 356 72079
54168 254 28376 332 68800 31 72079
54168 254 28376 332 23446 31 72079
54168 254 15756 364 60749 356 72079
54168 254 58853 105 52734 172 4400 147 72079
54168 254 58853 105 52734 172 39635 15 72079
54168 254 58853 105 52734 172 39635 147 72079
54168 254 58853 102 6934 359 55158 356 72079
54168 254 58853 143 69742 113 13926 147 72079
54168 254 2 332 65853 31 28650 6 72079
54168 254 2 332 65853 31 56645 6 72079
54168 254 2 332 65853 31 37878 6 72079
54168 254 2 332 65853 31 68659 6 72079
54168 254 2 332 65853 31 65305 6 72079
54168 254 19642 300 62434 211 59046 6 72079
54168 254 19642 300 62434 211 64571 356 72079
54168 254 19642 369 33054 277 1727 6 72079
54168 254 25226 332 29052 31 63392 356 72079
54168 254 25226 332 29052 31 13526 6 72079
54168 254 25226 332 29052 31 56798 6 72079
54168 254 34351 383 69092 294 55330 6 72079
54168 254 44399 151 53811 277 60222 6 72079
54168 254 12741 332 65861 31 30430 6 72079
54168 254 45140 358 9577 28 15895 6 72079
54168 254 70550 358 51607 28 73985 6 72079
54168 254 51172 358 13298 28 72437 6 72079
