54168 254 34351
54168 254 58806 147 34351
54168 254 58806 398 34351
54168 254 58806 358 34351
54168 254 58853 105 52734 172 34351
54168 254 72079 383 69092 294 34351
54168 254 70550 252 6067 32 34351
54168 254 70550 252 6067 151 34351
54168 254 1444 105 18645 147 34351
54168 254 18597 164 44084 359 34351
54168 254 18597 382 1771 102 34351
54168 85 17058 112 38490 398 34351
54168 254 58853 102 60885 359 4050 359 34351
54168 254 58853 102 6934 102 4861 359 34351
54168 254 58853 102 46685 359 33635 359 34351
54168 254 58853 143 69742 113 19091 102 34351
54168 254 72079 332 29052 31 63040 359 34351
54168 254 19642 369 33054 252 13476 359 34351
54168 254 29427 126 21356 164 3553 147 34351
