69974 254 23142
69974 254 43936 256 58887 254 23142
69974 254 43936 57 64354 369 67410 392 23142
69974 254 43936 256 58401 254 62223 172 23142
69974 254 43936 256 58401 254 62223 105 23142
69974 254 43936 256 58401 254 62223 303 23142
69974 254 43936 256 58401 206 25720 373 23142
69974 254 43936 256 58401 206 25720 398 23142
69974 254 43936 57 71742 205 7253 300 59812 211 23142
69974 254 43936 57 43192 31 5604 110 56638 172 23142
69974 254 43936 57 43192 31 5604 110 56638 249 23142
69974 254 43936 57 43192 31 5604 110 56638 105 23142
69974 254 43936 57 43192 31 5604 110 25762 172 23142
69974 254 43936 256 58401 254 62223 300 13797 211 23142
69974 254 43936 256 58401 206 25720 325 20817 254 23142
69974 254 43936 256 58401 206 25720 325 20817 141 23142
69974 254 43936 256 58401 206 25720 164 13855 172 23142
69974 254 43936 256 58401 206 25720 164 13855 303 23142
69974 254 43936 256 58401 206 25720 333 36469 217 23142
69974 254 43936 57 71742 369 41897 252 70550 300 15652 211 23142
69974 254 43936 57 43192 31 5604 110 32662 119 14472 382 23142
69974 254 43936 57 43192 31 5604 110 13658 256 4429 254 23142
