19933 64 10896
19933 64 13437 217 9911 5 10896
19933 64 13437 80 38944 315 10896
19933 64 13437 80 38944 91 10896
19933 64 13437 85 17058 112 10896
19933 64 13437 85 17058 191 10896
19933 64 13437 85 64632 112 10896
19933 64 13437 85 64632 191 10896
19933 64 5190 85 74615 112 10896
19933 64 5190 85 74615 191 10896
19933 64 5190 384 25456 123 10896
19933 64 5190 117 3580 334 10896
19933 64 22832 296 48786 99 10896
19933 64 7077 384 3650 123 10896
19933 64 71797 265 20249 64 10896
19933 64 23800 384 6901 123 10896
19933 64 52667 202 60841 64 10896
19933 64 52667 202 23640 64 10896
19933 383 69092 294 73103 123 10896
19933 383 69092 277 4148 64 10896
19933 252 73742 369 62261 64 10896
19933 161 61222 231 61656 123 10896
