20249 64 10896
20249 64 4484 80 38944 315 10896
20249 64 4484 80 38944 91 10896
20249 64 4484 85 17058 112 10896
20249 64 4484 85 17058 191 10896
20249 64 4484 85 64632 112 10896
20249 64 4484 85 64632 191 10896
20249 64 71797 217 9911 5 10896
20249 64 71797 265 19933 64 10896
20249 64 4901 117 3580 334 10896
20249 161 61222 231 23640 64 10896
20249 161 61222 231 62261 64 10896
20249 161 61222 231 3650 123 10896
20249 161 61222 231 61656 123 10896
20249 161 61222 231 4148 64 10896
20249 161 61222 231 25456 123 10896
20249 161 61222 231 73103 123 10896
20249 236 72636 28 60841 64 10896
20249 392 63974 271 72687 85 74615 112 10896
20249 392 63974 271 72687 85 74615 191 10896
20249 64 4484 80 38944 315 8511 296 48786 99 10896
20249 64 4484 80 38944 315 7149 384 6901 123 10896
