23640 64 10896
23640 20 62261 64 10896
23640 64 18896 80 38944 315 10896
23640 64 18896 80 38944 91 10896
23640 64 18896 85 17058 112 10896
23640 64 18896 85 17058 191 10896
23640 64 18896 85 64632 112 10896
23640 64 18896 85 64632 191 10896
23640 75 16478 32 4148 64 10896
23640 75 61756 32 19933 64 10896
23640 75 19529 32 60841 64 10896
23640 297 61222 231 3650 123 10896
23640 297 61222 231 61656 123 10896
23640 297 61222 231 25456 123 10896
23640 297 61222 231 73103 123 10896
23640 297 61222 20 20249 64 10896
23640 75 34480 91 39737 85 74615 112 10896
23640 75 34480 91 39737 85 74615 191 10896
23640 332 29065 31 11756 217 9911 5 10896
23640 332 29065 31 50614 117 3580 334 10896
23640 64 18896 80 38944 315 8511 296 48786 99 10896
23640 64 18896 80 38944 315 7149 384 6901 123 10896
