29827 64 38128
29827 222 52667 37 38944 315 38128
29827 222 52667 37 38944 91 38128
29827 222 52667 202 60841 64 38128
29827 222 29063 202 69931 64 38128
29827 294 1444 383 69092 142 38128
29827 294 1444 75 28376 398 38128
29827 294 1444 382 28806 6 38128
29827 294 1444 300 62434 211 38128
29827 222 43901 202 50528 382 8039 6 38128
29827 222 52667 369 33054 277 66245 385 38128
29827 222 52667 369 33054 277 40018 6 38128
29827 222 52667 369 33054 277 59433 6 38128
29827 222 52667 369 33054 277 73145 6 38128
29827 222 52667 369 33054 277 48224 6 38128
29827 222 52667 369 33054 277 30522 6 38128
29827 222 52667 369 33054 252 5256 385 38128
29827 222 52667 369 33054 252 4399 6 38128
29827 222 52667 369 33054 252 31066 6 38128
29827 222 52667 369 33054 32 70550 15 38128
29827 222 52667 369 33054 32 70550 6 38128
29827 222 52667 369 33054 32 70550 398 38128
29827 222 52667 369 33054 32 52920 385 38128
29827 222 29063 202 69931 64 52008 15 38128
29827 222 29063 202 69931 64 52008 6 38128
29827 222 29063 202 4148 249 64632 112 38128
29827 222 29063 202 4148 249 64632 191 38128
29827 277 37929 278 40552 111 9911 5 38128
29827 161 23785 277 10045 31 15024 6 38128
29827 161 23785 277 10045 31 26151 6 38128
29827 161 23785 277 10045 31 2748 6 38128
29827 161 23785 277 10045 31 41162 6 38128
29827 161 23785 277 29064 31 14736 385 38128
29827 161 23785 277 29064 31 26339 6 38128
29827 161 23785 277 29064 31 20905 6 38128
29827 161 23785 277 29064 31 23393 6 38128
29827 161 23785 277 65855 31 599 15 38128
29827 161 23785 64 11756 147 31011 385 38128
29827 161 23785 64 11756 85 17058 112 38128
29827 161 23785 64 11756 85 17058 191 38128
29827 161 23785 236 15756 271 55887 15 38128
29827 161 23785 236 15756 271 55887 6 38128
29827 161 23785 236 15756 271 55887 398 38128
29827 294 1444 383 61102 75 322 6 38128
29827 294 1444 383 61102 75 322 385 38128
29827 294 1444 383 61102 75 322 398 38128
29827 294 1444 75 28376 252 21632 252 38128
29827 294 1444 75 28376 252 21632 28 38128
29827 294 1444 75 28376 252 21632 151 38128
29827 294 1444 75 28376 252 21632 396 38128
29827 294 1444 75 28376 382 65553 6 38128
29827 294 1444 75 28376 382 65553 277 38128
29827 294 1444 75 28376 382 65553 151 38128
29827 294 1444 75 28376 369 60073 372 38128
29827 294 1444 75 28376 369 60073 396 38128
29827 294 1444 382 28806 15 63319 15 38128
29827 294 1444 382 28806 15 63319 398 38128
29827 294 1444 332 65853 31 24596 6 38128
29827 294 1444 332 65857 31 42173 385 38128
29827 294 1444 332 29052 31 7417 6 38128
29827 294 1444 332 29052 31 7103 15 38128
29827 294 1444 332 29052 31 7103 6 38128
29827 294 1444 332 29065 31 1823 15 38128
29827 294 1444 332 29065 31 1823 6 38128
29827 294 1444 332 29065 31 15471 6 38128
29827 294 1444 332 29065 31 17727 6 38128
29827 294 1444 332 40313 31 17875 15 38128
29827 294 1444 332 40313 31 17875 6 38128
29827 294 1444 332 40313 31 17875 398 38128
29827 294 1444 256 54168 254 20749 385 38128
29827 294 1444 256 54168 254 14297 164 38128
29827 294 1444 256 54168 379 1483 88 38128
29827 294 1444 60 21435 130 10306 271 38128
29827 236 72636 28 73592 277 26569 385 38128
29827 236 72636 28 73592 277 26569 398 38128
29827 236 72636 172 27339 172 12246 6 38128
29827 236 72636 172 27339 172 12246 398 38128
29827 236 72636 339 20249 392 63974 271 38128
29827 236 72636 339 20249 392 63974 385 38128
29827 236 72636 45 41876 23 53219 112 38128
29827 222 43901 202 50528 300 59812 211 11658 385 38128
29827 222 43901 202 50528 300 59812 211 11658 398 38128
29827 222 43901 202 50528 300 59812 211 39896 15 38128
29827 222 43901 202 50528 300 59812 211 39896 6 38128
29827 222 43901 202 50528 300 59812 211 39896 398 38128
29827 222 52667 147 39108 164 72687 85 19769 191 38128
29827 222 52667 217 59220 5 4070 15 73982 385 38128
29827 222 52667 217 59220 143 69742 113 69443 6 38128
29827 222 52667 37 38944 315 16174 6 22928 398 38128
29827 222 52667 37 38944 315 16174 6 22928 382 38128
29827 222 52667 37 38944 315 51254 296 30382 99 38128
29827 222 52667 265 19933 75 4870 26 32129 398 38128
29827 222 52667 265 19933 75 4870 26 32129 382 38128
29827 277 55556 290 57610 356 6576 356 51294 271 38128
29827 277 55556 290 57610 356 6576 356 51294 385 38128
29827 161 23785 277 10045 31 67973 6 586 6 38128
29827 161 23785 277 29064 31 14736 385 75055 15 38128
29827 161 23785 277 29064 31 14736 385 75055 6 38128
29827 161 23785 277 29064 31 32756 6 59072 6 38128
29827 161 23785 64 11756 345 58414 150 1334 15 38128
29827 161 23785 64 11756 345 58414 150 1334 398 38128
29827 294 1444 383 69092 294 37269 336 27108 385 38128
29827 294 1444 75 28376 252 21632 102 29897 6 38128
29827 294 1444 75 28376 382 10141 6 32864 15 38128
29827 294 1444 75 28376 382 10141 6 32864 6 38128
29827 294 1444 75 28376 382 10141 6 12035 6 38128
29827 294 1444 75 28376 382 10141 6 12035 385 38128
29827 294 1444 75 28376 382 10141 6 44869 15 38128
29827 294 1444 75 28376 382 10141 6 44869 6 38128
29827 294 1444 75 28376 382 10141 6 68855 6 38128
29827 294 1444 75 28376 369 60073 342 28644 6 38128
29827 294 1444 75 28376 369 60073 266 39181 6 38128
29827 294 1444 75 28376 369 60073 303 28772 6 38128
29827 294 1444 75 28376 369 60073 303 28772 277 38128
29827 294 1444 75 28376 369 60073 303 28772 28 38128
29827 236 72636 28 73592 358 41653 5 45713 15 38128
29827 222 52667 369 33054 277 25928 338 31083 217 29947 5 38128
29827 161 23785 277 29064 31 58243 398 5135 358 42522 6 38128
