4148 64 10896
4148 249 64632 112 10896
4148 249 64632 191 10896
4148 75 28162 32 60841 64 10896
4148 75 16478 32 23640 64 10896
4148 75 67656 252 19933 64 10896
4148 75 23648 358 62261 64 10896
4148 75 14466 117 3580 334 10896
4148 28 11756 217 9911 5 10896
4148 28 11756 80 38944 315 10896
4148 28 11756 80 38944 91 10896
4148 28 11756 85 17058 112 10896
4148 28 11756 85 17058 191 10896
4148 297 61222 231 3650 123 10896
4148 297 61222 231 61656 123 10896
4148 297 61222 231 25456 123 10896
4148 297 61222 231 73103 123 10896
4148 297 61222 20 20249 64 10896
4148 249 64632 112 5190 85 74615 112 10896
4148 249 64632 112 5190 85 74615 191 10896
4148 249 64632 112 8511 296 48786 99 10896
4148 249 64632 112 23800 384 6901 123 10896
