60841 64 38128
60841 151 69092 142 38128
60841 64 10896 217 9911 5 38128
60841 64 10896 80 38944 315 38128
60841 64 10896 80 38944 91 38128
60841 64 10896 85 17058 112 38128
60841 64 10896 85 17058 191 38128
60841 64 10896 85 64632 112 38128
60841 64 10896 85 64632 191 38128
60841 64 8511 147 31011 385 38128
60841 64 8511 382 2748 6 38128
60841 64 8511 85 19769 191 38128
60841 64 1293 398 63319 15 38128
60841 64 1293 398 63319 398 38128
60841 277 65857 31 15024 6 38128
60841 277 65857 31 66245 385 38128
60841 277 65857 31 26151 6 38128
60841 277 65857 31 4399 6 38128
60841 277 65857 31 70550 15 38128
60841 277 65857 31 70550 6 38128
60841 277 65857 31 70550 398 38128
60841 277 65857 31 42173 385 38128
60841 277 65857 31 14736 385 38128
60841 277 65857 31 52920 385 38128
60841 277 65857 31 73145 6 38128
60841 277 65857 31 48224 6 38128
60841 277 65857 31 28376 398 38128
60841 75 20187 32 69931 64 38128
60841 75 21109 300 62434 211 38128
60841 172 17373 373 29827 64 38128
60841 252 6067 151 28806 6 38128
60841 252 3682 277 30522 6 38128
60841 321 24058 196 24596 6 38128
60841 151 69092 294 59433 6 38128
60841 151 69092 294 5256 385 38128
60841 369 33054 277 40018 6 38128
60841 369 33054 252 31066 6 38128
60841 272 20503 290 60073 372 38128
60841 272 20503 290 60073 396 38128
60841 64 10896 85 17058 112 52008 15 38128
60841 64 10896 85 17058 112 52008 6 38128
60841 64 10896 265 20249 392 63974 271 38128
60841 64 10896 265 20249 392 63974 385 38128
60841 64 8511 46 69700 379 1483 88 38128
60841 64 9678 300 59812 211 10306 271 38128
60841 64 9678 300 59812 211 11658 385 38128
60841 64 9678 300 59812 211 11658 398 38128
60841 64 9678 300 59812 211 39896 15 38128
60841 64 9678 300 59812 211 39896 6 38128
60841 64 9678 300 59812 211 39896 398 38128
60841 383 71850 294 50528 382 8039 6 38128
60841 383 71850 256 54168 254 20749 385 38128
60841 383 71850 256 54168 254 14297 164 38128
60841 383 66047 332 29065 31 1823 15 38128
60841 383 66047 332 29065 31 1823 6 38128
60841 383 66047 332 29065 31 15471 6 38128
60841 383 66047 332 29065 31 17727 6 38128
60841 383 66047 332 29065 31 20905 6 38128
60841 383 66047 332 29065 31 41162 6 38128
60841 383 66047 332 29065 31 23393 6 38128
60841 383 66047 369 73592 277 26569 385 38128
60841 383 66047 369 73592 277 26569 398 38128
60841 277 59627 332 65855 31 599 15 38128
60841 277 59627 332 29052 31 7417 6 38128
60841 277 59627 332 29052 31 7103 15 38128
60841 277 59627 332 29052 31 7103 6 38128
60841 277 65857 31 14736 385 75055 15 38128
60841 277 65857 31 14736 385 75055 6 38128
60841 277 65857 31 37302 256 55887 15 38128
60841 277 65857 31 37302 256 55887 6 38128
60841 277 65857 31 37302 256 55887 398 38128
60841 277 65857 31 67973 6 586 6 38128
60841 277 65857 31 28376 252 21632 252 38128
60841 277 65857 31 28376 252 21632 28 38128
60841 277 65857 31 28376 252 21632 151 38128
60841 277 65857 31 28376 252 21632 396 38128
60841 277 65857 31 28376 382 65553 6 38128
60841 277 65857 31 28376 382 65553 277 38128
60841 277 65857 31 28376 382 65553 151 38128
60841 277 45229 332 29064 31 26339 6 38128
60841 277 29427 126 6780 336 27108 385 38128
60841 277 29427 26 41015 336 69443 6 38128
60841 277 29427 32 61102 75 322 6 38128
60841 277 29427 32 61102 75 322 385 38128
60841 277 29427 32 61102 75 322 398 38128
60841 369 33054 277 51254 296 30382 99 38128
60841 369 33054 252 40313 31 17875 15 38128
60841 369 33054 252 40313 31 17875 6 38128
60841 369 33054 252 40313 31 17875 398 38128
60841 231 72636 172 27339 172 12246 6 38128
60841 231 72636 172 27339 172 12246 398 38128
60841 231 72636 45 41876 23 53219 112 38128
60841 272 20503 290 60073 342 28644 6 38128
60841 272 20503 290 60073 102 29897 6 38128
60841 272 20503 290 60073 266 39181 6 38128
60841 272 20503 290 60073 303 28772 6 38128
60841 272 20503 290 60073 303 28772 277 38128
60841 272 20503 290 60073 303 28772 28 38128
60841 64 10896 217 9911 5 6983 6 22928 398 38128
60841 64 10896 217 9911 5 6983 6 22928 382 38128
60841 64 10896 85 17058 112 52008 15 32129 398 38128
60841 64 10896 85 17058 112 52008 15 32129 382 38128
60841 64 10896 85 17058 112 52008 141 73982 385 38128
60841 64 1293 398 63319 382 10141 6 59072 6 38128
60841 64 1293 398 63319 382 10141 6 32864 15 38128
60841 64 1293 398 63319 382 10141 6 32864 6 38128
60841 64 1293 398 63319 382 10141 6 12035 6 38128
60841 64 1293 398 63319 382 10141 6 12035 385 38128
60841 64 1293 398 63319 382 10141 6 44869 15 38128
60841 64 1293 398 63319 382 10141 6 44869 6 38128
60841 64 1293 398 63319 382 10141 6 68855 6 38128
60841 64 9678 37 22668 91 31083 217 29947 5 38128
60841 383 71850 294 58806 143 37487 113 1334 15 38128
60841 383 71850 294 58806 143 37487 113 1334 398 38128
60841 383 71850 256 54168 254 6576 356 51294 271 38128
60841 383 71850 256 54168 254 6576 356 51294 385 38128
60841 383 66047 369 73592 358 41653 5 45713 15 38128
60841 277 65857 31 42173 5 5135 358 42522 6 38128
