60841 64 10896
60841 161 62261 64 10896
60841 64 38128 217 9911 5 10896
60841 64 38128 80 38944 315 10896
60841 64 38128 80 38944 91 10896
60841 64 38128 85 17058 112 10896
60841 64 38128 85 17058 191 10896
60841 64 38128 85 64632 112 10896
60841 64 38128 85 64632 191 10896
60841 64 8511 296 48786 99 10896
60841 64 8511 117 3580 334 10896
60841 64 9678 265 19933 64 10896
60841 383 71850 294 4148 64 10896
60841 277 65857 31 3650 123 10896
60841 277 65857 31 73103 123 10896
60841 277 1262 32 23640 64 10896
60841 75 15135 72 20249 64 10896
60841 222 47100 85 74615 112 10896
60841 222 47100 85 74615 191 10896
60841 64 8511 46 69700 384 25456 123 10896
60841 383 71850 294 61222 231 61656 123 10896
60841 64 38128 217 9911 5 23800 384 6901 123 10896
