62261 64 10896
62261 20 60841 64 10896
62261 161 23640 64 10896
62261 64 15254 217 9911 5 10896
62261 64 15254 85 17058 112 10896
62261 64 15254 85 17058 191 10896
62261 64 15254 85 64632 112 10896
62261 64 15254 85 64632 191 10896
62261 64 15254 117 3580 334 10896
62261 236 72636 339 4148 64 10896
62261 236 72636 339 20249 64 10896
62261 236 72636 339 19933 64 10896
62261 231 1444 383 38944 315 10896
62261 231 1444 383 38944 91 10896
62261 297 61222 231 3650 123 10896
62261 297 61222 231 61656 123 10896
62261 297 61222 231 25456 123 10896
62261 297 61222 231 73103 123 10896
62261 236 72636 45 41876 23 74615 112 10896
62261 236 72636 45 41876 23 74615 191 10896
62261 20 60841 64 8511 296 48786 99 10896
62261 64 15254 147 31011 164 23800 384 6901 123 10896
