69931 64 38128
69931 64 52008 15 38128
69931 64 52008 6 38128
69931 151 69092 142 38128
69931 64 52008 15 60073 372 38128
69931 64 52008 15 60073 396 38128
69931 64 52008 15 32129 398 38128
69931 64 52008 15 32129 382 38128
69931 64 52008 252 65553 6 38128
69931 64 52008 252 65553 277 38128
69931 64 52008 252 65553 151 38128
69931 64 52008 379 1483 88 38128
69931 64 52008 85 17058 112 38128
69931 64 52008 85 17058 191 38128
69931 64 52008 141 73982 385 38128
69931 75 20187 32 60841 64 38128
69931 252 6067 151 28806 6 38128
69931 252 6067 151 70550 15 38128
69931 252 6067 151 70550 6 38128
69931 252 6067 151 70550 398 38128
69931 252 6067 151 28376 398 38128
69931 252 6067 151 38944 315 38128
69931 252 6067 151 38944 91 38128
69931 147 17373 373 29827 64 38128
69931 321 24058 196 26151 6 38128
69931 321 24058 196 2748 6 38128
69931 321 24058 196 24596 6 38128
69931 321 24058 196 30522 6 38128
69931 321 24058 300 62434 211 38128
69931 151 69092 294 59433 6 38128
69931 151 69092 294 52920 385 38128
69931 151 69092 294 5256 385 38128
69931 297 61222 231 31011 385 38128
69931 64 52008 15 60073 342 28644 6 38128
69931 64 52008 15 60073 342 21632 252 38128
69931 64 52008 15 60073 342 21632 28 38128
69931 64 52008 15 60073 342 21632 151 38128
69931 64 52008 15 60073 342 21632 396 38128
69931 64 52008 15 60073 382 8039 6 38128
69931 64 52008 15 60073 102 17727 6 38128
69931 64 52008 15 60073 102 29897 6 38128
69931 64 52008 15 60073 266 39181 6 38128
69931 64 52008 15 60073 303 28772 6 38128
69931 64 52008 15 60073 303 28772 277 38128
69931 64 52008 15 60073 303 28772 28 38128
69931 64 52008 217 17518 101 64632 112 38128
69931 64 52008 217 17518 101 64632 191 38128
69931 75 33951 107 22041 126 7417 6 38128
69931 75 64830 332 65855 31 15024 6 38128
69931 75 64830 332 65855 31 66245 385 38128
69931 75 64830 332 65855 31 4399 6 38128
69931 75 64830 332 65855 31 31066 6 38128
69931 75 64830 332 65855 31 20905 6 38128
69931 75 64830 332 65855 31 41162 6 38128
69931 75 64830 332 65855 31 73145 6 38128
69931 75 64830 332 65855 31 48224 6 38128
69931 75 64830 332 65855 31 599 15 38128
69931 75 73458 278 23605 111 9911 5 38128
69931 75 54359 398 15254 85 19769 191 38128
69931 252 6067 32 44534 15 63319 15 38128
69931 252 6067 32 44534 15 63319 398 38128
69931 252 6067 32 23798 75 322 6 38128
69931 252 6067 32 23798 75 322 385 38128
69931 252 6067 32 23798 75 322 398 38128
69931 252 6067 32 15756 271 55887 15 38128
69931 252 6067 32 15756 271 55887 6 38128
69931 252 6067 32 15756 271 55887 398 38128
69931 252 6067 151 28806 6 14736 385 38128
69931 252 6067 151 72838 105 42173 385 38128
69931 252 6067 151 70550 102 23393 6 38128
69931 252 6067 151 53751 255 69443 6 38128
69931 28 51574 300 59812 211 10306 271 38128
69931 28 51574 300 59812 211 11658 385 38128
69931 28 51574 300 59812 211 11658 398 38128
69931 28 51574 300 59812 211 39896 15 38128
69931 28 51574 300 59812 211 39896 6 38128
69931 28 51574 300 59812 211 39896 398 38128
69931 28 51574 332 29052 31 7103 15 38128
69931 28 51574 332 29052 31 7103 6 38128
69931 28 51574 369 73592 277 26569 385 38128
69931 28 51574 369 73592 277 26569 398 38128
69931 277 19215 256 54168 254 20749 385 38128
69931 277 19215 256 54168 254 14297 164 38128
69931 383 53499 369 33054 277 40018 6 38128
69931 321 24058 332 29065 31 1823 15 38128
69931 321 24058 332 29065 31 1823 6 38128
69931 321 24058 332 29065 31 15471 6 38128
69931 321 24058 332 29064 31 26339 6 38128
69931 294 1444 332 40313 31 17875 15 38128
69931 294 1444 332 40313 31 17875 6 38128
69931 294 1444 332 40313 31 17875 398 38128
69931 151 69092 294 37269 336 27108 385 38128
69931 151 69092 294 37269 97 75055 15 38128
69931 151 69092 294 37269 97 75055 6 38128
69931 236 59413 393 20249 392 63974 271 38128
69931 236 59413 393 20249 392 63974 385 38128
69931 64 52008 15 60073 143 37487 113 1334 15 38128
69931 64 52008 15 60073 143 37487 113 1334 398 38128
69931 64 52008 217 17518 5 47560 296 30382 99 38128
69931 64 52008 217 17518 5 16174 6 22928 398 38128
69931 64 52008 217 17518 5 16174 6 22928 382 38128
69931 75 33951 32 17630 45 41876 23 53219 112 38128
69931 75 33951 32 72636 172 27339 172 12246 6 38128
69931 75 33951 32 72636 172 27339 172 12246 398 38128
69931 75 33951 32 19847 290 8607 271 44869 15 38128
69931 75 33951 32 19847 290 8607 271 44869 6 38128
69931 75 33951 107 32131 126 6576 356 51294 271 38128
69931 75 33951 107 32131 126 6576 356 51294 385 38128
69931 75 33951 107 22041 126 7417 6 12035 6 38128
69931 75 33951 107 22041 126 7417 6 12035 385 38128
69931 75 54359 398 15254 296 20492 99 45713 15 38128
69931 252 6067 151 70550 382 10141 6 59072 6 38128
69931 252 6067 151 70550 382 10141 6 32864 15 38128
69931 252 6067 151 70550 382 10141 6 32864 6 38128
69931 252 6067 151 70550 382 10141 6 68855 6 38128
69931 252 6067 151 53751 255 69443 372 586 6 38128
69931 151 69092 75 22668 91 31083 217 29947 5 38128
69931 64 52008 15 60073 336 52103 398 5135 358 42522 6 38128
