3580 334 10896
3580 334 3850 384 3650 123 10896
3580 334 5190 217 9911 5 10896
3580 334 5190 80 38944 315 10896
3580 334 5190 80 38944 91 10896
3580 334 5190 85 17058 112 10896
3580 334 5190 85 17058 191 10896
3580 334 5190 85 64632 112 10896
3580 334 5190 85 64632 191 10896
3580 334 5190 85 74615 112 10896
3580 334 5190 85 74615 191 10896
3580 334 5190 384 25456 123 10896
3580 334 5190 265 19933 64 10896
3580 334 8511 296 48786 99 10896
3580 334 8511 265 60841 64 10896
3580 334 15254 265 62261 64 10896
3580 334 16083 384 6901 123 10896
3580 334 29094 384 61656 123 10896
3580 334 29094 384 73103 123 10896
3580 334 4901 265 20249 64 10896
3580 334 14466 32 4148 64 10896
3580 334 15254 265 62261 161 23640 64 10896
