10174 252 53811
10174 151 53811
10174 102 46685 359 11652 369 53811
10174 102 46685 359 70550 369 53811
10174 102 46685 359 51172 151 53811
10174 102 46685 359 17020 369 53811
10174 102 46685 359 34324 369 53811
10174 102 46685 359 65174 369 53811
10174 102 46685 359 7747 369 53811
10174 102 46685 359 29358 369 53811
10174 102 46685 359 44597 369 53811
10174 102 46685 359 37549 151 53811
10174 102 46685 359 28806 369 53811
10174 102 46685 359 28376 369 53811
10174 102 46685 359 58806 369 53811
10174 102 46685 359 52577 151 53811
10174 332 29052 31 72862 369 53811
10174 332 29052 31 44399 151 53811
10174 332 29052 31 4830 369 53811
10174 332 29052 31 65908 369 53811
10174 332 29052 31 19670 369 53811
10174 332 29052 31 28323 369 53811
10174 332 29052 31 37673 369 53811
10174 332 29052 31 35180 369 53811
10174 332 29052 31 32512 369 53811
10174 332 29052 31 10512 369 53811
10174 332 29052 31 70180 369 53811
10174 332 29052 31 72838 369 53811
10174 332 29052 31 731 369 53811
10174 332 29052 31 75205 369 53811
10174 332 29052 31 57305 369 53811
10174 332 29052 31 67997 369 53811
10174 332 29052 31 23029 369 53811
10174 332 29052 31 32357 369 53811
10174 332 29052 31 40951 369 53811
10174 332 29052 31 63774 369 53811
10174 332 29052 31 33417 369 53811
10174 332 29052 31 52920 369 53811
10174 332 29052 31 10289 369 53811
10174 332 29052 31 36571 369 53811
10174 332 29052 31 49685 369 53811
10174 332 29052 31 14858 369 53811
10174 332 29052 31 56770 369 53811
10174 332 29052 31 1679 369 53811
10174 332 29052 31 40637 369 53811
10174 332 29052 31 8870 369 53811
10174 332 29052 31 53151 369 53811
10174 332 29052 31 50337 369 53811
10174 332 29052 31 46549 151 53811
10174 332 29052 31 29427 369 53811
10174 332 29052 31 64151 369 53811
10174 332 29052 31 25110 369 53811
10174 332 29052 31 64127 369 53811
10174 332 29052 31 62745 151 53811
10174 332 29052 31 26159 369 53811
10174 332 29065 31 60930 369 53811
10174 332 29065 31 72233 369 53811
10174 332 29065 31 50391 369 53811
10174 332 29065 31 3592 369 53811
10174 332 29065 31 41972 369 53811
10174 332 29065 31 67704 151 53811
10174 332 29065 31 42166 369 53811
10174 332 29065 31 30705 369 53811
10174 332 29065 31 52683 369 53811
10174 332 29065 31 22017 369 53811
10174 332 29065 31 11565 369 53811
10174 332 29065 31 28306 369 53811
10174 369 73592 277 15098 151 53811
10174 369 73592 277 43173 151 53811
10174 369 73592 277 26783 252 53811
10174 369 73592 277 26783 151 53811
10174 369 73592 358 28747 369 53811
10174 369 73592 358 50528 369 53811
10174 369 73592 358 60885 369 53811
10174 369 73592 358 56476 369 53811
10174 102 46685 359 24058 196 7377 369 53811
10174 102 46685 359 24058 196 23607 369 53811
10174 102 46685 359 1524 373 60170 369 53811
10174 102 46685 359 65931 101 33697 151 53811
10174 332 29052 31 72079 382 60222 369 53811
10174 332 29052 31 1444 383 38944 369 53811
10174 332 29052 31 33054 277 42581 252 53811
10174 332 29052 31 33054 277 27747 252 53811
10174 332 29052 31 33054 277 27747 151 53811
10174 332 29052 31 33054 252 60250 369 53811
10174 332 29052 31 33054 252 27921 369 53811
10174 332 29052 31 33054 32 50078 369 53811
10174 332 29052 31 33054 32 62962 369 53811
10174 332 29052 31 33054 32 62852 369 53811
10174 332 29052 31 33054 32 68471 369 53811
10174 332 29052 31 33054 32 72854 369 53811
10174 332 29052 31 33054 32 28572 369 53811
10174 332 29052 31 33054 32 24723 369 53811
10174 332 29052 31 33054 32 52301 369 53811
10174 332 29052 31 33054 32 16256 369 53811
10174 332 29052 31 33054 32 37001 369 53811
10174 332 29052 31 33054 32 9122 369 53811
10174 332 29052 31 33054 32 36233 369 53811
10174 332 29052 31 14858 277 47635 369 53811
10174 332 29052 31 43961 75 48632 369 53811
10174 332 29052 31 14859 277 21458 369 53811
10174 332 29052 31 14859 151 11842 369 53811
10174 332 29052 31 29427 321 32762 369 53811
10174 332 29052 31 72636 383 4279 369 53811
10174 332 29052 369 69092 294 71647 369 53811
10174 332 29052 369 69092 294 36307 369 53811
10174 332 29052 369 69092 294 4350 369 53811
10174 102 46685 359 58853 105 52734 172 59152 151 53811
10174 102 46685 359 58853 105 52734 105 54461 369 53811
10174 102 46685 359 58853 143 69742 113 25740 369 53811
10174 102 46685 359 58853 143 69742 113 24988 369 53811
10174 102 46685 359 18645 105 27339 172 63368 369 53811
10174 102 46685 359 30490 332 10045 31 34695 151 53811
10174 102 46685 359 30490 332 65853 31 63860 369 53811
10174 102 46685 359 30490 358 9577 28 28588 252 53811
10174 102 46685 359 30490 75 41897 252 34386 369 53811
10174 102 46685 359 30490 75 41897 252 20394 369 53811
10174 102 46685 359 30490 75 41897 252 61202 369 53811
10174 102 46685 359 30490 75 41897 252 55680 369 53811
10174 102 46685 359 30490 75 41897 252 71012 369 53811
10174 102 46685 359 63685 300 62434 211 5562 369 53811
10174 102 46685 359 63685 356 18597 373 71359 369 53811
10174 102 46685 359 70550 332 65861 31 67358 151 53811
10174 102 46685 359 70550 358 51607 28 8186 369 53811
10174 332 29052 31 27162 32 60562 75 58483 369 53811
10174 332 29052 31 1444 297 13183 277 46393 369 53811
