15922 252 50112
15922 151 50112
15922 252 66347 252 42618 252 50112
15922 252 66347 252 42618 151 50112
15922 252 66347 252 51394 252 50112
15922 252 66347 252 51394 151 50112
15922 252 66347 252 58806 252 50112
15922 252 66347 252 58806 151 50112
15922 252 66347 369 33054 252 50112
15922 252 66347 369 33054 151 50112
15922 252 66347 369 33054 277 37710 252 50112
15922 252 66347 369 33054 252 15927 252 50112
15922 252 66347 369 33054 252 15927 151 50112
15922 252 30522 332 65853 31 59220 252 50112
15922 252 30522 332 29052 31 35527 252 50112
15922 252 30522 332 29052 31 35527 151 50112
15922 252 66347 252 42618 252 1581 252 45053 252 50112
15922 252 66347 252 42618 252 1581 252 45053 151 50112
