15927 252 50112
15927 151 50112
15927 151 33054 252 50112
15927 151 33054 151 50112
15927 252 62747 151 51394 252 50112
15927 252 62747 151 51394 151 50112
15927 102 46685 359 58806 252 50112
15927 102 46685 359 58806 151 50112
15927 332 1707 31 42618 252 50112
15927 332 1707 31 42618 151 50112
15927 332 1707 31 59220 252 50112
15927 332 1705 31 37710 252 50112
15927 332 65855 31 35527 252 50112
15927 332 65855 31 35527 151 50112
15927 252 62747 358 9577 28 15922 252 50112
15927 252 62747 358 9577 28 15922 151 50112
15927 151 33054 277 11053 252 45053 252 50112
15927 151 33054 277 11053 252 45053 151 50112
