26783 252 53811
26783 151 53811
26783 369 73592 277 44399 151 53811
26783 369 73592 277 51172 151 53811
26783 369 73592 277 15098 151 53811
26783 369 73592 277 10174 252 53811
26783 369 73592 277 10174 151 53811
26783 369 73592 277 43173 151 53811
26783 369 73592 277 52577 151 53811
26783 369 73592 358 65174 369 53811
26783 369 73592 358 28306 369 53811
26783 369 73592 358 29427 369 53811
26783 369 73592 358 28747 369 53811
26783 369 73592 358 32357 369 53811
26783 369 73592 358 50528 369 53811
26783 369 73592 358 60885 369 53811
26783 369 73592 358 14858 369 53811
26783 369 73592 358 28376 369 53811
26783 369 73592 358 56476 369 53811
26783 369 73592 277 53751 28 38944 369 53811
26783 369 73592 277 38932 252 63774 369 53811
26783 369 73592 277 73831 252 21458 369 53811
26783 369 73592 277 73831 252 11842 369 53811
26783 369 73592 277 65545 294 4279 369 53811
26783 369 73592 277 43961 75 48632 369 53811
26783 369 73592 277 96 151 58806 369 53811
26783 369 73592 358 29427 126 52683 369 53811
26783 369 73592 358 29427 321 32762 369 53811
26783 369 73592 358 29427 321 26159 369 53811
26783 369 73592 358 60885 359 34324 369 53811
26783 369 73592 358 60885 359 41972 369 53811
26783 369 73592 358 60885 359 44597 369 53811
26783 369 73592 358 60885 359 28806 369 53811
26783 369 73592 358 14858 277 47635 369 53811
26783 369 73592 358 72636 383 19670 369 53811
26783 369 73592 358 72636 383 64151 369 53811
26783 369 73592 358 72636 383 25110 369 53811
26783 369 73592 358 24058 196 7377 369 53811
26783 369 73592 358 24058 196 23607 369 53811
26783 369 73592 358 24058 196 50391 369 53811
26783 369 73592 358 24058 196 75205 369 53811
26783 369 73592 358 24058 196 46549 151 53811
26783 369 73592 277 56624 114 72858 155 65908 369 53811
26783 369 73592 277 56624 114 72858 155 57305 369 53811
26783 369 73592 277 64880 332 65857 31 72862 369 53811
26783 369 73592 277 64880 332 65857 31 70550 369 53811
26783 369 73592 277 64880 332 65857 31 37673 369 53811
26783 369 73592 277 64880 332 65857 31 35180 369 53811
26783 369 73592 277 64880 332 65857 31 72233 369 53811
26783 369 73592 277 64880 332 65857 31 32512 369 53811
26783 369 73592 277 64880 332 65857 31 10512 369 53811
26783 369 73592 277 64880 332 65857 31 70180 369 53811
26783 369 73592 277 64880 332 65857 31 72838 369 53811
26783 369 73592 277 64880 332 65857 31 731 369 53811
26783 369 73592 277 64880 332 65857 31 67997 369 53811
26783 369 73592 277 64880 332 65857 31 23029 369 53811
26783 369 73592 277 64880 332 65857 31 42166 369 53811
26783 369 73592 277 64880 332 65857 31 29358 369 53811
26783 369 73592 277 64880 332 65857 31 24988 369 53811
26783 369 73592 277 64880 332 65857 31 40951 369 53811
26783 369 73592 277 64880 332 65857 31 52920 369 53811
26783 369 73592 277 64880 332 65857 31 36571 369 53811
26783 369 73592 277 64880 332 65857 31 56770 369 53811
26783 369 73592 277 64880 332 65857 31 11565 369 53811
26783 369 73592 277 64880 332 65857 31 40637 369 53811
26783 369 73592 277 64880 332 65857 31 8870 369 53811
26783 369 73592 277 64880 332 65857 31 53151 369 53811
26783 369 73592 277 64880 332 65856 31 33697 151 53811
26783 369 73592 277 64880 332 65856 31 59152 151 53811
26783 369 73592 277 64880 332 65856 31 68471 369 53811
26783 369 73592 277 64880 332 65856 31 1679 369 53811
26783 369 73592 277 64880 332 65856 31 34695 151 53811
26783 369 73592 277 64880 332 65861 31 4830 369 53811
26783 369 73592 277 64880 332 65861 31 28323 369 53811
26783 369 73592 277 64880 332 65861 31 67358 151 53811
26783 369 73592 277 64880 332 10045 31 11652 369 53811
26783 369 73592 277 64880 332 10045 31 7747 369 53811
26783 369 73592 277 64880 332 10045 31 50337 369 53811
26783 369 73592 277 64880 332 65853 31 63860 369 53811
26783 369 73592 277 64880 332 65853 31 10289 369 53811
26783 369 73592 277 64880 332 65853 31 64127 369 53811
26783 369 73592 277 64880 332 65853 31 62745 151 53811
26783 369 73592 277 64880 332 29052 31 33417 369 53811
26783 369 73592 277 64880 332 29052 31 49685 369 53811
26783 369 73592 277 64880 385 54168 254 60170 369 53811
26783 369 73592 277 8156 383 69092 75 22017 369 53811
26783 369 73592 277 8156 383 69092 75 52301 369 53811
26783 369 73592 277 8156 383 69092 294 36233 369 53811
26783 369 73592 277 8156 383 69092 294 42581 252 53811
26783 369 73592 277 8156 383 69092 294 24723 369 53811
26783 369 73592 277 8156 383 69092 294 16256 369 53811
26783 369 73592 277 8156 383 69092 294 3592 369 53811
26783 369 73592 277 8156 383 69092 294 17020 369 53811
26783 369 73592 277 8156 383 69092 294 62962 369 53811
26783 369 73592 277 8156 383 69092 294 50078 369 53811
26783 369 73592 277 8156 383 69092 294 71647 369 53811
26783 369 73592 277 8156 383 69092 294 9122 369 53811
26783 369 73592 277 8156 383 69092 294 72854 369 53811
26783 369 73592 277 8156 383 69092 294 28572 369 53811
26783 369 73592 277 8156 383 69092 294 36307 369 53811
26783 369 73592 277 8156 383 69092 294 4350 369 53811
26783 369 73592 277 8156 383 69092 294 37001 369 53811
26783 369 73592 277 8156 75 33054 277 27747 252 53811
26783 369 73592 277 8156 75 33054 277 27747 151 53811
26783 369 73592 277 8156 75 33054 252 60250 369 53811
26783 369 73592 277 8156 75 33054 252 27921 369 53811
26783 369 73592 277 8156 75 33054 32 62852 369 53811
26783 369 73592 277 44399 332 29065 31 60930 369 53811
26783 369 73592 277 44399 332 29065 31 67704 151 53811
26783 369 73592 277 44399 332 29065 31 30705 369 53811
26783 369 73592 277 44399 356 18597 373 71359 369 53811
26783 369 73592 277 44399 356 18597 373 37549 151 53811
26783 369 73592 277 73460 300 62434 211 5562 369 53811
26783 369 73592 277 73460 300 62434 211 61202 369 53811
26783 369 73592 277 51574 252 6067 151 71012 369 53811
26783 369 73592 277 51172 172 52734 105 54461 369 53811
26783 369 73592 277 51172 143 69742 113 25740 369 53811
26783 369 73592 277 51172 358 51607 28 8186 369 53811
26783 369 73592 277 51172 358 9577 28 28588 252 53811
26783 369 73592 277 51172 356 72079 382 60222 369 53811
26783 369 73592 277 59390 32 23798 75 20394 369 53811
26783 369 73592 277 53751 151 41897 252 34386 369 53811
26783 369 73592 277 53751 151 41897 252 55680 369 53811
26783 369 73592 358 32357 105 27339 172 63368 369 53811
26783 369 73592 358 72636 339 60562 75 58483 369 53811
26783 369 73592 358 72636 339 13183 277 46393 369 53811
