28588 252 53811
28588 358 9577 28 7377 369 53811
28588 358 9577 28 16256 369 53811
28588 358 9577 28 51172 151 53811
28588 358 9577 28 60885 369 53811
28588 358 9577 28 10512 369 53811
28588 358 9577 28 3592 369 53811
28588 358 9577 28 65174 369 53811
28588 358 9577 28 42166 369 53811
28588 358 9577 28 52920 369 53811
28588 358 9577 28 62962 369 53811
28588 358 9577 28 56770 369 53811
28588 358 9577 28 8870 369 53811
28588 358 9577 28 52577 151 53811
28588 358 9577 28 62745 151 53811
28588 369 40754 277 55885 32 50528 369 53811
28588 369 40754 277 32824 28 38944 369 53811
28588 369 40754 277 32824 28 28376 369 53811
28588 369 40754 277 32824 28 29427 369 53811
28588 358 9577 28 42618 6 46549 151 53811
28588 358 9577 28 62747 252 70550 369 53811
28588 358 9577 28 60885 359 34324 369 53811
28588 358 9577 28 60885 359 41972 369 53811
28588 358 9577 28 60885 359 44597 369 53811
28588 358 9577 28 60885 359 28806 369 53811
28588 358 9577 28 60885 359 58806 369 53811
28588 358 9577 28 43655 28 23029 369 53811
28588 358 9577 28 1524 373 60170 369 53811
28588 369 40754 252 28650 332 65853 31 72862 369 53811
28588 369 40754 252 28650 332 65853 31 44399 151 53811
28588 369 40754 252 28650 332 65853 31 11652 369 53811
28588 369 40754 252 28650 332 65853 31 4830 369 53811
28588 369 40754 252 28650 332 65853 31 65908 369 53811
28588 369 40754 252 28650 332 65853 31 37673 369 53811
28588 369 40754 252 28650 332 65853 31 35180 369 53811
28588 369 40754 252 28650 332 65853 31 72233 369 53811
28588 369 40754 252 28650 332 65853 31 32512 369 53811
28588 369 40754 252 28650 332 65853 31 72838 369 53811
28588 369 40754 252 28650 332 65853 31 75205 369 53811
28588 369 40754 252 28650 332 65853 31 57305 369 53811
28588 369 40754 252 28650 332 65853 31 67997 369 53811
28588 369 40754 252 28650 332 65853 31 63860 369 53811
28588 369 40754 252 28650 332 65853 31 29358 369 53811
28588 369 40754 252 28650 332 65853 31 32357 369 53811
28588 369 40754 252 28650 332 65853 31 52683 369 53811
28588 369 40754 252 28650 332 65853 31 24988 369 53811
28588 369 40754 252 28650 332 65853 31 40951 369 53811
28588 369 40754 252 28650 332 65853 31 10289 369 53811
28588 369 40754 252 28650 332 65853 31 36571 369 53811
28588 369 40754 252 28650 332 65853 31 59152 151 53811
28588 369 40754 252 28650 332 65853 31 1679 369 53811
28588 369 40754 252 28650 332 65853 31 11565 369 53811
28588 369 40754 252 28650 332 65853 31 40637 369 53811
28588 369 40754 252 28650 332 65853 31 53151 369 53811
28588 369 40754 252 28650 332 65853 31 50337 369 53811
28588 369 40754 252 28650 332 65853 31 25110 369 53811
28588 369 40754 252 28650 332 65853 31 64127 369 53811
28588 369 40754 252 28650 332 65853 31 28306 369 53811
28588 369 40754 252 28650 332 65853 31 26159 369 53811
28588 369 40754 252 28650 332 29064 31 19670 369 53811
28588 369 40754 252 28650 332 29064 31 28323 369 53811
28588 369 40754 252 28650 332 29064 31 48632 369 53811
28588 369 40754 252 28650 332 29064 31 17020 369 53811
28588 369 40754 252 28650 332 29064 31 731 369 53811
28588 369 40754 252 28650 332 29064 31 7747 369 53811
28588 369 40754 252 28650 332 29064 31 4350 369 53811
28588 369 40754 252 28650 369 33054 277 42581 252 53811
28588 369 40754 252 28650 369 33054 277 27747 252 53811
28588 369 40754 252 28650 369 33054 277 27747 151 53811
28588 369 40754 252 28650 369 33054 252 60250 369 53811
28588 369 40754 252 28650 369 33054 252 27921 369 53811
28588 369 40754 252 28650 369 33054 252 22017 369 53811
28588 369 40754 252 28650 369 33054 32 50078 369 53811
28588 369 40754 252 28650 369 33054 32 62852 369 53811
28588 369 40754 252 28650 369 33054 32 68471 369 53811
28588 369 40754 252 28650 369 33054 32 72854 369 53811
28588 369 40754 252 28650 369 33054 32 28572 369 53811
28588 369 40754 252 28650 369 33054 32 28747 369 53811
28588 369 40754 252 28650 369 33054 32 23607 369 53811
28588 369 40754 252 28650 369 33054 32 56476 369 53811
28588 369 40754 252 28650 369 33054 32 24723 369 53811
28588 369 40754 252 28650 369 33054 32 14858 369 53811
28588 369 40754 252 28650 369 33054 32 52301 369 53811
28588 369 40754 252 28650 369 33054 32 37001 369 53811
28588 369 40754 252 28650 369 33054 32 50391 369 53811
28588 369 40754 252 28650 369 33054 32 9122 369 53811
28588 369 40754 252 28650 369 33054 32 36233 369 53811
28588 369 40754 252 28650 6 72079 382 60222 369 53811
28588 369 40754 252 74956 252 73592 277 15098 151 53811
28588 369 40754 252 74956 252 73592 277 10174 252 53811
28588 369 40754 252 74956 252 73592 277 10174 151 53811
28588 369 40754 252 74956 252 73592 277 43173 151 53811
28588 369 40754 252 74956 252 73592 277 26783 252 53811
28588 369 40754 252 74956 252 73592 277 26783 151 53811
28588 369 40754 252 64735 332 65861 31 33697 151 53811
28588 369 40754 252 64735 332 65861 31 67358 151 53811
28588 369 40754 252 64735 332 65856 31 34695 151 53811
28588 369 40754 252 64735 332 65857 31 70180 369 53811
28588 369 40754 252 64735 332 65855 31 64151 369 53811
28588 369 40754 252 64735 332 29052 31 63774 369 53811
28588 369 40754 252 64735 332 29052 31 33417 369 53811
28588 369 40754 252 64735 332 29052 31 49685 369 53811
28588 369 40754 252 14032 383 69092 294 47635 369 53811
28588 369 40754 252 14032 383 69092 294 71647 369 53811
28588 369 40754 252 14032 383 69092 294 36307 369 53811
28588 369 40754 252 14032 75 41897 252 34386 369 53811
28588 369 40754 252 14032 75 41897 252 20394 369 53811
28588 369 40754 252 14032 75 41897 252 61202 369 53811
28588 369 40754 252 14032 75 41897 252 32762 369 53811
28588 369 40754 252 14032 75 41897 252 55680 369 53811
28588 369 40754 252 14032 75 41897 252 71012 369 53811
28588 369 40754 252 14032 75 41897 252 21458 369 53811
28588 369 40754 252 14032 75 41897 252 11842 369 53811
28588 369 40754 252 41361 332 29065 31 60930 369 53811
28588 369 40754 252 41361 332 29065 31 67704 151 53811
28588 369 40754 252 41361 332 29065 31 30705 369 53811
28588 369 40754 252 32929 157 57047 364 37549 151 53811
28588 369 40754 252 32929 157 57047 383 4279 369 53811
28588 369 40754 277 40260 358 51607 28 5562 369 53811
28588 369 40754 277 40260 358 51607 28 8186 369 53811
28588 369 40754 277 7332 6 18597 373 71359 369 53811
28588 369 40754 277 43702 342 30190 342 25740 369 53811
28588 358 9577 28 51172 172 52734 105 54461 369 53811
28588 358 9577 28 3592 105 27339 172 63368 369 53811
28588 369 40754 252 64735 332 68334 369 60562 75 58483 369 53811
28588 369 40754 252 32929 157 72636 339 13183 277 46393 369 53811
