35527 252 50112
35527 151 50112
35527 252 69092 294 58806 252 50112
35527 252 69092 294 58806 151 50112
35527 332 65855 31 42618 252 50112
35527 332 65855 31 42618 151 50112
35527 332 65855 31 51394 252 50112
35527 332 65855 31 51394 151 50112
35527 332 65855 31 59220 252 50112
35527 332 65855 31 37710 252 50112
35527 332 65855 31 15927 252 50112
35527 332 65855 31 15927 151 50112
35527 332 29052 31 33054 252 50112
35527 332 29052 31 33054 151 50112
35527 151 1581 252 45053 252 50112
35527 151 1581 252 45053 151 50112
35527 332 29052 31 30522 151 15922 252 50112
35527 332 29052 31 30522 151 15922 151 50112
