37710 252 50112
37710 369 33054 252 50112
37710 369 33054 151 50112
37710 252 1581 252 42618 252 50112
37710 252 1581 252 42618 151 50112
37710 252 1581 252 45053 252 50112
37710 252 1581 252 45053 151 50112
37710 252 1581 252 58806 252 50112
37710 252 1581 252 58806 151 50112
37710 252 1581 252 35527 252 50112
37710 252 1581 252 35527 151 50112
37710 332 1705 31 51394 252 50112
37710 332 1705 31 51394 151 50112
37710 332 1705 31 59220 252 50112
37710 332 1705 31 15927 252 50112
37710 332 1705 31 15927 151 50112
37710 332 65853 31 30522 151 15922 252 50112
37710 332 65853 31 30522 151 15922 151 50112
