42581 252 53811
42581 383 69092 75 38944 369 53811
42581 383 69092 75 50391 369 53811
42581 383 69092 75 22017 369 53811
42581 383 69092 75 52301 369 53811
42581 383 69092 294 23029 369 53811
42581 383 69092 294 70550 369 53811
42581 383 69092 294 68471 369 53811
42581 383 69092 294 10512 369 53811
42581 383 69092 294 28747 369 53811
42581 383 69092 294 35180 369 53811
42581 383 69092 294 26159 369 53811
42581 383 69092 294 53151 369 53811
42581 383 69092 294 29427 369 53811
42581 383 69092 294 72838 369 53811
42581 383 69092 294 57305 369 53811
42581 383 69092 294 47635 369 53811
42581 383 69092 294 4830 369 53811
42581 383 69092 294 75205 369 53811
42581 383 69092 294 48632 369 53811
42581 383 69092 294 50528 369 53811
42581 383 69092 294 56770 369 53811
42581 383 69092 294 36233 369 53811
42581 383 69092 294 28806 369 53811
42581 383 69092 294 29358 369 53811
42581 383 69092 294 32512 369 53811
42581 383 69092 294 65908 369 53811
42581 383 69092 294 731 369 53811
42581 383 69092 294 24723 369 53811
42581 383 69092 294 16256 369 53811
42581 383 69092 294 41972 369 53811
42581 383 69092 294 3592 369 53811
42581 383 69092 294 56476 369 53811
42581 383 69092 294 58806 369 53811
42581 383 69092 294 32357 369 53811
42581 383 69092 294 17020 369 53811
42581 383 69092 294 7377 369 53811
42581 383 69092 294 42166 369 53811
42581 383 69092 294 25110 369 53811
42581 383 69092 294 62962 369 53811
42581 383 69092 294 8870 369 53811
42581 383 69092 294 72233 369 53811
42581 383 69092 294 37673 369 53811
42581 383 69092 294 50078 369 53811
42581 383 69092 294 40637 369 53811
42581 383 69092 294 7747 369 53811
42581 383 69092 294 11565 369 53811
42581 383 69092 294 71647 369 53811
42581 383 69092 294 9122 369 53811
42581 383 69092 294 72854 369 53811
42581 383 69092 294 28572 369 53811
42581 383 69092 294 65174 369 53811
42581 383 69092 294 28376 369 53811
42581 383 69092 294 34324 369 53811
42581 383 69092 294 28306 369 53811
42581 383 69092 294 52683 369 53811
42581 383 69092 294 52920 369 53811
42581 383 69092 294 36307 369 53811
42581 383 69092 294 10289 369 53811
42581 383 69092 294 4350 369 53811
42581 383 69092 294 40951 369 53811
42581 383 69092 294 23607 369 53811
42581 383 69092 294 60885 369 53811
42581 383 69092 294 14858 369 53811
42581 383 69092 294 37001 369 53811
42581 75 41897 252 72862 369 53811
42581 75 41897 252 34386 369 53811
42581 75 41897 252 28323 369 53811
42581 75 41897 252 60170 369 53811
42581 75 41897 252 24988 369 53811
42581 75 41897 252 20394 369 53811
42581 75 41897 252 61202 369 53811
42581 75 41897 252 32762 369 53811
42581 75 41897 252 49685 369 53811
42581 75 41897 252 55680 369 53811
42581 75 41897 252 71012 369 53811
42581 75 41897 252 21458 369 53811
42581 75 41897 252 64151 369 53811
42581 75 41897 252 11842 369 53811
42581 369 33054 277 27747 252 53811
42581 369 33054 277 27747 151 53811
42581 369 33054 277 62745 151 53811
42581 369 33054 252 60250 369 53811
42581 369 33054 252 27921 369 53811
42581 369 33054 32 62852 369 53811
42581 369 33054 32 44597 369 53811
42581 383 69092 114 65545 294 4279 369 53811
42581 383 69092 142 39737 15 43173 151 53811
42581 383 69092 32 57047 364 59152 151 53811
42581 383 69092 32 57047 364 37549 151 53811
42581 383 69092 32 57047 364 52577 151 53811
42581 383 69092 294 60562 75 58483 369 53811
42581 383 69092 294 24058 196 51172 151 53811
42581 383 69092 294 24058 196 46549 151 53811
42581 383 69092 294 39260 103 33697 151 53811
42581 383 69092 294 15756 364 67997 369 53811
42581 383 69092 294 72079 382 60222 369 53811
42581 383 69092 294 72636 383 19670 369 53811
42581 383 69092 294 61222 231 30705 369 53811
42581 383 69092 151 10045 31 11652 369 53811
42581 383 69092 151 10045 31 36571 369 53811
42581 383 69092 151 10045 31 1679 369 53811
42581 383 69092 151 10045 31 34695 151 53811
42581 383 69092 151 10045 31 50337 369 53811
42581 383 69092 151 68334 31 44399 151 53811
42581 383 69092 277 29052 31 10174 252 53811
42581 383 69092 277 29052 31 10174 151 53811
42581 383 69092 277 29052 31 70180 369 53811
42581 383 69092 277 29052 31 63774 369 53811
42581 383 69092 277 29052 31 33417 369 53811
42581 383 69092 277 29052 31 64127 369 53811
42581 383 69092 277 29065 31 60930 369 53811
42581 383 69092 277 29065 31 67704 151 53811
42581 383 69092 277 65853 31 63860 369 53811
42581 75 41897 277 65861 31 67358 151 53811
42581 369 33054 151 62434 211 5562 369 53811
42581 383 69092 75 9441 28 73592 277 15098 151 53811
42581 383 69092 75 9441 28 73592 277 26783 252 53811
42581 383 69092 75 9441 28 73592 277 26783 151 53811
42581 383 69092 75 27162 358 51607 28 8186 369 53811
42581 383 69092 75 19515 369 40754 277 28588 252 53811
42581 383 69092 114 4394 143 69742 113 25740 369 53811
42581 383 69092 114 4394 143 69742 113 54461 369 53811
42581 383 69092 294 3291 356 18597 373 71359 369 53811
42581 383 69092 294 26869 105 27339 172 63368 369 53811
42581 383 69092 294 72636 339 13183 277 46393 369 53811
