45053 252 50112
45053 151 50112
45053 252 5683 151 51394 252 50112
45053 252 5683 151 51394 151 50112
45053 252 11053 252 42618 252 50112
45053 252 11053 252 42618 151 50112
45053 252 11053 252 59220 252 50112
45053 252 11053 252 33054 252 50112
45053 252 11053 252 33054 151 50112
45053 252 11053 151 58806 252 50112
45053 252 11053 151 58806 151 50112
45053 151 1581 252 37710 252 50112
45053 151 1581 252 35527 252 50112
45053 151 1581 252 35527 151 50112
45053 252 11053 252 33054 252 15927 252 50112
45053 252 11053 252 33054 252 15927 151 50112
45053 252 5683 151 51394 252 66347 252 15922 252 50112
45053 252 5683 151 51394 252 66347 252 15922 151 50112
