51394 252 50112
51394 151 50112
51394 369 33054 252 50112
51394 369 33054 151 50112
51394 252 5683 151 45053 252 50112
51394 252 5683 151 45053 151 50112
51394 252 62747 252 15927 252 50112
51394 252 62747 252 15927 151 50112
51394 252 66347 252 42618 252 50112
51394 252 66347 252 42618 151 50112
51394 252 66347 252 58806 252 50112
51394 252 66347 252 58806 151 50112
51394 252 66347 252 15922 252 50112
51394 252 66347 252 15922 151 50112
51394 332 10045 31 59220 252 50112
51394 332 65853 31 37710 252 50112
51394 332 65855 31 35527 252 50112
51394 332 65855 31 35527 151 50112
