58806 252 50112
58806 151 50112
58806 75 33054 252 50112
58806 75 33054 151 50112
58806 252 53302 252 59220 252 50112
58806 252 18009 151 15922 252 50112
58806 252 18009 151 15922 151 50112
58806 252 1581 252 42618 252 50112
58806 252 1581 252 42618 151 50112
58806 252 1581 252 45053 252 50112
58806 252 1581 252 45053 151 50112
58806 252 1581 252 37710 252 50112
58806 252 1581 252 35527 252 50112
58806 252 1581 252 35527 151 50112
58806 75 33054 277 51394 252 50112
58806 75 33054 277 51394 151 50112
58806 75 33054 252 15927 252 50112
58806 75 33054 252 15927 151 50112
