59220 252 50112
59220 5 44125 369 33054 252 50112
59220 5 44125 369 33054 151 50112
59220 252 53302 252 58806 252 50112
59220 252 53302 252 58806 151 50112
59220 252 11053 252 42618 252 50112
59220 252 11053 252 42618 151 50112
59220 252 11053 252 45053 252 50112
59220 252 11053 252 45053 151 50112
59220 332 17143 31 35527 252 50112
59220 332 17143 31 35527 151 50112
59220 332 65855 31 51394 252 50112
59220 332 65855 31 51394 151 50112
59220 332 65855 31 37710 252 50112
59220 332 65855 31 15927 252 50112
59220 332 65855 31 15927 151 50112
59220 164 20626 358 9577 28 15922 252 50112
59220 164 20626 358 9577 28 15922 151 50112
