6168 252 40401
6168 277 53751 151 40401
6168 383 67410 64 58864 217 40401
6168 277 53751 151 41897 277 64632 249 40401
6168 383 67410 392 26528 356 17373 373 40401
6168 383 67410 392 26528 356 17373 105 40401
6168 277 53751 101 9911 163 70719 267 43419 254 40401
6168 383 67410 64 58864 141 25518 385 50489 254 40401
6168 277 53751 155 69092 294 65139 358 73954 15 20712 256 24028 254 40401
6168 277 53751 155 69092 294 65139 358 73954 15 20712 256 34300 254 40401
6168 277 53751 155 69092 294 65139 358 73954 15 20712 256 34300 141 40401
