9013 298 48546
9013 383 69092 294 48546
9013 383 69092 294 47635 75 48546
9013 383 69092 294 14858 75 48546
9013 383 66628 75 41897 32 48546
9013 383 19933 75 25905 32 48546
9013 383 19933 75 12129 75 48546
9013 383 19933 151 42789 32 48546
9013 383 19933 151 3643 32 48546
9013 298 61365 114 46659 155 48546
9013 298 61365 114 35200 155 48546
9013 298 61365 114 58089 155 48546
9013 298 61365 114 58089 32 48546
9013 298 61365 114 22277 155 48546
9013 298 61365 114 24640 155 48546
9013 298 61365 75 4818 32 48546
9013 298 61365 75 60943 32 48546
9013 298 61365 75 10037 32 48546
9013 383 69092 75 27162 32 58037 32 48546
9013 383 69092 75 27162 32 12211 32 48546
9013 383 69092 75 27162 32 34150 155 48546
9013 383 69092 75 27162 369 67189 32 48546
9013 383 69092 114 60924 155 34162 75 48546
9013 383 69092 114 60924 155 47372 75 48546
9013 383 69092 114 60924 155 19200 75 48546
9013 383 69092 114 60924 155 25358 75 48546
9013 383 69092 114 60924 155 25358 294 48546
9013 383 69092 294 64021 75 39971 32 48546
9013 383 69092 294 59413 114 58399 155 48546
