69409 98 61405
69409 98 16856 204 70532 98 61405
69409 98 16856 204 49224 98 61405
69409 98 16856 204 21054 98 61405
69409 98 16856 204 415 98 61405
69409 98 16856 204 10421 98 61405
69409 98 16856 204 63987 98 61405
69409 98 16856 204 55308 98 61405
69409 98 16856 204 27913 98 61405
69409 98 16856 204 42842 98 61405
69409 98 16856 204 71501 98 61405
69409 98 16856 204 66893 98 61405
69409 98 16856 204 46219 98 61405
69409 98 16856 204 15401 98 61405
69409 98 16856 204 29566 98 61405
69409 98 16856 204 51200 98 61405
69409 98 16856 204 30042 98 61405
69409 98 16856 204 23330 98 61405
69409 98 16856 204 72256 98 61405
69409 98 16856 204 46434 98 61405
69409 98 16856 204 15000 98 61405
69409 98 16856 81 43747 181 61405
69409 98 16856 311 39456 181 61405
69409 98 16856 311 39456 380 61405
69409 98 16856 204 7279 241 16633 98 61405
69409 98 16856 204 7279 350 53539 98 61405
69409 98 16856 311 39456 380 25277 98 61405
69409 98 16856 311 39456 380 1287 98 61405
69409 98 16856 204 49224 98 43778 350 48478 98 61405
69409 98 16856 204 49224 98 7721 204 44257 98 61405
69409 98 16856 204 49224 98 7721 204 33210 98 61405
69409 98 16856 204 49224 98 7721 204 53450 98 61405
69409 98 16856 204 49224 98 7721 81 15265 181 61405
69409 98 16856 204 49224 98 7721 81 31987 181 61405
69409 98 16856 204 66893 13 7177 12 20974 98 61405
69409 98 16856 204 15401 241 51434 58 34890 98 61405
69409 98 16856 204 15401 98 15395 204 51628 98 61405
69409 98 16856 204 15401 98 41387 81 20612 181 61405
69409 98 16856 204 46434 308 65378 0 859 181 61405
69409 98 16856 204 49224 98 43778 350 48478 109 36482 98 61405
69409 98 16856 204 49224 98 43778 350 48478 109 54433 98 61405
69409 98 16856 204 49224 98 7721 184 37161 189 22928 98 61405
69409 98 16856 204 46219 341 53698 320 39841 241 34099 98 61405
69409 98 16856 204 15401 241 67332 300 62434 211 42990 98 61405
69409 98 16856 204 49224 143 37487 113 62465 143 69742 113 19897 98 61405
69409 98 16856 204 46219 341 53698 109 68898 13 41217 241 52258 98 61405
