70532 98 16856
70532 311 39456 380 16856
70532 98 61405 204 69409 98 16856
70532 98 61405 204 49224 98 16856
70532 98 61405 204 21054 98 16856
70532 98 61405 204 415 98 16856
70532 98 61405 204 10421 98 16856
70532 98 61405 204 63987 98 16856
70532 98 61405 204 55308 98 16856
70532 98 61405 204 27913 98 16856
70532 98 61405 204 42842 98 16856
70532 98 61405 204 71501 98 16856
70532 98 61405 204 66893 98 16856
70532 98 61405 204 46219 98 16856
70532 98 61405 204 15401 98 16856
70532 98 61405 204 29566 98 16856
70532 98 61405 204 51200 98 16856
70532 98 61405 204 30042 98 16856
70532 98 61405 204 23330 98 16856
70532 98 61405 204 72256 98 16856
70532 98 61405 204 46434 98 16856
70532 98 61405 204 15000 98 16856
70532 98 61405 81 43747 181 16856
70532 98 61405 204 16633 341 7279 98 16856
70532 98 61405 204 16633 327 3139 98 16856
70532 98 61405 204 71501 109 19160 98 16856
70532 98 61405 204 15401 98 29557 98 16856
70532 98 61405 204 53539 371 11400 98 16856
70532 311 39456 181 7721 204 65412 98 16856
70532 98 61405 204 71501 98 16183 204 71750 98 16856
70532 98 61405 204 71501 98 46074 204 69173 98 16856
70532 98 61405 204 15401 241 54601 109 28793 98 16856
