14343 141 29427
4038 105 49534
49534 172 4038
60365 358 37408
15158 332 65853
52181 118 2514
2514 329 52181
68839 300 62434
62434 211 68839
71316 369 33054
29427 385 14343
56705 118 56118
56118 329 56705
41897 252 36307
65853 31 15158
33054 277 71316
37408 28 60365
36307 151 41897
36307 369 53811
53811 277 36307
19709 118 19803
19803 329 19709
24634 332 65856
40685 118 4067
4067 329 40685
27187 118 26817
26817 329 27187
29580 323 44999
34045 294 9013
44999 313 55523
34045 358 2588
9013 383 34045
65856 31 24634
44999 313 29580
2588 28 34045
74077 213 57645
66836 118 32914
32914 329 66836
55523 323 44999
44999 313 16619
16619 323 44999
44999 313 18855
58910 151 34795
618 118 2572
57645 121 74077
2572 329 618
34795 252 58910
18855 323 44999
58910 369 33054
33054 277 58910
58910 358 9782
9782 28 58910
10684 75 65148
68441 164 36439
36439 147 68441
65148 32 10684
36439 147 13251
13251 164 36439
36439 147 21430
68141 118 5705
5705 329 68141
32944 118 300
300 329 32944
40347 369 62557
21430 164 36439
36439 398 21356
207 271 71314
36439 398 13251
43105 271 71314
13251 15 36439
69201 372 71314
21356 15 36439
207 385 71314
21178 256 972
972 254 21178
16394 332 29065
36439 398 21430
39701 180 10392
62557 277 40347
21430 15 36439
71314 130 207
71314 130 43105
71314 203 69201
71314 141 207
29065 31 16394
39114 118 64983
64983 329 39114
6792 118 72888
72888 329 6792
59333 300 62434
10392 71 39701
30631 118 54599
54599 329 30631
12921 332 65855
65855 31 12921
12921 332 29065
29065 31 12921
12921 332 29064
29064 31 12921
62434 211 59333
55787 332 29064
55787 294 19847
29064 31 55787
5679 32 4279
19847 383 55787
34853 118 20777
20777 329 34853
5470 118 46376
46376 329 5470
29061 31 25880
25880 332 29061
25880 332 29064
29064 31 25880
25880 332 23453
23453 31 25880
4279 75 5679
53901 332 65857
53901 358 7341
65857 31 53901
7341 28 53901
42934 32 36301
36301 75 42934
42934 369 56774
56774 277 42934
62465 143 69742
13954 118 28837
28837 329 13954
5786 118 44076
44076 329 5786
69742 113 62465
62465 143 37487
37487 113 62465
62465 143 44991
4066 118 42443
42443 329 4066
44991 113 62465
73813 113 62465
27110 29 42543
62465 143 73813
57076 382 48861
57076 382 53540
48861 6 57076
53540 6 57076
52260 118 23483
23483 329 52260
14068 118 11136
11136 329 14068
24607 118 53217
53217 329 24607
23060 118 1016
1016 329 23060
52927 102 912
42617 388 30186
30186 171 42617
33128 151 33054
42543 306 27110
33128 180 10392
10392 71 33128
33054 252 33128
912 359 52927
4373 130 5558
5558 271 4373
4373 130 24800
24800 271 4373
4373 130 69865
69865 271 4373
4373 141 24800
56527 151 33054
24800 385 4373
4373 141 5558
38119 277 56527
5558 385 4373
9013 84 14239
14239 51 9013
57760 383 14239
62470 151 73831
14239 294 57760
6501 332 29065
33054 252 56527
16368 118 41278
41278 329 16368
40343 332 65857
56527 369 38119
16923 102 16252
36505 398 47877
2848 80 38944
47877 15 36505
2848 37 38944
36505 382 62397
57001 118 29375
29375 329 57001
7969 369 33054
62397 6 36505
73831 252 62470
29065 31 6501
16252 359 16923
65857 31 40343
38944 315 2848
38944 91 2848
33054 277 7969
74475 313 21680
21680 323 74475
74475 313 68699
68699 323 74475
74475 313 12217
12217 323 74475
74475 313 29580
29580 323 74475
74475 313 16619
74475 313 10036
16619 323 74475
31615 332 29061
10036 323 74475
21681 118 25366
25366 329 21681
70349 118 53553
53553 329 70349
74475 313 68348
68348 323 74475
74475 313 55523
55523 323 74475
74475 313 19607
29061 31 31615
19607 323 74475
34575 332 65855
65855 31 34575
34575 332 65861
65861 31 34575
34575 332 65853
65853 31 34575
34575 332 29052
29052 31 34575
23453 31 34575
34575 332 23453
34575 332 29065
29065 31 34575
34575 369 33054
43116 330 47832
47832 42 43116
49930 398 50359
50359 15 49930
74705 118 67576
67576 329 74705
49107 32 17624
33054 277 34575
49107 358 17624
9577 28 34575
32022 114 6132
34575 358 9577
6132 155 32022
6132 358 5422
31420 37 22668
5422 28 6132
70682 296 50774
17624 75 49107
13690 398 38014
38014 15 13690
13690 382 38014
38014 6 13690
25519 118 69877
69877 329 25519
7769 151 7670
17624 28 49107
49539 369 33054
27985 332 65857
65857 31 27985
27985 332 29064
29064 31 27985
22668 91 31420
50774 99 70682
7670 252 7769
13437 217 9911
33054 277 49539
9911 5 13437
13437 80 38944
38944 315 13437
13437 37 38944
38944 91 13437
13437 85 17058
17058 112 13437
13437 85 64632
64632 112 13437
13437 374 64632
23614 118 22616
22616 329 23614
64632 191 13437
13437 265 19933
19933 64 13437
2434 369 44440
16617 102 25130
25130 359 16617
71191 358 2588
44440 277 2434
2434 358 44440
44440 28 2434
60845 256 54168
54168 254 60845
60845 369 22958
22958 277 60845
2588 28 71191
56624 369 9025
48335 29 42543
56624 369 4335
9025 277 56624
56624 369 73592
4335 277 56624
73592 277 56624
9548 332 65857
56624 358 9025
9025 28 56624
42543 306 48335
42120 143 37487
37487 113 42120
59671 118 52594
52594 329 59671
72633 151 9351
42120 143 73813
73813 113 42120
65857 31 9548
65351 80 38944
38944 315 65351
65351 37 22668
22668 91 65351
43321 14 68539
68539 27 43321
43321 46 42841
42841 281 43321
71631 118 25187
25187 329 71631
55290 118 38107
38107 329 55290
20496 118 29526
29526 329 20496
9351 252 72633
86 332 29064
29064 31 86
86 369 33054
26492 369 33054
33054 277 86
60543 398 70582
70582 15 60543
60543 151 70582
70582 252 60543
32159 151 58799
86 358 9577
18947 102 35191
35191 359 18947
52209 80 38944
9577 28 86
52209 37 38944
33363 105 27339
27339 172 33363
33363 300 62434
62434 211 33363
33054 277 26492
58799 252 32159
38944 315 52209
38944 91 52209
28650 332 65853
46573 118 25366
25366 329 46573
41923 14 73209
73209 27 41923
540 118 26005
26005 329 540
57824 118 23612
23612 329 57824
63559 151 58217
65853 31 28650
19922 118 40363
40363 329 19922
22414 102 7118
7118 359 22414
29064 31 28650
28650 332 29064
28650 151 40754
40754 252 28650
28650 369 33054
33054 277 28650
58217 252 63559
40260 332 41016
40260 151 33054
41016 31 40260
33054 252 40260
40260 369 40754
40754 277 40260
40260 358 51607
51607 28 40260
40260 358 9577
9577 28 40260
36326 279 45690
45690 284 36326
36326 279 67168
67168 284 36326
36326 279 72822
72822 284 36326
36326 279 58040
58040 284 36326
36326 279 53452
53452 284 36326
36326 279 25598
25598 284 36326
36326 279 59727
59727 284 36326
28662 271 20801
24773 332 65853
31033 271 20801
65853 31 24773
31033 385 20801
24773 369 33054
33054 277 24773
63966 377 10911
10911 238 63966
20801 130 28662
20801 130 31033
20801 141 31033
56677 398 28806
28806 15 56677
56677 382 28806
24803 294 9013
28806 6 56677
20752 130 32650
32650 271 20752
20752 203 52003
52003 372 20752
54229 358 37408
56677 143 69742
7824 118 1188
1188 329 7824
24037 32 2168
69742 113 56677
56677 396 58146
58146 35 56677
56677 396 54516
54516 35 56677
9013 383 24803
37408 28 54229
2168 75 24037
9757 350 32994
32994 109 9757
9757 350 67909
67909 109 9757
9757 341 67909
6311 118 55604
55604 329 6311
67909 241 9757
9757 12 67909
67909 13 9757
8307 151 33054
33054 252 8307
8307 29 60746
60746 306 8307
65584 332 29064
29064 31 65584
65584 369 33054
33054 277 65584
65584 358 9577
9577 28 65584
74956 151 40754
40754 252 74956
74956 369 33054
6009 118 19090
19090 329 6009
33054 277 74956
72783 151 21435
21435 252 72783
23453 31 64132
64132 332 23453
31365 118 64983
64983 329 31365
10044 118 57756
57756 329 10044
61843 300 35791
64132 332 29052
29052 31 64132
70532 98 61405
70532 98 16856
61405 204 70532
16856 204 70532
35791 211 61843
15024 332 1707
1707 31 15024
15024 332 10045
10045 31 15024
15024 332 1705
1705 31 15024
15024 332 65855
65855 31 15024
15024 332 65853
65853 31 15024
15024 332 65857
15024 332 65856
65857 31 15024
65856 31 15024
15024 332 29052
29052 31 15024
15024 332 29065
29065 31 15024
15024 332 29064
33672 118 58897
29064 31 15024
58897 329 33672
5160 118 27734
27734 329 5160
2283 118 64367
64367 329 2283
65115 14 65848
65848 27 65115
23723 332 29052
72281 32 14858
15024 332 23453
23453 31 15024
15024 332 29061
49375 118 51103
51103 329 49375
43039 358 51607
29061 31 15024
65260 369 33054
15024 332 68334
21904 85 17058
14858 75 72281
27279 379 1483
68334 31 15024
66332 34 32131
54664 342 60070
29052 31 23723
32131 126 66332
51607 28 43039
17058 112 21904
33054 277 65260
1483 88 27279
1789 369 73831
60070 303 54664
60250 151 33054
10641 369 33054
36549 32 50528
33054 252 60250
36549 151 50528
60250 369 53811
22648 130 75076
53811 277 60250
65981 94 9013
36080 372 22648
9013 298 65981
73831 277 1789
50528 75 36549
33054 277 10641
50528 252 36549
75076 271 22648
22648 203 36080
58853 105 52734
52734 172 58853
58853 102 60885
60885 359 58853
58853 102 6934
6934 359 58853
58853 102 46685
8275 102 16537
16537 359 8275
19137 118 27117
27117 329 19137
46685 359 58853
58853 143 69742
58853 102 71279
71279 359 58853
69742 113 58853
58853 256 54168
54168 254 58853
70136 332 10045
10045 31 70136
70136 332 1705
1705 31 70136
70136 332 60031
60031 31 70136
70136 332 65855
65855 31 70136
70136 332 65853
65853 31 70136
70136 332 65856
65856 31 70136
70136 332 65861
65861 31 70136
70136 332 7925
7925 31 70136
70136 332 64354
64354 31 70136
70136 332 43192
43192 31 70136
70136 332 29052
29052 31 70136
70136 332 29065
29065 31 70136
70136 332 29064
29064 31 70136
70136 332 23453
23453 31 70136
70136 332 29061
29061 31 70136
70136 332 36618
36618 31 70136
70136 332 69354
70136 332 68334
69354 31 70136
68334 31 70136
70136 332 68336
68336 31 70136
70136 332 68337
68337 31 70136
70136 332 32721
32721 31 70136
70136 332 1723
1723 31 70136
4926 143 24749
24749 113 4926
4926 143 74349
74349 113 4926
4926 143 35753
35753 113 4926
4926 143 35399
35399 113 4926
4926 143 60951
60951 113 4926
4926 143 72919
72919 113 4926
4926 143 74010
74010 113 4926
4926 143 9220
4926 143 36577
9220 113 4926
36577 113 4926
19106 113 4926
4926 143 41674
41674 113 4926
4926 143 7803
4926 143 68300
67766 113 4926
4926 143 29834
4926 143 19106
4926 143 44315
4926 143 67766
7803 113 4926
68048 113 4926
5 113 4926
68300 113 4926
44315 113 4926
46949 118 54884
29834 113 4926
54884 329 46949
4926 143 68048
13646 118 2729
2729 329 13646
4926 143 72157
72157 113 4926
4926 143 48283
57047 364 4926
4926 143 25448
48283 113 4926
26051 118 44840
4926 348 57047
44840 329 26051
25448 113 4926
15803 187 24340
4926 143 5
37751 332 29065
34419 155 29427
3971 265 19933
24340 328 15803
24127 32 69099
29427 114 34419
29427 75 34419
34419 32 29427
34419 37 16834
62143 358 43972
6576 373 62143
43972 28 62143
69099 75 24127
62143 356 6576
29382 194 4388
4388 239 29382
29382 102 25210
19933 64 3971
25210 359 29382
29382 102 45673
45673 359 29382
21096 359 29382
29382 102 21096
29382 102 44966
44966 359 29382
16834 91 34419
12945 118 41014
41014 329 12945
13523 369 53751
61689 118 65041
65041 329 61689
29065 31 37751
68441 164 70368
70368 147 68441
11256 213 58833
70368 147 34279
64119 164 70368
66231 329 2492
70368 147 21430
57048 151 33054
29742 105 52734
70368 147 64119
64966 118 48459
48459 329 64966
11872 118 31873
31873 329 11872
46593 118 48317
48317 329 46593
11364 14 1646
34279 164 70368
52565 332 29052
21430 164 70368
422 118 21943
21943 329 422
19166 358 9577
53751 277 13523
33054 252 57048
57048 358 9577
33242 130 21701
9577 28 57048
33242 141 21701
58833 121 11256
33014 117 41793
41793 334 33014
64 369 33054
2492 118 66231
52734 172 29742
24696 34 32131
32131 126 24696
1646 27 11364
9577 28 19166
48115 213 48362
29052 31 52565
48362 121 48115
21701 271 33242
33054 277 64
9541 332 65855
21701 385 33242
64829 143 69742
23403 332 65853
72143 118 14280
14280 329 72143
23403 332 65857
65853 31 23403
65857 31 23403
23403 332 29065
23403 369 33054
9577 28 23403
29065 31 23403
23403 358 9577
33054 277 23403
65855 31 9541
69742 113 64829
8078 379 66239
8078 379 61696
66239 88 8078
61696 88 8078
8078 292 52898
52898 338 8078
69742 113 73338
73338 105 27339
27339 172 73338
73338 143 69742
73338 143 37487
15113 332 65853
37487 113 73338
30069 369 40754
68334 31 46683
46683 332 68334
12257 367 52103
46683 369 33054
51082 367 52103
33054 277 46683
57813 367 52103
46683 358 9577
26868 367 52103
46683 358 51607
9577 28 46683
31621 75 58344
47609 367 52103
51607 28 46683
58344 32 31621
65853 31 15113
40754 277 30069
52103 357 51082
52103 357 12257
52103 357 57813
52103 357 26868
52103 357 2907
2907 367 52103
10184 367 52103
52103 357 47609
52103 357 10184
52103 398 5135
52103 105 9898
5135 15 52103
52103 105 52734
9898 172 52103
52734 172 52103
52103 105 9637
9637 172 52103
52103 105 14736
14736 172 52103
52103 143 69742
69742 113 52103
52103 54 69459
52103 213 59108
69459 337 52103
59108 121 52103
6194 336 52103
52103 255 71491
51482 336 52103
27127 118 26606
26606 329 27127
52103 255 67386
45332 15 46858
52103 255 51482
71491 336 52103
67386 336 52103
52103 255 60073
60073 336 52103
52103 255 50502
50502 336 52103
52103 255 30687
52103 255 6194
30687 336 52103
46858 398 15239
15239 15 46858
46858 398 45332
46858 358 17373
17373 28 46858
23883 359 21810
21810 102 23883
21810 102 30145
30145 359 21810
21810 102 37934
37934 359 21810
50583 143 67171
68477 330 25615
25615 42 68477
56296 348 57047
50583 105 52734
45423 118 70134
70134 329 45423
52734 172 50583
64273 332 29052
41005 118 71069
71069 329 41005
10804 118 50039
50039 329 10804
63 118 47414
47414 329 63
50583 143 69742
26316 388 2598
48395 118 27722
27722 329 48395
19012 369 40754
69742 113 50583
63428 332 26184
67171 113 50583
26973 369 33054
44667 105 27339
27339 172 44667
44667 300 59812
44667 300 62434
59812 211 44667
62434 211 44667
26184 31 63428
57047 364 56296
40754 277 19012
29052 31 64273
2598 171 26316
33054 277 26973
42987 219 49110
49110 108 42987
42987 219 5390
6914 358 9577
5390 108 42987
58382 217 36773
42987 219 11523
42987 219 49989
11523 108 42987
42987 219 20268
42987 219 11054
11054 108 42987
49989 108 42987
14889 358 9577
20268 108 42987
9577 28 14889
9577 28 6914
36773 5 58382
44925 332 10045
65855 31 44925
44925 332 65853
44925 332 65855
10045 31 44925
65853 31 44925
44925 332 65857
65857 31 44925
44925 332 65856
65856 31 44925
44925 332 65861
65861 31 44925
44925 332 29052
29065 31 44925
29052 31 44925
44925 332 29065
44925 332 29064
23453 31 44925
44925 332 29061
29064 31 44925
44925 332 23453
29061 31 44925
44925 332 68334
68334 31 44925
44925 332 68339
44925 332 68338
68339 31 44925
44925 332 68336
68336 31 44925
68338 31 44925
68337 31 44925
44925 332 68337
64354 31 44925
44925 332 64354
44925 321 24058
65853 31 68356
68356 332 65861
68356 332 10045
24058 196 44925
44925 358 51607
68356 332 23453
68356 332 29065
51607 28 44925
23453 31 68356
65861 31 68356
68356 332 65853
41366 254 2030
10045 31 68356
41366 35 2030
29065 31 68356
68356 332 74810
68356 332 29064
29064 31 68356
2030 396 41366
2030 32 66047
2030 256 41366
74810 31 68356
28147 118 24335
24335 329 28147
9148 118 40050
40050 329 9148
10620 141 11949
2030 356 48207
27169 396 63585
63585 35 27169
50090 321 24058
68356 369 33054
18108 118 42403
33054 277 68356
42403 329 18108
3834 102 27555
27555 359 3834
47472 118 27354
27354 329 47472
66047 75 2030
2030 356 17373
29065 31 30748
48207 373 2030
30748 332 29065
17373 373 2030
24403 332 65853
30748 332 23453
23453 31 30748
11949 385 10620
24058 196 50090
24403 332 65856
65853 31 24403
24403 332 23453
65856 31 24403
29064 31 24403
22754 306 24403
23453 31 24403
24403 332 29064
29065 31 24403
10392 71 24403
24403 332 29061
29061 31 24403
49961 118 46696
46696 329 49961
36385 143 10200
24403 180 10392
14936 118 38607
38607 329 14936
38618 194 50546
50546 239 38618
38618 102 50546
50546 359 38618
44325 398 9238
24403 332 29065
44325 382 9238
24403 29 39786
64816 32 27894
39786 306 24403
24403 29 22754
24403 29 42543
60746 306 24403
24403 369 33054
42543 306 24403
24403 29 60746
9238 15 44325
10200 113 36385
28737 118 66448
66448 329 28737
10204 32 14858
33054 277 24403
10204 369 14858
9238 6 44325
10204 358 14858
27894 75 64816
62041 118 55745
55745 329 62041
6706 374 17058
6706 358 50528
17058 191 6706
69930 183 49598
70812 187 69930
69930 328 70812
50528 28 6706
14858 28 10204
14858 75 10204
14858 277 10204
49598 347 69930
72553 213 51646
51646 121 72553
74863 121 72553
72553 213 11288
72553 213 74863
11288 121 72553
6570 282 72553
72553 397 6570
4366 282 72553
72553 397 51080
72553 397 4366
51080 282 72553
72553 397 7347
7347 282 72553
72553 397 27770
27770 282 72553
72553 397 29981
72553 397 4192
47724 282 72553
29981 282 72553
4192 282 72553
72553 397 47724
42667 252 72553
72553 397 32937
15200 252 72553
32937 282 72553
42667 35 72553
24722 194 68953
68953 239 24722
24722 102 73238
73238 359 24722
24722 102 68953
68953 359 24722
3247 14 64734
64734 27 3247
72553 397 62831
62831 282 72553
72553 397 3650
72553 397 21550
3650 282 72553
72553 397 5428
5428 282 72553
72553 151 42667
31133 152 48613
21550 282 72553
72553 151 15200
72553 396 42667
41605 332 29065
29065 31 41605
41605 369 40754
40754 277 41605
4884 147 18597
429 6 4884
4884 382 429
65853 31 19430
48613 326 31133
19430 332 65853
18597 164 4884
19430 332 29052
29052 31 19430
19430 332 23453
23453 31 19430
19430 332 29061
29061 31 19430
19430 332 68334
29052 31 29281
52244 350 67908
32978 219 49110
68334 31 19430
25690 102 18963
18963 359 25690
29281 332 29052
29281 332 29064
29064 31 29281
29065 31 29281
58178 118 208
208 329 58178
67838 56 31185
31185 390 67838
29281 332 29065
63375 332 29064
64051 358 9577
29281 151 33054
33704 141 59906
33054 252 29281
38142 369 55855
29281 369 25489
25489 277 29281
49110 108 32978
67908 109 52244
13476 151 33054
33054 252 13476
13476 358 61234
61234 28 13476
9577 28 64051
36252 102 11037
11037 359 36252
36252 102 53033
53033 359 36252
45658 118 15050
15050 329 45658
35043 300 62434
29064 31 63375
22126 118 51019
51019 329 22126
57340 330 68987
68987 42 57340
37783 14 46331
46331 27 37783
30699 118 74717
74717 329 30699
41483 118 72888
72888 329 41483
70152 118 2838
2838 329 70152
50353 379 66239
59906 385 33704
55855 277 38142
69743 102 60885
60885 359 69743
69743 102 46685
46685 359 69743
49298 369 33054
33054 277 49298
49298 358 9577
34795 151 14337
62434 211 35043
34795 151 49114
48288 252 34795
18684 118 36403
36403 329 18684
34795 151 34224
34795 151 48288
34224 252 34795
9577 28 49298
66239 88 50353
14337 252 34795
49114 252 34795
34795 358 51755
34795 358 17373
61161 217 63705
51755 28 34795
63927 219 64012
17373 28 34795
63927 219 63539
33686 118 74085
74085 329 33686
31400 398 18055
63927 219 51739
10055 118 38717
38717 329 10055
31664 118 1672
1672 329 31664
51739 108 63927
63539 108 63927
63705 5 61161
63927 219 61017
61017 108 63927
64012 108 63927
26223 118 9430
9430 329 26223
22209 118 51331
51331 329 22209
19046 332 29064
18055 15 31400
9441 32 69092
9441 32 4703
29064 31 19046
19046 332 29065
33054 277 9441
29065 31 19046
9441 369 33054
4703 75 9441
4534 14 52534
52534 27 4534
10145 382 52133
52133 6 10145
33775 151 61370
69092 75 9441
55075 151 24578
55075 369 33054
49844 118 68633
68633 329 49844
12605 118 37760
37760 329 12605
47411 118 71737
71737 329 47411
8014 217 59220
55075 32 38055
55475 277 55075
38055 75 55075
38055 28 55075
55075 369 55475
24578 252 55075
33054 277 55075
55075 358 38055
61370 252 33775
4449 358 37408
37408 28 4449
9577 28 24325
51607 28 24325
24325 358 51607
59220 5 8014
24325 358 9577
28178 239 63432
63432 194 28178
63432 369 9025
9025 277 63432
9025 28 63432
63432 358 9025
4173 211 14691
14691 300 4173
849 211 14691
14691 300 62849
62879 211 14691
62849 211 14691
14691 300 62879
14691 300 65810
65810 211 14691
14691 300 62434
62434 211 14691
14691 300 16843
16843 211 14691
14691 300 17426
14691 300 849
33456 211 14691
17426 211 14691
14691 300 33456
14691 300 55212
14691 300 17629
55212 211 14691
14691 300 26313
17629 211 14691
14691 300 23323
26313 211 14691
23323 211 14691
14691 300 64408
64408 211 14691
14691 300 74587
74587 211 14691
60653 323 14691
14691 313 10368
14691 313 60653
14691 313 19567
10368 323 14691
19567 323 14691
14691 313 46000
46000 323 14691
14691 313 29580
29580 323 14691
14691 313 16619
16619 323 14691
73158 323 14691
14691 313 73158
21680 323 14691
14691 313 44620
14691 313 21680
44620 323 14691
14691 313 20320
20320 323 14691
14691 313 10036
10036 323 14691
19607 323 14691
14691 313 19607
47265 323 14691
14691 313 47265
18855 323 14691
14691 313 12217
14691 313 18855
12217 323 14691
14691 313 63290
63290 323 14691
3377 323 14691
14691 313 3377
14691 313 9972
9972 323 14691
14691 313 17688
17688 323 14691
54069 323 14691
14691 313 54069
14691 313 18285
14691 313 19295
18285 323 14691
19295 323 14691
14691 313 68699
68699 323 14691
14691 313 58482
14691 313 48926
58482 323 14691
14691 313 63852
48926 323 14691
14691 313 55523
63852 323 14691
68348 323 14691
14691 313 68348
55523 323 14691
14691 313 1856
1856 323 14691
14691 313 3690
3690 323 14691
57685 323 14691
54744 323 14691
14691 313 57685
14691 313 54744
14691 313 36101
36101 323 14691
14691 341 28369
28369 241 14691
14691 341 67908
67908 241 14691
14691 341 21202
58572 118 34671
34671 329 58572
61460 151 23358
23358 252 61460
61460 256 23358
23358 254 61460
61460 396 23358
23358 35 61460
61460 358 23358
23358 28 61460
7743 398 56644
21202 241 14691
7743 382 56644
54601 109 13644
2161 187 13644
13644 350 54601
13644 328 2161
13644 350 16633
16633 109 13644
54990 342 15785
58253 396 20004
20004 35 58253
16940 369 33054
13644 350 67909
56802 256 20526
20526 254 56802
56802 396 20526
20526 35 56802
56802 358 20526
20526 28 56802
67909 109 13644
13644 341 67909
67909 241 13644
56644 15 7743
56644 6 7743
15785 358 9577
9577 28 15785
51607 28 15785
15785 358 51607
15785 303 54990
33054 277 16940
62011 332 29052
29052 31 62011
18645 147 34351
34351 164 18645
18645 105 54129
3374 172 18645
54129 172 18645
18645 105 3374
18645 105 27339
27339 172 18645
18645 102 22259
18645 102 3405
3405 359 18645
22259 359 18645
5767 359 18645
4187 332 65853
18645 102 5767
64479 369 40754
18645 102 60885
60885 359 18645
18645 102 36156
18645 102 46685
36156 359 18645
46685 359 18645
18645 143 69742
18645 143 67171
69742 113 18645
67171 113 18645
65853 31 4187
65268 332 65855
40754 277 64479
65855 31 65268
10045 31 65268
65268 332 10045
65268 332 65853
65861 31 65268
65853 31 65268
65268 332 65861
65268 332 65856
65856 31 65268
65268 332 29052
5196 85 64632
29052 31 65268
5196 374 64632
65268 332 29065
30350 217 39807
65268 332 29064
29065 31 65268
29064 31 65268
65268 332 23453
23453 31 65268
65268 369 53751
65268 72 67410
67410 272 65268
53751 277 65268
64632 112 5196
39807 5 30350
64632 191 5196
29064 31 23813
23813 332 29064
23813 332 29065
21080 118 60612
60612 329 21080
74805 118 3105
3105 329 74805
41529 32 26742
29065 31 23813
17903 118 21563
21563 329 17903
23813 332 29052
23453 31 23813
23813 332 23453
29052 31 23813
8428 332 23453
23453 31 8428
8428 332 29064
29064 31 8428
40754 277 8428
8428 369 40754
26742 75 41529
75235 94 9013
75235 151 33054
8401 6 72079
9013 298 75235
33054 252 75235
72079 398 39635
39635 15 72079
72079 382 37878
72079 105 27339
27339 172 72079
72079 382 72437
37878 6 72079
72437 6 72079
72079 382 8401
56645 6 72079
72079 382 56645
72079 382 15895
15895 6 72079
72079 382 5850
72079 382 60222
5850 6 72079
60222 6 72079
56316 6 72079
42618 6 72079
72079 382 42618
22663 6 72079
72079 382 22663
72079 382 59046
72079 382 55330
59046 6 72079
55330 6 72079
72079 382 429
72079 382 56316
429 6 72079
72079 382 68659
68659 6 72079
72079 382 56441
56441 6 72079
49770 6 72079
13526 6 72079
24203 6 72079
72079 382 13526
72079 382 30109
30109 6 72079
46982 6 72079
72079 382 1727
1727 6 72079
72079 382 56798
56798 6 72079
72079 382 65305
65305 6 72079
72079 382 49770
30645 6 72079
72079 382 24203
37504 6 72079
72079 382 37504
48745 6 72079
72079 382 46982
73985 6 72079
72079 382 73985
22122 6 72079
72079 382 28650
10432 6 72079
28650 6 72079
42278 6 72079
72079 382 42278
72079 382 30430
72079 382 30645
30430 6 72079
72079 382 48745
72079 382 65513
65513 6 72079
72079 382 22122
72079 382 10432
72079 300 66239
66239 211 72079
72079 300 62434
62434 211 72079
72079 332 1707
72079 332 10045
1707 31 72079
10045 31 72079
72079 332 1705
1705 31 72079
60306 31 72079
72079 332 60306
60031 31 72079
72079 332 60031
72079 332 60308
60308 31 72079
72079 332 65855
65855 31 72079
72079 332 65853
65853 31 72079
72079 332 65857
65856 31 72079
65857 31 72079
72079 332 65856
72079 332 68800
68800 31 72079
72079 332 23887
23887 31 72079
72079 332 51356
51356 31 72079
72079 332 51355
51358 31 72079
72079 332 51358
51355 31 72079
72079 332 23446
23446 31 72079
72079 332 6058
6058 31 72079
72079 332 31869
31869 31 72079
72079 332 31874
31874 31 72079
72079 332 29052
72079 332 29065
29052 31 72079
29065 31 72079
72079 332 29064
29064 31 72079
72079 332 23453
23453 31 72079
72079 332 29061
29061 31 72079
72079 332 3992
3992 31 72079
72079 332 3980
3980 31 72079
72079 332 35877
35877 31 72079
72079 332 59840
59840 31 72079
72079 332 32380
32380 31 72079
72079 332 68334
68334 31 72079
72079 332 68339
72079 332 68338
68338 31 72079
68339 31 72079
72079 332 68336
68336 31 72079
72079 332 68337
68337 31 72079
72079 332 10188
10188 31 72079
72079 332 71061
71061 31 72079
72079 332 12340
12340 31 72079
72079 332 40315
58095 194 2043
2043 239 58095
28766 102 65409
65409 359 28766
28766 102 62546
62546 359 28766
7259 332 32380
40315 31 72079
34423 118 14503
14503 329 34423
33012 194 4632
4632 239 33012
33012 194 36100
36100 239 33012
55975 382 72593
72593 6 55975
55975 151 72593
72593 252 55975
55975 256 72510
72510 254 55975
55975 396 72510
72079 332 40309
72510 35 55975
55975 358 72593
72593 28 55975
40309 31 72079
72079 332 40308
40308 31 72079
72079 332 40312
40312 31 72079
69875 37 38944
54168 254 72079
35701 398 38128
72079 256 54168
20237 332 65855
72079 256 29063
16360 56 21390
29063 254 72079
32380 31 7259
54310 121 61005
61005 213 54310
61005 227 14116
14116 26 61005
61005 34 14116
14116 126 61005
38944 91 69875
38128 15 35701
65855 31 20237
21390 390 16360
20140 332 10045
10045 31 20140
20140 332 1705
1705 31 20140
20140 332 65855
65855 31 20140
20140 332 65853
65853 31 20140
20140 332 65857
65857 31 20140
20140 332 65856
65856 31 20140
20140 332 65861
65861 31 20140
20140 332 29052
29052 31 20140
29065 31 20140
20140 332 29065
20140 332 29064
20140 332 23453
29064 31 20140
75303 105 27339
23453 31 20140
65572 118 10456
10456 329 65572
43031 217 23230
20140 332 29061
47275 118 55912
55912 329 47275
14324 151 15835
29061 31 20140
55587 356 21322
20140 332 68334
68334 31 20140
20140 332 68337
68337 31 20140
20140 358 9577
9577 28 20140
20140 358 51607
72508 332 29064
51607 28 20140
27339 172 75303
23230 5 43031
15835 252 14324
21322 373 55587
45264 300 62434
62434 211 45264
15896 369 33054
65853 31 45264
41064 118 1371
1371 329 41064
58268 118 2521
2521 329 58268
48548 118 62147
45264 369 22958
62147 329 48548
59003 356 6576
27112 118 63709
63709 329 27112
45264 332 65853
22958 277 45264
29064 31 72508
27901 300 66239
66239 211 27901
22191 102 43626
43626 359 22191
22191 369 33054
45002 377 10911
33054 277 22191
33054 277 15896
6576 373 59003
25182 332 29052
29052 31 25182
25182 332 29064
29064 31 25182
25182 294 29427
29427 383 25182
25182 151 29427
29427 252 25182
10911 238 45002
63400 332 1707
1707 31 63400
65855 31 63400
10045 31 63400
63400 332 10045
51591 358 36619
63400 332 65855
63400 332 65853
65853 31 63400
63400 332 29065
29065 31 63400
63400 332 29064
29064 31 63400
63400 332 23453
23453 31 63400
63400 332 29061
36619 28 51591
29061 31 63400
62327 358 9577
9577 28 62327
62327 358 51607
51607 28 62327
1045 398 58402
58402 15 1045
1045 358 39091
39091 28 1045
73627 332 10045
10045 31 73627
65853 31 73627
73627 332 65853
73627 332 1705
1705 31 73627
73627 332 65855
65855 31 73627
73627 332 65856
65856 31 73627
73627 332 1707
1707 31 73627
73627 332 65857
65857 31 73627
73627 332 12804
12804 31 73627
73627 332 68338
68338 31 73627
73627 332 29052
29052 31 73627
73627 332 32380
73627 332 29064
32380 31 73627
29064 31 73627
73627 332 23453
23453 31 73627
73627 332 29065
29065 31 73627
73627 332 29061
29061 31 73627
73627 332 68336
17344 102 22341
22341 359 17344
17344 102 44395
44395 359 17344
68336 31 73627
68334 31 73627
73627 332 68334
73627 332 40309
34728 358 9577
40309 31 73627
68337 31 73627
73627 332 68337
73627 332 40318
40318 31 73627
73627 369 33054
33054 277 73627
4845 184 37161
37161 189 4845
4845 184 12856
12856 189 4845
9577 28 34728
65814 332 3992
3992 31 65814
65814 151 33054
65814 369 22958
56419 342 65814
33054 252 65814
22958 277 65814
65814 303 23029
23029 342 65814
65814 303 28591
60310 342 65814
28591 342 65814
65814 303 37302
37302 342 65814
65814 303 12956
12956 342 65814
65814 303 56419
65814 303 58769
65814 303 73217
58769 342 65814
73217 342 65814
65814 303 60310
65814 303 52672
52672 342 65814
19760 342 65814
65814 303 33971
33971 342 65814
65814 303 29254
29254 342 65814
65814 303 19515
19515 342 65814
65814 303 46670
46670 342 65814
65814 303 67308
65814 303 19760
67308 342 65814
65814 303 17897
17897 342 65814
65814 303 4445
4445 342 65814
6894 342 65814
65814 303 6894
34234 342 65814
65814 303 34234
65814 303 13839
13839 342 65814
37028 342 65814
65814 303 37028
65814 303 11708
11708 342 65814
68303 342 65814
65814 303 68890
18120 342 65814
68890 342 65814
65814 303 32824
65814 303 65897
5711 342 65814
32824 342 65814
65897 342 65814
65814 303 1444
1444 342 65814
65814 303 40496
40496 342 65814
65814 303 68303
65814 303 18120
65814 303 74553
74553 342 65814
65814 303 5711
11566 342 65814
64735 342 65814
65814 303 64735
65814 303 16721
16721 342 65814
65814 303 30952
30952 342 65814
65814 303 73559
73559 342 65814
65814 303 73875
73875 342 65814
65814 303 11566
65814 303 55217
55217 342 65814
65814 303 28860
28860 342 65814
65814 303 22772
22772 342 65814
65853 31 15790
15790 332 65853
15790 332 65855
15790 332 10045
65855 31 15790
10045 31 15790
15790 332 65856
41943 14 42191
42191 27 41943
15790 332 23453
65856 31 15790
23453 31 15790
15790 332 29052
29052 31 15790
15790 332 29065
29065 31 15790
61409 336 73058
25527 369 25489
15790 332 29064
28664 130 36424
36424 271 28664
28664 141 36424
36424 385 28664
15595 118 28027
28027 329 15595
29064 31 15790
15790 332 29061
13119 118 70079
70079 329 13119
36670 118 12974
12974 329 36670
34673 118 31078
31078 329 34673
52781 151 56644
29061 31 15790
30515 118 65552
73058 105 52734
52734 172 73058
73058 143 39406
73058 143 69742
39406 113 73058
69742 113 73058
73058 255 61409
25489 277 25527
54177 294 1444
1444 383 54177
56644 252 52781
37128 94 9013
65552 329 30515
75268 369 33054
54233 388 991
69405 118 68583
68583 329 69405
73816 14 65562
991 171 54233
71248 151 38128
54233 388 21205
71232 29 42543
54233 388 38226
21205 171 54233
38226 171 54233
6994 388 2598
54233 388 36821
36821 171 54233
54233 388 2598
2598 171 54233
26006 252 53811
9013 298 37128
33054 277 75268
65562 27 73816
38128 252 71248
42543 306 71232
1823 332 29065
29065 31 1823
2598 171 6994
4028 194 69212
69212 239 4028
4028 102 61951
61951 359 4028
4028 102 62835
62835 359 4028
4028 102 69212
69212 359 4028
53811 151 10174
10174 252 53811
53811 151 26006
53811 151 42581
42581 252 53811
53811 151 26783
53811 151 28588
26783 252 53811
28588 252 53811
53811 151 27747
27747 252 53811
70135 15 13606
2 332 65853
65853 31 2
2 34 2516
2516 126 2
2 256 54168
54168 254 2
40816 147 58402
58402 164 40816
40816 358 39091
13606 398 70135
39091 28 40816
44499 332 29052
44499 332 29064
29052 31 44499
29064 31 44499
44499 332 23453
23453 31 44499
44499 332 29065
29065 31 44499
44499 358 9577
9577 28 44499
44499 358 51607
51607 28 44499
37987 332 65856
65856 31 37987
37987 332 29064
29064 31 37987
23453 31 37987
37987 332 23453
37987 332 29052
29052 31 37987
37987 332 29065
1024 118 6653
6653 329 1024
34043 269 67541
29065 31 37987
50766 130 55914
40754 277 37987
50766 141 55914
37987 369 40754
1800 118 16610
16610 329 1800
35048 332 10045
10045 31 35048
47334 32 14858
35048 332 65855
33374 118 24051
24051 329 33374
65855 31 35048
35048 332 23453
23453 31 35048
35048 332 68337
68337 31 35048
67541 399 34043
55914 271 50766
55914 385 50766
37745 358 39091
39091 28 37745
14858 75 47334
64880 332 65857
65857 31 64880
64880 332 65856
65856 31 64880
64880 332 65861
65861 31 64880
64880 332 51816
51816 31 64880
64880 332 10045
10045 31 64880
64880 332 65855
65855 31 64880
65853 31 64880
64880 332 65853
64880 332 1705
1705 31 64880
64880 332 60305
60305 31 64880
64880 332 60031
60031 31 64880
64880 332 51352
51352 31 64880
64880 332 3980
3980 31 64880
68338 31 64880
64880 332 68338
64880 332 40308
40308 31 64880
64880 332 29052
29052 31 64880
64880 332 68334
68334 31 64880
68337 31 64880
64880 332 68337
64880 332 68336
68336 31 64880
6058 31 64880
64880 332 6058
64880 332 40316
40316 31 64880
64880 332 35877
35877 31 64880
64880 213 58833
58833 121 64880
11414 336 64880
67561 118 58901
58901 329 67561
43873 217 41972
64880 255 11414
72660 369 33054
64880 397 59413
74089 118 45247
45247 329 74089
23650 34 23889
59413 282 64880
56522 118 47700
47700 329 56522
64880 397 47724
47724 282 64880
64880 396 54516
54516 35 64880
64880 369 73592
73592 277 64880
64880 303 7846
7846 342 64880
41972 5 43873
33054 277 72660
23889 126 23650
25616 332 65853
65853 31 25616
25616 332 65856
65856 31 25616
25616 332 29065
29065 31 25616
25616 332 29064
29064 31 25616
25616 332 23453
30519 118 49040
49040 329 30519
23453 31 25616
25616 332 29061
23573 358 32396
29061 31 25616
64111 118 31690
31690 329 64111
30997 32 61370
25616 369 33054
33054 277 25616
46821 332 68807
68807 31 46821
68805 31 46821
46821 332 68805
55662 217 34738
4521 194 244
244 239 4521
34738 5 55662
23573 398 74634
74634 15 23573
32396 28 23573
61370 75 30997
61196 102 33373
33373 359 61196
61196 143 69742
44621 118 63300
63300 329 44621
69742 113 61196
61196 143 67171
67171 113 61196
57577 105 27332
27332 172 57577
57577 300 59812
59812 211 57577
57577 393 67410
67410 392 57577
57577 356 14472
56854 332 10045
14472 373 57577
10045 31 56854
56854 332 65855
65855 31 56854
56854 332 65853
65853 31 56854
56854 332 65857
65857 31 56854
56854 332 65856
22438 118 74426
74426 329 22438
7684 330 72713
65856 31 56854
56854 332 29052
29052 31 56854
56854 332 29065
29065 31 56854
56854 332 29064
12275 28 26610
26610 358 37408
29064 31 56854
31728 118 16396
16396 329 31728
23453 31 56854
56854 332 23453
3200 369 33054
56854 369 33054
54812 369 9336
9336 277 54812
47602 118 25366
25366 329 47602
59795 118 64463
64463 329 59795
33054 277 56854
72713 42 7684
25170 382 24058
24058 6 25170
1819 99 25170
25170 296 1819
26610 358 12275
37408 28 26610
21798 358 23798
33054 277 3200
23798 28 21798
10896 217 9911
9911 5 10896
10896 80 38944
38944 315 10896
10896 37 38944
38944 91 10896
10896 296 48786
48786 99 10896
10896 85 17058
17058 112 10896
10896 85 64632
64632 112 10896
10896 85 74615
74615 112 10896
10896 374 17058
17058 191 10896
10896 374 64632
64632 191 10896
10896 374 74615
74615 191 10896
10896 384 61656
61656 123 10896
10896 384 3650
3650 123 10896
10896 384 6901
6901 123 10896
10896 384 25456
25456 123 10896
10896 384 73103
73103 123 10896
10896 117 3580
3580 334 10896
10896 265 60841
15579 118 38433
38433 329 15579
53234 332 56027
60841 64 10896
10896 265 62261
62261 64 10896
19933 64 10896
10896 265 19933
3760 217 39807
10896 265 4148
55295 118 52912
52912 329 55295
4148 64 10896
10896 265 23640
23640 64 10896
10896 265 20249
20249 64 10896
56027 31 53234
67567 105 52734
52734 172 67567
67567 143 69742
39807 5 3760
10205 118 56952
56952 329 10205
75298 398 18129
18129 15 75298
75298 151 9032
9032 252 75298
75298 396 9032
9032 35 75298
75298 358 64227
64227 28 75298
69742 113 67567
27807 398 14472
13897 14 66558
66558 27 13897
41917 118 57590
57590 329 41917
13338 118 27140
27140 329 13338
23162 294 14858
4421 80 38944
20656 118 34236
34236 329 20656
38552 243 72169
72169 223 38552
11404 118 64052
64052 329 11404
38944 315 4421
4421 37 22668
22668 91 4421
4421 296 1819
1819 99 4421
4421 85 64632
64632 112 4421
4421 374 64632
64632 191 4421
14472 15 27807
65726 388 12176
14858 383 23162
12176 171 65726
65726 388 60773
60773 171 65726
65726 388 42664
13956 332 65857
42664 171 65726
20975 118 50400
50400 329 20975
5103 151 63585
63585 252 5103
65726 388 12270
64888 239 16024
12270 171 65726
52303 239 16024
65726 388 36821
15926 239 16024
36821 171 65726
52303 359 16024
65726 388 30186
46002 359 16024
65726 388 2598
21285 359 16024
16024 102 43621
30186 171 65726
2598 171 65726
15926 359 16024
64372 118 6382
6382 329 64372
65726 388 71663
71663 171 65726
16024 194 64888
65857 31 13956
16024 194 52303
16024 194 15926
16024 102 52303
16024 102 46002
16024 102 21285
43621 359 16024
16024 102 15926
48029 217 9911
9911 5 48029
48029 80 38944
38944 315 48029
48029 37 38944
38944 91 48029
48029 296 20492
24404 358 37408
20492 99 48029
48029 85 17058
64632 112 48029
48029 85 64632
17058 112 48029
29636 332 65861
19769 112 48029
48029 85 19769
48029 374 64632
64632 191 48029
48029 265 19933
19933 64 48029
3751 252 5683
37408 28 24404
22452 252 5683
41053 98 16856
65861 31 29636
8210 118 46857
46857 329 8210
37180 118 12500
12500 329 37180
58040 284 35078
35078 279 58040
5683 151 3751
16856 204 41053
45053 252 5683
5683 151 51394
73035 114 72717
51394 252 5683
35078 279 59727
5683 151 22452
59727 284 35078
5683 151 45053
72717 155 2532
2532 114 72717
4445 114 72717
72717 155 4445
5645 294 19933
72717 155 32937
5645 369 19933
32937 114 72717
72717 155 73035
72717 155 64021
72717 155 61365
61748 118 68755
68755 329 61748
54591 102 41250
41250 359 54591
34800 118 267
267 329 34800
73988 398 58402
10959 356 68723
68723 373 10959
64021 114 72717
61365 114 72717
44046 397 59413
59413 282 44046
44046 256 54168
19933 383 5645
54168 254 44046
19933 277 5645
65900 6 16217
58402 15 73988
34598 118 33429
33429 329 34598
5898 34 23093
69802 398 27999
44136 369 40754
27999 15 69802
7470 194 42746
42746 239 7470
7470 102 42746
42746 359 7470
50336 152 48613
16217 382 65900
16217 130 38746
38746 271 16217
16217 369 65900
65900 277 16217
23093 126 5898
16217 141 38746
16217 369 38746
38746 385 16217
38746 277 16217
40754 277 44136
57483 332 65861
48613 326 50336
57483 332 29052
65861 31 57483
29052 31 57483
65855 31 38768
38768 332 65853
65857 31 38768
65853 31 38768
38768 332 65855
38768 332 65857
38768 332 23453
38768 332 29061
29061 31 38768
38768 332 29064
29064 31 38768
23453 31 38768
38768 332 29052
29052 31 38768
38768 366 48451
71553 14 45617
45617 27 71553
38768 332 68334
68334 31 38768
48451 149 38768
38768 61 55888
15647 277 38768
55888 62 38768
38768 369 15647
38768 369 33054
33054 277 38768
38768 369 3643
3643 277 38768
65853 31 48838
48838 332 65857
48838 332 65853
65857 31 48838
23453 31 48838
60997 143 69742
48838 332 23453
48838 332 29064
48838 332 32380
32380 31 48838
29064 31 48838
48838 332 29065
29065 31 48838
64061 398 41623
48838 321 24058
24058 196 48838
48838 369 40754
40754 277 48838
39204 147 58402
39204 34 39781
69742 113 60997
58402 164 39204
39781 126 39204
39204 358 39091
15215 332 65857
41623 15 64061
39091 28 39204
65857 31 15215
15215 332 65861
15215 332 65856
15215 332 23887
6644 14 43343
43343 27 6644
65856 31 15215
65861 31 15215
23887 31 15215
15215 332 68334
6553 118 21697
21697 329 6553
68334 31 15215
15215 332 40319
15215 369 53065
40319 31 15215
48961 118 51190
51190 329 48961
51386 369 73831
53065 277 15215
5965 398 58402
15215 369 73592
73592 277 15215
58402 15 5965
5965 34 27248
27248 126 5965
8549 332 29065
29065 31 8549
8549 332 29064
73831 277 51386
29064 31 8549
59774 369 33054
33054 277 59774
30622 332 65855
65855 31 30622
30622 332 65857
65857 31 30622
29052 31 30622
30622 332 29052
30622 332 29064
30622 332 29065
29064 31 30622
17796 54 36562
36562 337 17796
64144 151 73831
29065 31 30622
17856 143 46502
46502 113 17856
21885 369 33054
25489 277 30622
69993 118 38279
38279 329 69993
27870 155 69092
30622 369 25489
65855 31 39739
39739 332 65855
29064 31 39739
39739 332 29064
19223 118 28777
28777 329 19223
39739 332 68334
68334 31 39739
39739 332 51352
51352 31 39739
33054 277 21885
73831 252 64144
69092 114 27870
29530 46 27021
27021 281 29530
29530 296 75291
75291 99 29530
65856 31 70122
70122 332 65856
70122 332 65855
65855 31 70122
70122 332 10045
70122 332 65853
10045 31 70122
70122 332 29065
29065 31 70122
65853 31 70122
29052 31 70122
42174 143 69742
70122 332 29052
70122 332 23453
23453 31 70122
70122 332 29064
29064 31 70122
29061 31 70122
70122 332 29061
70122 332 57026
57026 31 70122
70122 369 33054
33054 277 70122
53055 155 74864
53055 398 27999
69742 113 42174
74864 114 53055
27999 15 53055
53055 358 17373
17373 28 53055
74972 369 33054
74972 358 9577
33054 277 74972
9577 28 74972
64690 105 52734
52734 172 64690
64690 143 69742
69742 113 64690
64690 332 10045
10045 31 64690
64690 332 65861
48082 369 40754
65861 31 64690
67845 105 52734
64690 332 29052
61443 384 68560
29052 31 64690
7425 348 57047
64690 332 23453
13406 118 7789
7789 329 13406
54282 118 63887
63887 329 54282
33166 388 2598
64690 332 29064
49276 369 40754
29064 31 64690
23453 31 64690
29065 31 64690
64690 332 29061
64690 332 29065
29061 31 64690
40754 277 48082
51037 369 27458
27458 277 51037
3486 118 67530
67530 329 3486
53595 356 65917
52734 172 67845
72775 32 51420
57047 364 7425
68560 123 61443
2598 171 33166
42964 32 38055
40754 277 49276
38055 75 42964
73831 277 42964
42964 369 73831
72645 358 9577
44826 296 75291
9577 28 72645
65917 373 53595
51420 75 72775
44825 37 22668
22668 91 44825
44825 296 75291
75291 99 44825
44825 384 29452
44825 117 3580
29452 123 44825
3580 334 44825
75291 99 44826
44827 80 38944
46987 118 3539
3539 329 46987
45656 358 9577
38944 315 44827
44827 37 38944
38944 91 44827
44827 296 75291
44827 85 17058
75291 99 44827
17058 112 44827
44827 374 71784
71784 191 44827
44827 374 17058
17058 191 44827
9577 28 45656
44571 332 65857
65857 31 44571
44571 332 32380
44571 332 29064
4205 239 58042
32380 31 44571
44571 369 33054
29064 31 44571
10903 239 58042
33054 277 44571
14356 359 58042
58042 194 52866
52866 239 58042
58042 194 6883
11592 359 58042
6883 239 58042
58042 194 35050
35050 239 58042
58042 194 8127
58042 194 4205
5372 15 38128
58042 194 10903
44536 15 38128
8127 239 58042
58042 102 14356
58042 102 35050
35050 359 58042
58042 102 11592
58042 102 10810
10810 359 58042
29844 15 38128
38128 147 14297
14297 164 38128
38128 398 44536
38128 398 63319
38128 398 5372
63319 15 38128
38128 398 55887
38128 398 39896
55887 15 38128
39896 15 38128
38128 398 29844
38128 398 599
599 15 38128
38128 398 70550
1334 15 38128
70550 15 38128
38128 398 1334
38128 398 44869
44869 15 38128
9701 15 38128
38128 398 75055
75055 15 38128
38128 398 17875
17875 15 38128
38128 398 7103
7103 15 38128
38128 398 52008
52008 15 38128
38128 398 1823
19018 6 38128
1823 15 38128
38128 398 9701
38128 398 32864
35577 6 38128
32864 15 38128
38128 398 45713
45713 15 38128
38128 382 42522
42522 6 38128
34449 6 38128
38128 382 15024
15024 6 38128
38128 382 19018
38128 382 23393
23393 6 38128
35701 6 38128
38128 382 35577
38128 382 4399
39181 6 38128
38128 382 39181
4399 6 38128
38128 382 34449
38128 382 65553
65553 6 38128
38128 382 41162
41162 6 38128
38128 382 68855
3549 6 38128
38128 382 35701
68855 6 38128
38128 382 28806
28806 6 38128
38128 382 12246
12246 6 38128
38128 382 55887
55887 6 38128
38128 382 26151
26151 6 38128
38128 382 3549
38128 382 40018
40018 6 38128
322 6 38128
38128 382 322
38128 382 24596
38128 382 12035
24596 6 38128
12035 6 38128
29844 6 38128
38128 382 30522
30522 6 38128
38128 382 8039
36985 6 38128
8039 6 38128
38128 382 73145
73145 6 38128
38128 382 59433
59433 6 38128
9395 6 38128
38128 382 28644
28644 6 38128
38128 382 29844
38128 382 15471
15471 6 38128
38128 382 36985
38128 382 70550
66764 6 38128
70550 6 38128
26339 6 38128
38128 382 26339
38128 382 9395
38128 382 31066
31066 6 38128
38128 382 48224
48224 6 38128
38128 382 44869
71248 6 38128
44869 6 38128
38128 382 66764
38128 382 20905
20905 6 38128
38128 382 17875
75055 6 38128
38128 382 75055
17875 6 38128
38128 382 17727
52112 6 38128
17727 6 38128
38128 382 71248
38128 382 7103
7103 6 38128
38128 382 586
9701 6 38128
586 6 38128
38128 382 39896
38128 382 52008
39896 6 38128
52008 6 38128
38128 382 52112
2748 6 38128
38128 382 2748
38128 382 1823
1823 6 38128
38128 382 9701
38128 382 32864
32864 6 38128
38128 382 59072
59072 6 38128
38128 382 69443
69443 6 38128
38128 382 28772
28772 6 38128
38128 382 7417
38128 382 29897
7417 6 38128
29897 6 38128
38128 300 62434
62434 211 38128
38128 151 21632
21632 252 38128
29947 5 38128
38128 217 29947
38128 217 9911
38128 80 38944
9911 5 38128
38944 315 38128
38128 37 38944
38944 91 38128
38128 379 1483
1483 88 38128
38128 296 30382
30382 99 38128
38128 85 17058
17058 112 38128
38128 85 53219
53219 112 38128
38128 85 64632
64632 112 38128
45790 271 38128
38128 374 17058
38128 374 64632
17058 191 38128
64632 191 38128
38128 374 19769
19769 191 38128
38128 130 51294
38128 130 63974
63974 271 38128
51294 271 38128
38128 130 45790
38128 130 10306
10306 271 38128
31835 277 38128
38128 265 69931
71248 277 38128
69931 64 38128
38128 265 60841
60841 64 38128
31835 28 38128
38128 265 29827
71248 28 38128
29827 64 38128
69092 142 38128
38128 104 69092
38128 369 65553
65553 277 38128
38128 369 31835
38128 369 71248
38128 369 28772
28772 277 38128
38128 358 31835
38128 358 71248
38128 358 21632
28772 28 38128
35701 385 38128
38128 358 28772
21632 28 38128
38128 203 60073
60073 372 38128
38128 141 26569
26569 385 38128
38128 141 63974
45790 385 38128
63974 385 38128
38128 141 5256
5256 385 38128
38128 141 35701
38128 141 12035
12035 385 38128
38128 141 66245
66245 385 38128
38128 141 20749
20749 385 38128
38128 141 45790
38128 141 42173
42173 385 38128
38128 141 31011
31011 385 38128
38128 141 11658
38128 141 14736
11658 385 38128
14736 385 38128
38128 141 51294
23337 388 2598
51294 385 38128
38128 141 52920
52920 385 38128
38128 141 322
322 385 38128
38128 141 73982
73982 385 38128
9301 118 72888
72888 329 9301
56293 118 24842
24842 329 56293
27108 385 38128
38128 141 27108
23337 388 45734
45734 171 23337
2598 171 23337
39490 332 57026
57026 31 39490
39490 332 29052
29052 31 39490
70822 254 40401
39490 332 68334
68334 31 39490
40401 151 6168
40401 101 64632
6168 252 40401
64632 249 40401
40401 256 24028
24028 254 40401
42734 379 59160
59160 88 42734
39888 118 63450
63450 329 39888
42055 118 63669
63669 329 42055
40401 256 43419
10945 28 37546
37546 358 18577
43419 254 40401
40401 256 70822
40401 256 34300
34300 254 40401
40401 256 50489
50489 254 40401
40401 356 17373
17373 373 40401
44240 358 38055
38055 28 44240
37546 358 10945
18577 28 37546
11625 32 61102
61102 75 11625
11625 358 7995
7995 28 11625
6587 358 65161
6587 358 9577
65161 28 6587
9577 28 6587
22803 34 22041
22041 126 22803
22803 358 36619
36619 28 22803
38273 80 38944
38944 315 38273
38273 37 38944
38944 91 38273
38273 379 1483
38273 384 22368
1483 88 38273
22368 123 38273
11708 123 38273
38273 384 11708
38273 265 19933
10690 398 8900
8900 15 10690
19933 64 38273
3850 14 14954
14954 27 3850
3850 46 50425
50425 281 3850
3850 384 3650
3650 123 3850
3850 384 65907
65907 123 3850
3580 334 3850
3850 117 3580
40671 332 65855
65855 31 40671
40671 332 65861
65861 31 40671
40671 332 65853
65853 31 40671
40671 332 65856
65856 31 40671
40671 332 29052
40671 332 29064
29052 31 40671
45715 379 67750
29064 31 40671
40671 332 29065
29065 31 40671
40671 332 23453
23453 31 40671
40671 369 33054
33054 277 40671
15589 118 2317
2317 329 15589
26576 279 29502
74049 332 23453
9195 118 75211
75211 329 9195
57789 118 71247
71247 329 57789
23453 31 74049
57248 342 38991
74049 332 29065
29065 31 74049
67750 88 45715
41531 388 19182
51652 118 36133
36133 329 51652
19182 171 41531
41531 388 2597
2597 171 41531
15726 151 19933
19933 252 15726
29502 284 26576
38991 303 57248
38991 344 30690
30690 225 38991
38991 344 785
785 225 38991
5067 151 36257
36257 252 5067
5067 369 6170
13138 118 5405
5405 329 13138
6170 277 5067
10199 388 36821
36821 171 10199
10199 358 37408
37408 28 10199
14426 332 29052
29052 31 14426
14426 369 33054
14426 332 29065
29065 31 14426
33054 277 14426
23142 105 62223
62223 172 23142
23142 105 56638
56638 172 23142
23142 105 25762
25762 172 23142
23142 105 13855
13855 172 23142
70010 254 23142
23142 300 13797
13797 211 23142
23142 300 59812
59812 211 23142
23142 300 15652
15652 211 23142
23142 101 56638
56638 249 23142
23142 393 67410
67410 392 23142
15107 118 53625
53625 329 15107
62750 369 33054
23142 256 70010
4661 369 33054
23142 256 69974
5358 256 58888
58888 254 5358
5358 396 58888
58888 35 5358
5358 358 58888
58888 28 5358
69974 254 23142
23142 256 4429
4429 254 23142
23142 256 58887
58887 254 23142
23142 256 20817
20817 254 23142
23142 356 25720
25720 373 23142
33054 277 62750
33054 277 4661
50112 151 42618
42618 252 50112
60022 252 50112
50112 151 15927
15927 252 50112
50112 151 51394
50112 151 33054
51394 252 50112
33054 252 50112
50112 151 15922
15922 252 50112
14133 118 47414
47414 329 14133
50112 151 37710
37710 252 50112
50112 151 59220
50112 151 60022
59220 252 50112
50112 151 45053
45053 252 50112
50112 151 58806
58806 252 50112
50112 151 35527
35527 252 50112
14264 382 2748
2748 6 14264
14264 300 62434
62434 211 14264
14264 332 10045
14264 332 1707
10045 31 14264
1707 31 14264
14264 332 65853
65853 31 14264
14264 332 1705
1705 31 14264
14264 332 65856
65856 31 14264
14264 332 65857
14264 332 68339
65857 31 14264
68339 31 14264
14264 332 23453
23453 31 14264
14264 332 29052
29052 31 14264
14264 332 32380
32380 31 14264
14264 332 40316
40316 31 14264
14264 332 29065
45513 14 61043
61043 27 45513
45513 46 28640
28640 281 45513
23354 379 67750
14264 332 29061
12344 358 9577
29065 31 14264
22131 118 72684
72684 329 22131
14264 332 68334
29061 31 14264
23441 118 27995
27995 329 23441
6457 118 21677
21677 329 6457
68334 31 14264
14264 332 40313
40313 31 14264
14264 332 29064
19238 155 67033
14264 369 33054
29064 31 14264
11208 254 19238
33054 277 14264
67750 88 23354
39319 332 65857
12746 239 30689
9577 28 12344
65857 31 39319
50000 32 56734
56734 75 50000
50000 369 70892
70892 277 50000
67033 114 19238
19238 256 11208
60471 300 62434
24442 151 33054
33054 252 24442
30689 102 29493
30689 194 12746
29493 359 30689
30689 117 19176
4372 332 29065
19176 334 30689
29065 31 4372
4372 358 9577
9577 28 4372
72637 332 65855
62434 211 60471
65855 31 72637
68807 31 72637
72637 332 68807
72637 332 68805
68805 31 72637
72637 332 68803
68803 31 72637
72637 332 6058
6058 31 72637
72637 332 26184
26184 31 72637
72637 332 29052
29052 31 72637
72637 332 29065
72443 118 44964
44964 329 72443
72637 332 29064
29065 31 72637
58558 32 14858
29064 31 72637
65991 118 9508
9508 329 65991
8828 118 19387
19387 329 8828
72637 332 23453
23453 31 72637
72637 332 29061
29061 31 72637
72637 332 10188
10188 31 72637
72637 369 33054
33054 277 72637
56870 152 48613
48613 326 56870
14858 75 58558
48546 32 47372
47372 75 48546
48546 32 12129
12129 75 48546
48546 32 34162
32083 358 37408
34162 75 48546
23089 358 53751
48546 32 19200
40864 118 26499
26499 329 40864
58383 118 51150
51150 329 58383
70015 118 71033
71033 329 70015
19200 75 48546
48546 32 47635
24558 118 57217
57217 329 24558
47635 75 48546
48546 32 14858
5691 118 10541
10541 329 5691
56652 118 50968
50968 329 56652
14858 75 48546
48546 32 25358
57259 303 46669
25358 75 48546
47390 118 64689
64689 329 47390
48546 94 9013
9013 298 48546
37408 28 32083
26999 336 54448
53751 28 23089
55281 85 17058
17058 112 55281
25645 369 33054
33054 277 25645
28711 369 33054
33054 277 28711
46669 342 57259
71241 118 42387
54448 213 50130
42387 329 71241
5248 118 66488
66488 329 5248
22170 358 5619
5619 28 22170
34889 194 23058
54448 255 26999
17806 359 34889
50130 121 54448
9440 359 34889
54448 255 53794
10525 359 34889
53794 336 54448
54773 359 34889
54448 255 6780
68818 359 34889
6780 336 54448
47119 359 34889
51021 143 37487
72476 359 34889
37487 113 51021
33099 359 34889
51021 300 59812
71079 359 34889
59812 211 51021
72784 359 34889
23058 239 34889
36173 359 34889
34889 102 17806
35672 359 34889
34889 102 9440
58673 359 34889
34889 102 10525
42555 359 34889
34889 102 54773
57943 359 34889
34889 102 68818
48543 359 34889
34889 102 47119
73718 359 34889
34889 102 72476
8271 359 34889
34889 102 33099
49164 359 34889
34889 102 71079
59888 359 34889
34889 102 72784
33809 359 34889
34889 102 36173
57889 359 34889
34889 102 35672
32438 359 34889
34889 102 58673
49490 359 34889
34889 102 57943
37652 359 34889
34889 102 42555
36159 359 34889
60177 118 31602
31602 329 60177
9185 118 48100
48100 329 9185
74019 194 18890
18890 239 74019
74019 102 61810
61810 359 74019
74019 102 63217
63217 359 74019
37540 34 29427
34889 102 48543
29564 118 19497
19497 329 29564
34889 102 73718
34889 102 8271
34889 102 49164
34889 102 59888
34889 102 33809
34889 102 57889
34889 102 32438
34889 102 49490
29586 12 60797
34889 102 37652
31548 141 66729
34889 102 36159
40013 332 40338
29427 126 37540
17459 32 14858
56612 358 9577
33096 118 21093
21093 329 33096
9577 28 56612
56612 358 51607
51607 28 56612
43479 358 5587
56979 118 31692
31692 329 56979
54217 151 33054
5587 28 43479
37916 279 29502
29502 284 37916
32474 360 1495
60797 13 29586
66729 385 31548
40338 31 40013
14858 75 17459
40025 332 23453
23453 31 40025
40025 332 29064
29064 31 40025
33054 252 54217
4701 300 62434
62434 211 4701
61816 118 5350
5350 329 61816
50818 14 21401
21401 27 50818
69143 118 21869
21869 329 69143
1495 340 32474
61102 75 41953
41953 32 61102
41953 151 67704
67704 252 41953
26930 358 59397
59397 28 26930
26930 358 2777
2777 28 26930
26930 358 65476
72330 279 29502
65476 28 26930
18257 102 71785
71785 359 18257
35015 85 64632
72607 344 8546
35015 374 64632
8546 225 72607
5948 85 17058
72607 344 31556
59668 32 2516
72607 344 41007
31556 225 72607
41007 225 72607
72607 344 1854
1854 225 72607
72607 344 58972
58972 225 72607
64632 112 35015
29502 284 72330
64632 191 35015
17058 112 5948
2516 75 59668
65853 31 62592
62592 332 65853
62592 332 65857
65857 31 62592
62592 332 65856
62592 332 29065
65856 31 62592
4695 118 39267
39267 329 4695
26659 369 33054
62592 332 29064
29065 31 62592
29064 31 62592
62592 332 23453
59812 211 4368
23453 31 62592
4368 300 59812
4368 300 35791
35791 211 4368
59778 147 19074
19074 164 59778
4368 300 5604
33054 277 26659
5604 211 4368
29692 303 27580
27580 342 29692
29692 303 34178
34178 342 29692
29692 303 58918
29692 303 72733
58918 342 29692
72733 342 29692
43189 332 10045
43189 332 65857
10045 31 43189
65857 31 43189
43189 332 65856
65856 31 43189
43189 332 1705
1705 31 43189
43189 332 65855
43189 332 1707
1707 31 43189
65855 31 43189
43189 332 65853
65853 31 43189
43189 332 68338
68338 31 43189
23453 31 43189
43189 332 23453
43189 332 68336
68336 31 43189
43189 332 32380
32380 31 43189
43189 332 68337
68337 31 43189
43189 332 12340
12340 31 43189
43189 332 29061
29061 31 43189
29052 31 43189
43189 332 29052
43189 332 29064
29064 31 43189
40315 31 43189
46417 118 68277
68277 329 46417
43189 332 40315
4580 118 47132
47132 329 4580
58778 94 28011
43189 332 29065
29065 31 43189
43189 332 40309
40309 31 43189
19219 300 62434
62434 211 19219
19219 300 66239
66239 211 19219
19219 300 65810
65810 211 19219
28011 298 58778
73985 358 51607
51607 28 73985
1549 332 65855
65855 31 1549
1549 332 65853
65853 31 1549
1549 332 65861
65861 31 1549
1549 332 65857
65857 31 1549
1549 332 10045
10045 31 1549
65856 31 1549
1549 332 65856
1549 332 1705
1705 31 1549
1549 332 68339
68339 31 1549
1549 332 29065
29065 31 1549
1549 332 29064
29064 31 1549
1549 332 29052
29052 31 1549
29061 31 1549
1549 332 29061
1549 332 32380
66892 194 62462
62462 239 66892
66892 102 62462
62462 359 66892
72209 332 29064
32380 31 1549
1549 332 23453
23453 31 1549
1549 332 68334
1549 332 68337
75062 358 51607
68334 31 1549
68337 31 1549
33546 105 52734
33546 143 69742
52734 172 33546
69742 113 33546
29064 31 72209
29089 12 47203
47203 13 29089
47257 105 60765
60765 172 47257
10831 105 52734
51607 28 75062
52734 172 10831
10831 143 69742
69742 113 10831
10831 300 62434
62434 211 10831
10831 300 38807
38807 211 10831
10831 300 75247
75247 211 10831
10831 300 32266
10831 356 18597
32266 211 10831
18597 373 10831
17625 332 10045
10045 31 17625
17625 332 65853
65853 31 17625
17625 332 65855
65855 31 17625
17625 332 65857
65857 31 17625
17625 332 23453
23453 31 17625
17625 332 29052
29052 31 17625
17625 332 32380
17625 332 29064
32380 31 17625
17625 332 29065
29064 31 17625
29065 31 17625
17625 332 68334
68334 31 17625
17625 332 29061
59107 118 57219
57219 329 59107
29061 31 17625
17625 321 24058
24058 196 17625
17625 12 5850
5850 13 17625
17625 358 51607
51607 28 17625
6654 296 20492
20492 99 6654
6654 85 17058
17058 112 6654
38348 300 62434
62434 211 38348
38348 300 74587
74587 211 38348
38348 300 26313
38348 300 55212
26313 211 38348
55212 211 38348
38348 300 66239
66239 211 38348
38348 300 65810
65810 211 38348
38348 213 58833
58833 121 38348
38348 396 54516
38727 382 12625
12625 6 38727
38727 382 71529
71529 6 38727
33800 118 66905
66905 329 33800
45236 118 16568
16568 329 45236
65262 105 67332
54516 35 38348
41606 344 8546
65441 332 65857
24514 102 6076
6076 359 24514
24514 102 66241
66241 359 24514
24514 102 15042
15042 359 24514
33502 32 23798
65857 31 65441
33502 151 23798
65441 332 29052
16979 118 73377
73377 329 16979
29052 31 65441
65441 332 23453
23453 31 65441
65441 332 29065
9136 369 33054
29065 31 65441
65441 332 29064
29064 31 65441
67332 172 65262
8546 225 41606
23798 75 33502
23798 252 33502
46375 217 448
448 5 46375
46375 117 17509
19851 271 59072
33054 277 9136
17509 334 46375
60837 6 59072
59072 382 60837
59072 382 32756
32756 6 59072
59072 382 10141
10141 6 59072
59072 130 57220
57220 271 59072
59072 130 19851
59072 369 60837
60837 277 59072
59072 369 57220
57220 277 59072
59072 358 60837
60837 28 59072
59072 203 27108
27108 372 59072
59072 141 57220
57220 385 59072
45407 300 59812
59812 211 45407
45407 57 1705
1705 205 45407
45407 57 65855
65855 205 45407
45407 57 65853
61723 118 61217
61217 329 61723
65853 205 45407
45407 57 10045
10045 205 45407
45407 57 65857
73368 118 3235
3235 329 73368
37484 332 68334
45407 57 68339
65857 205 45407
68339 205 45407
45407 57 29052
29052 205 45407
45407 57 29065
29065 205 45407
69907 369 40754
40754 277 69907
55708 369 40754
69907 358 9577
9577 28 69907
68334 31 37484
12011 147 39108
39108 164 12011
12011 300 62434
62434 211 12011
65080 118 37562
37562 329 65080
30064 219 8018
8018 108 30064
27699 151 73831
30064 219 6127
40567 369 33054
6127 108 30064
25883 118 6227
6227 329 25883
40754 277 55708
69409 98 61405
61405 204 69409
16856 204 69409
69409 98 16856
1737 388 2598
2598 171 1737
11029 388 30186
16419 362 24058
30186 171 11029
33806 94 9013
73831 252 27699
63500 369 33054
33054 277 40567
8314 206 25720
71583 329 8465
25720 325 8314
8314 251 62938
62938 375 8314
8314 251 40438
40438 375 8314
6292 277 35454
8314 141 11583
11583 385 8314
24058 262 16419
9013 298 33806
33054 277 63500
8465 118 71583
35454 32 59627
59627 75 35454
35454 369 41154
41154 277 35454
35454 369 6292
35454 358 41154
41154 28 35454
35454 358 59627
59627 28 35454
19642 147 39108
22133 118 45205
45205 329 22133
39108 164 19642
19642 300 62434
62434 211 19642
63609 27 40683
19642 300 59812
59812 211 19642
19642 256 54168
54168 254 19642
19642 369 33054
33054 277 19642
10306 300 59812
59812 211 10306
40683 56 67068
67068 390 40683
40683 217 17518
40683 14 63609
17518 5 40683
40683 217 9911
9911 5 40683
40683 80 38944
69928 102 65345
65345 359 69928
19771 118 19218
19218 329 19771
3142 32 14858
38944 315 40683
40683 37 38944
13214 329 3142
38944 91 40683
40683 296 1819
40683 374 64632
1819 99 40683
15188 14 41506
41506 27 15188
72823 369 33054
64632 191 40683
74929 180 10392
40683 374 17058
14083 14 32404
32404 27 14083
17058 191 40683
40683 265 19933
19933 64 40683
14858 75 3142
3142 118 13214
4658 332 29065
29065 31 4658
4658 369 33054
33054 277 4658
33054 277 72823
10392 71 74929
26733 217 17518
45631 118 5830
5830 329 45631
5028 213 63103
17518 5 26733
13571 332 37605
26733 80 22537
7041 141 63495
22537 315 26733
10311 118 49728
49728 329 10311
41224 118 25146
25146 329 41224
21778 369 62557
26733 37 14614
37654 118 4775
4775 329 37654
14614 91 26733
26733 85 17058
17058 112 26733
26733 85 64632
26733 374 64632
64632 112 26733
64632 191 26733
63103 121 5028
37605 31 13571
63495 385 7041
62557 277 21778
74151 388 18404
18404 171 74151
30058 358 9577
9577 28 30058
30058 358 51607
52636 332 65856
51607 28 30058
65856 31 52636
52636 332 65857
65857 31 52636
23453 31 52636
35826 80 38944
52636 332 23453
11127 369 33054
52636 332 29052
29052 31 52636
52636 332 29064
29064 31 52636
52636 332 29061
52636 332 29065
29061 31 52636
10838 194 2104
2104 239 10838
10838 194 69668
69668 239 10838
10838 194 33657
33657 239 10838
10838 102 69668
69668 359 10838
10838 102 2104
2104 359 10838
10838 102 61632
61632 359 10838
29065 31 52636
52636 369 33054
33054 277 52636
38944 315 35826
33054 277 11127
52869 300 23401
23401 211 52869
52869 300 59812
52869 57 7925
59812 211 52869
7925 205 52869
66826 350 36280
36280 109 66826
66826 350 67908
22575 118 41866
41866 329 22575
28012 118 5420
5420 329 28012
4075 118 6645
6645 329 4075
67908 109 66826
29065 31 56985
56985 332 29065
56985 57 36618
36618 205 56985
56985 57 74810
56985 57 69354
74810 205 56985
69354 205 56985
56985 57 49088
49088 205 56985
41815 332 65855
65855 31 41815
65861 31 41815
41815 332 65861
41815 332 29064
29064 31 41815
23453 31 41815
41815 332 23453
41815 332 29061
39348 330 54435
54435 42 39348
18076 303 50586
29061 31 41815
41815 151 17726
17726 252 41815
41815 151 37710
37710 252 41815
68449 300 66239
40754 277 41815
72610 118 1320
1320 329 72610
41815 369 40754
29715 14 2940
2940 27 29715
11092 42 29715
29715 330 11092
50586 342 18076
25226 332 29052
54309 171 2597
29052 31 25226
53972 171 2597
25226 256 54168
54168 254 25226
66239 211 68449
24030 171 2597
2597 388 24030
71572 171 2597
2597 388 34191
34191 171 2597
2597 388 65726
65726 171 2597
2597 388 54309
2597 388 53972
2597 388 24391
24391 171 2597
2597 388 64937
64937 171 2597
2597 388 59891
22608 171 2597
2597 388 71572
42230 171 2597
59891 171 2597
30024 171 2597
2597 388 19235
40648 171 2597
19235 171 2597
2508 171 2597
2597 388 20962
20962 171 2597
2597 388 54941
54941 171 2597
2597 388 12176
46475 171 2597
12176 171 2597
2597 388 22608
2597 388 30024
24180 171 2597
2597 388 42230
54034 171 2597
2597 388 40648
2597 388 2508
2597 388 41803
41803 171 2597
2597 388 4135
4135 171 2597
2597 388 46475
2597 388 18137
18137 171 2597
2597 388 24180
2597 388 54034
30889 171 2597
2597 388 1103
58644 171 2597
1103 171 2597
2597 388 66507
66507 171 2597
2597 388 18527
18527 171 2597
63045 171 2597
2597 388 45420
20233 171 2597
45420 171 2597
2597 388 39238
39238 171 2597
2597 388 30889
2597 388 58644
10564 171 2597
2597 388 64165
39515 171 2597
64165 171 2597
54431 171 2597
2597 388 6435
18044 171 2597
6435 171 2597
2597 388 63045
2597 388 20233
2597 388 73092
73092 171 2597
2597 388 73370
73370 171 2597
2597 388 10564
2597 388 39515
45611 171 2597
2597 388 54431
52735 171 2597
2597 388 18044
47179 171 2597
2597 388 66804
66804 171 2597
2597 388 70308
70308 171 2597
2597 388 53432
5566 171 2597
53432 171 2597
51168 171 2597
2597 388 29567
29567 171 2597
2597 388 52735
2597 388 45611
2597 388 47179
2597 388 71238
71238 171 2597
69952 171 2597
21205 171 2597
2597 388 21205
36963 171 2597
2597 388 5566
2597 388 51168
54050 171 2597
2597 388 26467
69627 171 2597
26467 171 2597
2597 388 60773
2597 388 43717
60223 171 2597
60773 171 2597
43717 171 2597
2597 388 69952
54940 171 2597
2597 388 36963
2597 388 26988
26988 171 2597
2597 388 54050
2597 388 69627
2597 388 35938
35938 171 2597
2597 388 60223
37569 171 2597
67016 171 2597
2597 388 37569
2597 388 54940
2597 388 50726
61424 171 2597
2597 388 11844
50726 171 2597
11844 171 2597
73535 171 2597
2597 388 6831
71548 171 2597
6831 171 2597
2597 388 58695
58695 171 2597
2597 388 67016
2597 388 41531
41531 171 2597
2597 388 61424
43969 171 2597
2597 388 4294
6730 171 2597
2597 388 73535
4294 171 2597
2597 388 71548
19349 171 2597
2597 388 10199
10199 171 2597
2597 388 36791
36791 171 2597
2597 388 42664
42664 171 2597
2597 388 43969
2597 388 6730
2597 388 58977
7036 171 2597
58977 171 2597
74416 171 2597
2597 388 19349
2597 388 1196
1196 171 2597
2597 388 53578
53578 171 2597
59934 171 2597
2597 388 8841
8841 171 2597
2597 388 58436
13806 171 2597
2597 388 7036
58436 171 2597
2597 388 74416
70208 171 2597
2597 388 16915
16915 171 2597
2597 388 49208
32865 171 2597
49208 171 2597
4630 171 2597
2597 388 59934
2597 388 39856
39856 171 2597
2597 388 13806
2597 388 68490
12375 171 2597
68490 171 2597
46196 171 2597
2597 388 70208
2597 388 71663
71663 171 2597
37096 171 2597
2597 388 32865
2597 388 4630
2597 388 14592
52064 171 2597
14592 171 2597
67655 171 2597
2597 388 65515
65515 171 2597
2597 388 12375
2597 388 46196
2597 388 52334
46049 171 2597
52334 171 2597
44341 171 2597
2597 388 37096
44661 171 2597
2597 388 54233
54233 171 2597
2597 388 52064
1665 171 2597
2597 388 67655
9126 171 2597
2597 388 28049
28049 171 2597
2597 388 68892
68892 171 2597
2597 388 46049
2597 388 44341
2597 388 44661
2597 388 70357
70357 171 2597
2597 388 1665
2597 388 9126
40652 171 2597
2597 388 71005
71005 171 2597
2597 388 21453
21453 171 2597
2597 388 15068
36958 171 2597
15068 171 2597
57095 171 2597
2597 388 57095
41992 171 2597
462 171 2597
2597 388 462
2597 388 40652
2597 388 60705
2597 388 38563
60705 171 2597
38563 171 2597
10240 171 2597
2597 388 36958
2597 388 18360
18360 171 2597
2597 388 41992
19470 171 2597
62296 171 2597
2597 388 19470
2597 388 12080
12080 171 2597
8027 171 2597
2597 388 69948
8641 171 2597
69948 171 2597
2597 388 10240
2597 388 52941
73588 171 2597
52941 171 2597
2597 388 34867
34867 171 2597
72319 171 2597
2597 388 62296
70535 171 2597
2597 388 8641
57083 171 2597
2597 388 70535
61363 171 2597
2597 388 8027
2597 388 44030
44030 171 2597
52059 171 2597
2597 388 73588
2597 388 43451
43451 171 2597
33583 171 2597
2597 388 72319
2597 388 36778
36778 171 2597
28666 171 2597
2597 388 27742
2597 388 61363
2597 388 57083
27742 171 2597
2597 388 52059
54289 171 2597
2597 388 44506
42421 171 2597
44506 171 2597
2597 388 33583
2597 388 11171
11171 171 2597
2597 388 15609
7528 171 2597
2597 388 28666
2597 388 60674
60674 171 2597
15609 171 2597
2597 388 54289
2597 388 42421
2597 388 31096
31096 171 2597
2597 388 35641
35641 171 2597
2597 388 7528
158 171 2597
2597 388 15489
2597 388 42954
42954 171 2597
41313 171 2597
2597 388 9941
15489 171 2597
9941 171 2597
2597 388 38226
38226 171 2597
2597 388 63624
63624 171 2597
22051 171 2597
2597 388 158
2597 388 61139
61139 171 2597
2597 388 67116
2597 388 41313
67116 171 2597
2597 388 58596
30601 171 2597
2597 388 28333
22020 171 2597
28333 171 2597
35954 171 2597
58596 171 2597
2597 388 22051
2597 388 17378
2174 171 2597
17378 171 2597
51291 171 2597
2597 388 68702
2597 388 55544
68702 171 2597
55544 171 2597
2597 388 30601
2597 388 12270
2597 388 22020
9957 171 2597
2597 388 35954
12270 171 2597
2597 388 2174
29770 171 2597
2597 388 51291
18765 171 2597
2597 388 31950
31950 171 2597
2597 388 36821
36821 171 2597
2597 388 10611
74757 171 2597
10611 171 2597
19439 171 2597
2597 388 9957
53942 171 2597
2597 388 35864
35864 171 2597
2597 388 29770
2597 388 18765
2597 388 1921
1921 171 2597
2597 388 36197
36197 171 2597
2597 388 74757
2597 388 19439
2597 388 53942
55480 171 2597
70377 171 2597
2597 388 15359
2597 388 70377
52357 171 2597
15359 171 2597
45015 171 2597
2597 388 30510
40636 171 2597
30510 171 2597
11617 171 2597
2597 388 27109
29988 171 2597
27109 171 2597
15057 171 2597
2597 388 22665
58011 171 2597
22665 171 2597
2597 388 55480
2597 388 28303
11186 171 2597
2597 388 45015
33631 171 2597
28303 171 2597
2597 388 52357
2597 388 40636
2597 388 11617
2597 388 29988
6021 171 2597
2597 388 15057
28981 171 2597
2597 388 17376
59565 171 2597
2597 388 58011
2597 388 11186
17376 171 2597
2597 388 33631
2597 388 42284
42284 171 2597
2597 388 39422
39422 171 2597
2597 388 6021
26574 171 2597
2597 388 28981
13743 171 2597
2597 388 59565
2597 388 56745
56745 171 2597
26228 171 2597
2597 388 26228
2597 388 52240
52240 171 2597
2597 388 22300
22300 171 2597
2597 388 26574
2597 388 13743
49873 171 2597
2597 388 1737
45596 171 2597
1737 171 2597
32806 171 2597
2597 388 42039
19398 171 2597
42039 171 2597
2597 388 19398
34474 171 2597
29751 171 2597
2597 388 34474
23033 171 2597
2597 388 20067
7016 171 2597
20067 171 2597
2597 388 49873
2597 388 45596
30423 171 2597
2597 388 32806
2153 171 2597
2597 388 17936
24231 171 2597
17936 171 2597
2597 388 29751
2597 388 55476
17900 171 2597
55476 171 2597
2597 388 23033
2597 388 7016
2597 388 28976
28976 171 2597
35227 171 2597
2597 388 30423
26696 171 2597
2597 388 2153
32845 171 2597
2597 388 24231
2597 388 45227
2597 388 9690
2597 388 17900
45227 171 2597
9690 171 2597
2597 388 70996
2597 388 35227
70996 171 2597
2597 388 26696
2597 388 32845
27356 171 2598
2597 388 26764
45766 171 2598
26764 171 2597
12317 171 2598
2597 388 30186
4829 171 2598
30186 171 2597
51153 171 2598
2597 358 37313
37313 28 2597
2598 388 18404
54939 171 2598
18404 171 2598
29862 171 2598
16228 171 2598
2598 388 16228
2598 388 27356
35529 171 2598
2598 388 45766
67291 171 2598
2598 388 12317
2598 388 4829
2598 388 51153
33166 171 2598
2598 388 5130
5130 171 2598
2598 388 54939
2598 388 29862
2598 388 62802
62802 171 2598
2598 388 35529
2598 388 67291
2598 388 46410
46410 171 2598
2598 388 33166
2598 388 15531
15531 171 2598
52264 171 2598
2598 388 47624
68404 171 2598
2598 388 4494
47624 171 2598
2598 388 50512
4494 171 2598
50512 171 2598
6994 171 2598
2598 388 32560
51809 171 2598
32560 171 2598
2598 388 19435
19435 171 2598
30961 171 2598
2598 388 52264
44304 171 2598
2598 388 68404
27470 171 2598
2598 388 74260
63278 171 2598
74260 171 2598
45734 171 2598
2598 388 70645
70645 171 2598
2598 388 6994
2598 388 19182
2598 388 51809
26316 171 2598
19182 171 2598
2598 388 30961
2598 388 44304
2598 388 27470
2598 388 63278
2598 388 45734
2598 388 13583
13583 171 2598
2598 388 40235
56267 171 2598
40235 171 2598
2598 388 26316
2598 388 4112
4112 171 2598
2598 388 46392
46392 171 2598
2598 388 58414
2598 388 11289
58414 171 2598
11289 171 2598
2598 388 56267
2598 388 34995
34995 171 2598
2598 388 42617
56138 102 47655
47655 359 56138
28217 369 33054
42617 171 2598
71303 85 17058
2598 388 58637
24378 358 2588
58637 171 2598
2598 388 33545
33545 171 2598
50772 118 6813
6813 329 50772
2598 388 69068
69068 171 2598
48832 303 846
846 342 48832
48832 303 1445
1445 342 48832
33054 277 28217
17058 112 71303
2588 28 24378
34242 213 51108
51108 121 34242
50024 143 69742
69742 113 50024
50024 332 65855
65855 31 50024
50024 332 65853
65853 31 50024
50024 332 65857
65857 31 50024
50024 332 1705
1705 31 50024
50024 332 10045
10045 31 50024
50024 332 29052
29052 31 50024
50024 332 29065
29065 31 50024
50024 332 40312
50024 332 29064
40312 31 50024
29744 118 38837
38837 329 29744
31471 118 55211
55211 329 31471
68110 118 54028
54028 329 68110
29064 31 50024
50024 332 29061
29061 31 50024
50024 332 32380
32380 31 50024
50024 256 54168
61766 118 73832
73832 329 61766
54168 254 50024
47723 239 58322
15664 180 28577
55814 239 58322
28577 71 15664
39347 359 58322
58322 102 29079
60746 306 15664
15664 29 60746
62695 359 58322
29052 31 74298
54608 359 58322
74298 332 29052
72763 359 58322
74298 332 29065
68398 359 58322
29065 31 74298
2552 359 58322
74298 256 54168
53653 359 58322
54168 254 74298
5029 359 58322
58322 194 47723
61048 359 58322
58322 194 55814
56548 359 58322
58322 102 39347
30319 359 58322
58322 102 62695
70408 359 58322
29079 359 58322
67078 359 58322
58322 102 54608
39482 359 58322
58322 102 68398
67666 359 58322
58322 102 72763
59739 359 58322
58322 102 2552
32525 359 58322
58322 102 53653
25040 359 58322
58322 102 61048
2358 359 58322
58322 102 5029
55864 359 58322
58322 102 56548
11380 359 58322
58322 102 30319
24326 359 58322
58322 102 70408
14252 359 58322
58322 102 67078
20389 359 58322
58322 102 39482
8692 359 58322
58322 102 59739
15834 359 58322
58322 102 67666
34990 359 58322
58322 102 32525
58294 359 58322
58322 102 25040
48139 359 58322
58322 102 2358
69882 359 58322
58322 102 55864
11340 359 58322
58322 102 11380
56409 359 58322
58322 102 24326
47723 359 58322
58322 102 14252
27193 359 58322
11349 32 14858
58322 102 8692
45001 118 44237
44237 329 45001
10700 32 23798
58322 102 20389
58322 102 15834
58322 102 48139
58322 102 34990
58322 102 58294
58322 102 69882
58322 102 11340
58322 102 47723
59400 359 34351
58322 102 56409
58322 102 27193
14858 75 11349
23798 75 10700
34351 105 52734
52734 172 34351
34351 102 63040
63040 359 34351
34351 102 13476
43905 359 34351
13476 359 34351
34351 102 59400
12387 118 38363
38363 329 12387
71747 207 53909
44084 359 34351
54646 118 47583
47583 329 54646
34351 102 44084
34351 102 4050
4050 359 34351
34351 102 4861
4861 359 34351
34351 102 33635
33635 359 34351
34351 256 54168
34351 102 43905
54168 254 34351
37971 118 39508
39508 329 37971
75293 398 34993
34993 15 75293
37663 369 33054
53909 287 71747
23401 211 43962
43962 300 23401
43962 300 59812
43962 332 56027
14212 118 16242
16242 329 14212
14965 118 6650
6650 329 14965
59812 211 43962
56027 31 43962
43962 332 74261
74261 31 43962
759 31 43962
43962 332 759
33054 277 37663
71955 398 27999
72549 194 25095
25095 239 72549
72549 194 71901
71901 239 72549
72549 194 40999
40999 239 72549
62705 398 21801
21801 15 62705
53158 118 57698
57698 329 53158
75445 118 17577
17577 329 75445
3640 151 75343
75343 252 3640
3640 256 75343
75343 254 3640
3640 396 75343
75343 35 3640
3640 358 75343
75343 28 3640
61797 118 66031
66031 329 61797
27999 15 71955
71955 358 17373
17373 28 71955
37408 28 47205
47205 358 37408
23473 332 29065
29065 31 23473
23473 151 33054
23473 369 25489
33054 252 23473
25489 277 23473
74415 80 38944
38944 315 74415
74415 37 38944
38944 91 74415
74415 85 17058
61019 118 17673
17673 329 61019
65077 118 50233
50233 329 65077
17058 112 74415
74415 85 64632
64632 112 74415
74415 374 17058
17058 191 74415
74415 374 64632
64632 191 74415
74415 265 67410
67410 64 74415
67512 151 63974
63974 252 67512
63319 398 52761
52761 15 63319
63319 398 28806
28806 15 63319
44534 15 63319
63319 398 44534
63319 398 65877
63319 398 15252
65877 15 63319
15252 15 63319
63319 398 66979
66979 15 63319
63319 398 9678
9678 15 63319
63319 398 38128
38128 15 63319
24712 15 63319
63319 398 24712
63319 398 10519
10519 15 63319
63319 398 26509
26509 15 63319
63319 398 69304
69304 15 63319
63319 398 51209
51209 15 63319
63319 398 44022
44022 15 63319
70641 6 63319
67509 15 63319
63319 398 67509
63319 398 74492
74492 15 63319
63319 382 28806
63319 382 10141
1388 118 27725
27725 329 1388
60598 118 38671
38671 329 60598
28806 6 63319
10141 6 63319
63319 382 61075
61075 6 63319
8973 32 19933
63319 382 70641
11486 118 43953
43953 329 11486
63319 382 69304
63319 382 45970
69304 6 63319
45970 6 63319
63319 300 62434
62434 211 63319
16799 332 29065
29065 31 16799
16799 332 29064
29064 31 16799
19933 75 8973
22441 332 41016
41016 31 22441
22441 369 40754
40754 277 22441
10045 31 7377
7377 332 10045
7377 332 65855
8980 118 43291
7377 321 24058
65855 31 7377
24058 196 7377
7377 151 41897
41897 252 7377
7377 369 53811
7377 358 9577
53811 277 7377
9577 28 7377
51607 28 7377
7377 358 51607
43291 329 8980
71935 332 10045
10045 31 71935
71935 332 1707
1707 31 71935
71935 332 65853
65853 31 71935
71935 332 1705
1705 31 71935
71935 332 65856
71935 332 65855
65855 31 71935
65856 31 71935
71935 332 65857
65857 31 71935
71935 332 12805
12805 31 71935
71935 332 68338
68338 31 71935
71935 332 68339
68339 31 71935
23453 31 71935
71935 332 23453
71935 332 32380
32380 31 71935
29064 31 71935
71935 332 29064
71935 332 29065
29065 31 71935
71935 332 40308
40308 31 71935
71935 332 29061
75479 118 38780
38780 329 75479
55930 369 33054
29061 31 71935
61036 194 27963
27963 239 61036
14929 194 59682
59682 239 14929
71935 332 68336
68336 31 71935
71935 332 68337
68337 31 71935
71935 332 68334
68334 31 71935
71935 332 40309
40309 31 71935
71935 369 33054
33054 277 71935
33054 277 55930
2904 332 65855
65855 31 2904
2904 332 65856
65856 31 2904
2904 332 65853
65853 31 2904
2904 332 65861
65861 31 2904
2904 332 29065
29065 31 2904
2904 332 29064
29064 31 2904
2904 332 23453
23453 31 2904
2904 332 29061
29061 31 2904
2904 332 29052
2904 369 33054
29052 31 2904
33054 277 2904
65857 31 64735
65855 31 64735
29052 31 64735
64735 332 65853
64735 332 29052
64735 332 65857
65856 31 64735
65853 31 64735
64735 332 65861
64735 332 65855
58832 151 5872
48273 369 33054
65861 31 64735
64735 332 65856
64735 332 68334
64735 151 40754
64735 369 33054
63024 118 35275
35275 329 63024
59510 118 10161
10161 329 59510
68334 31 64735
33054 277 64735
64735 303 65814
40754 252 64735
65814 342 64735
33054 277 48273
45796 358 9577
5872 252 58832
72183 118 38973
38973 329 72183
23869 358 51607
45796 358 37408
71002 358 65354
65354 28 71002
9577 28 45796
9639 118 49204
49204 329 9639
65910 332 29065
37408 28 45796
16299 118 17921
17921 329 16299
27679 213 58833
51607 28 23869
29065 31 65910
43524 332 65856
58833 121 27679
65856 31 43524
18905 342 43524
23058 332 64611
43524 332 68334
68334 31 43524
57642 118 38608
38608 329 57642
60326 300 59812
14755 356 44748
43524 303 18905
54335 32 14858
64611 31 23058
59812 211 60326
44748 373 14755
14858 75 54335
35913 32 56734
56734 75 35913
39652 369 25489
25489 277 39652
39652 358 9577
21741 369 33054
9577 28 39652
45343 303 40285
39652 358 51607
51607 28 39652
33054 277 21741
8156 32 14858
40285 342 45343
14858 75 8156
8156 369 73592
26795 330 13629
73592 277 8156
13629 42 26795
26795 330 1868
65599 118 67098
67098 329 65599
41412 102 41790
41790 359 41412
1868 42 26795
26795 330 60824
60824 42 26795
29913 147 65917
65917 164 29913
29913 398 23305
23305 15 29913
29913 102 43845
67304 330 72713
43845 359 29913
3427 194 50123
50123 239 3427
3427 102 50123
50123 359 3427
29913 102 72517
72517 359 29913
72713 42 67304
53291 332 65853
65853 31 53291
53291 332 65855
65855 31 53291
53291 332 65856
65856 31 53291
53291 332 65857
65857 31 53291
53291 332 23453
23453 31 53291
53291 332 29052
29052 31 53291
53291 332 29064
29064 31 53291
53291 332 29065
1230 303 31072
31072 342 1230
38212 369 33054
29065 31 53291
53291 332 29061
29061 31 53291
33054 277 38212
72962 358 9577
49794 32 14858
9577 28 72962
49948 118 67257
67257 329 49948
33444 14 44887
44887 27 33444
72962 358 51607
51607 28 72962
69910 369 40754
14858 75 49794
25103 369 25489
20880 398 27999
27999 15 20880
40754 277 69910
25489 277 25103
65030 332 65856
65856 31 65030
65030 332 65861
65861 31 65030
65030 332 29052
29052 31 65030
65030 332 29065
29065 31 65030
65030 332 29064
29064 31 65030
39248 332 65853
65853 31 39248
39248 332 65855
65855 31 39248
39248 332 65856
65856 31 39248
39248 332 65857
65857 31 39248
39248 332 23453
23453 31 39248
39248 332 29052
29052 31 39248
39248 332 29061
29061 31 39248
39248 332 68334
49350 194 15954
15954 239 49350
49350 194 66952
66952 239 49350
49350 194 53681
53681 239 49350
49350 102 19409
19409 359 49350
49350 102 53681
53681 359 49350
49350 102 4597
4597 359 49350
43815 118 4090
4090 329 43815
37252 118 9676
9676 329 37252
68334 31 39248
39248 369 33054
33054 277 39248
5718 226 25762
25762 381 5718
5718 198 14472
14472 333 5718
8930 213 50130
50130 121 8930
8930 34 32131
32131 126 8930
24184 73 39423
33676 102 61528
61528 359 33676
7639 34 4017
39423 386 24184
56712 118 25678
24184 117 3580
25678 329 56712
3580 334 24184
4017 126 7639
23736 332 65855
65855 31 23736
23736 332 65856
65856 31 23736
23736 332 29052
29052 31 23736
23736 332 32380
32380 31 23736
23736 332 29064
29064 31 23736
23736 332 29065
29065 31 23736
23736 369 25489
25489 277 23736
23736 358 51607
51607 28 23736
43763 332 68803
26092 118 46572
46572 329 26092
68803 31 43763
43763 369 33054
33054 277 43763
46639 332 68807
68807 31 46639
46639 332 68805
5821 118 466
466 329 5821
513 32 24071
68805 31 46639
73084 398 5478
5478 15 73084
46639 332 26184
26184 31 46639
24071 75 513
33922 105 27339
27339 172 33922
20262 211 33922
33922 143 37487
29847 211 33922
37487 113 33922
22218 211 33922
33922 300 20262
33922 300 29847
33922 300 22218
33922 300 59812
59812 211 33922
33922 300 62434
62434 211 33922
33922 300 62033
62033 211 33922
33922 300 74208
74208 211 33922
33922 369 47207
47207 277 33922
33922 369 64085
64085 277 33922
33922 369 28369
28369 277 33922
33922 369 15647
15647 277 33922
33922 369 33054
33054 277 33922
33922 369 4786
4786 277 33922
3077 277 33922
33922 369 3643
3643 277 33922
33922 369 3077
33922 369 35869
35869 277 33922
6774 32 23798
58065 118 24843
23798 75 6774
48036 369 33054
6774 369 23798
5508 332 29065
23798 277 6774
60918 118 27417
27417 329 60918
24843 329 58065
33054 277 48036
29065 31 5508
25467 332 29065
29065 31 25467
25467 332 29064
29064 31 25467
25467 332 29061
29061 31 25467
25467 369 33054
33054 277 25467
12203 300 62434
62434 211 12203
12203 332 29052
29052 31 12203
12203 332 29064
17912 369 40754
29064 31 12203
71259 341 9670
12203 356 18597
21683 118 69417
69417 329 21683
31499 396 71541
18597 373 12203
40754 277 17912
9670 241 71259
71541 35 31499
16735 300 59812
16734 143 69742
59812 211 16735
16735 369 33054
33054 277 16735
62932 141 51320
69742 113 16734
10794 348 57047
25341 356 65917
4182 398 69331
69331 15 4182
1944 369 33054
6586 398 27528
27528 15 6586
70569 256 66698
66698 254 70569
70569 396 66698
66698 35 70569
70569 358 66698
66698 28 70569
33902 398 15984
15984 15 33902
33902 396 61993
61993 35 33902
33902 358 61993
61993 28 33902
10677 118 17598
17598 329 10677
22459 118 50338
50338 329 22459
4113 369 33054
