17625 12 5850
17625 332 10045 31 5850
17625 332 65853 31 5850
17625 332 65855 31 5850
17625 332 65857 31 5850
17625 332 23453 31 5850
17625 332 29052 31 5850
17625 332 32380 31 5850
17625 332 29064 31 5850
17625 332 29065 31 5850
17625 332 68334 31 5850
17625 332 29061 31 5850
17625 359 54091 102 5850
17625 332 10045 31 72079 382 5850
17625 332 10045 31 6934 102 5850
17625 332 10045 252 69092 294 5850
17625 332 65855 31 66733 382 5850
17625 332 65857 369 41897 32 5850
17625 332 23453 31 12507 102 5850
17625 332 29065 31 29568 12 5850
17625 321 24058 332 65856 31 5850
17625 321 24058 332 68337 31 5850
17625 359 57906 102 31443 12 5850
17625 359 54091 102 37354 12 5850
17625 359 54091 102 37354 13 5850
17625 332 10045 31 15024 332 1705 31 5850
17625 332 10045 31 70136 332 65861 31 5850
17625 332 10045 31 72079 382 37504 12 5850
17625 332 10045 31 42618 6 18597 382 5850
17625 332 10045 252 69092 294 53387 12 5850
17625 332 65853 31 70550 102 17922 102 5850
17625 332 65853 31 55642 144 8645 355 5850
17625 332 29064 31 43845 359 16044 102 5850
17625 321 24058 102 46685 359 58630 102 5850
17625 321 24058 102 46685 359 57783 102 5850
17625 359 54091 359 30973 102 42590 102 5850
17625 359 54091 359 30973 102 11695 102 5850
17625 332 10045 31 64690 359 65917 373 13769 102 5850
17625 332 10045 31 6934 359 40266 102 52511 102 5850
17625 332 10045 31 6934 359 66747 102 32161 102 5850
17625 332 10045 31 46549 164 49424 102 48965 102 5850
17625 332 10045 31 46549 164 49424 102 5729 102 5850
