48451 149 38768
48451 366 38768
48451 149 16690 61 55888 62 38768
48451 149 34297 149 19204 366 38768
48451 149 59966 369 33054 277 38768
48451 149 17226 149 23486 332 23453 31 38768
48451 149 17226 149 23486 332 29061 31 38768
48451 149 17226 149 1497 332 29052 31 38768
48451 149 17226 366 36866 332 65855 31 38768
48451 149 17226 366 36866 332 65857 31 38768
48451 149 17226 366 36866 332 65853 31 38768
48451 149 17226 366 36866 332 29064 31 38768
48451 149 17226 366 36866 332 68334 31 38768
48451 149 59966 369 33054 252 15647 277 38768
48451 149 59966 6 18597 373 58806 369 3643 277 38768
