2907 367 52103
2907 105 63771 172 50502 336 52103
2907 105 63771 172 50502 255 52103
2907 105 63771 172 10184 367 52103
2907 105 63771 172 52489 255 52103
2907 105 63771 172 74334 255 52103
2907 105 63771 172 16101 255 52103
2907 105 63771 172 57560 255 52103
2907 255 3007 213 59108 121 52103
2907 255 72387 336 58964 255 52103
2907 255 32685 336 53751 255 52103
2907 255 34222 172 52734 172 52103
2907 255 34222 172 52734 105 52103
2907 255 34222 356 14736 172 52103
2907 356 42173 385 48306 130 52103
2907 356 42173 385 28427 130 52103
2907 356 42173 101 69459 337 52103
2907 356 42173 5 5135 15 52103
2907 356 42173 5 5135 203 52103
2907 356 42173 5 61953 258 52103
2907 356 42173 5 61953 203 52103
2907 336 37269 336 67386 336 52103
2907 336 37269 336 30687 336 52103
2907 336 37269 336 30687 255 52103
2907 336 37269 336 11568 255 52103
2907 336 37269 336 20189 255 52103
2907 336 37269 336 48943 255 52103
2907 336 37269 336 71491 336 52103
2907 105 63771 172 65601 143 69742 113 52103
2907 105 63771 172 41112 172 9637 172 52103
2907 255 3007 213 50130 121 60073 336 52103
2907 255 3007 213 50130 121 60073 255 52103
2907 255 32685 336 53751 255 69443 255 52103
2907 255 34222 172 52734 105 63974 382 52103
2907 255 34222 356 14736 172 70609 255 52103
2907 105 63771 172 65601 143 69742 113 51482 336 52103
2907 105 63771 172 65601 143 69742 113 51482 255 52103
2907 255 3007 336 44438 336 20525 172 9898 172 52103
