44925 321 24058
44925 332 10045 31 24058
44925 332 65855 31 24058
44925 332 65853 31 24058
44925 332 65856 31 24058
44925 332 29052 31 24058
44925 332 29065 31 24058
44925 332 29064 31 24058
44925 332 23453 31 24058
44925 332 68334 31 24058
44925 332 68339 31 24058
44925 332 68337 31 24058
44925 358 51607 28 24058
44925 332 10045 31 17625 321 24058
44925 332 10045 31 7377 321 24058
44925 332 10045 31 56660 321 24058
44925 332 10045 31 1333 321 24058
44925 332 10045 31 51510 321 24058
44925 332 10045 31 24865 321 24058
44925 332 10045 31 36844 321 24058
44925 332 10045 31 27162 321 24058
44925 332 10045 31 26151 321 24058
44925 332 10045 31 73217 321 24058
44925 332 10045 31 51172 321 24058
44925 332 10045 31 53912 321 24058
44925 332 10045 31 20766 321 24058
44925 332 10045 31 50986 321 24058
44925 332 10045 31 2748 321 24058
44925 332 10045 31 2527 321 24058
44925 332 10045 31 32357 321 24058
44925 332 10045 31 59220 321 24058
44925 332 10045 31 30916 321 24058
44925 332 10045 31 52683 321 24058
44925 332 10045 31 72283 321 24058
44925 332 10045 31 14740 321 24058
44925 332 10045 31 57341 321 24058
44925 332 10045 31 40730 321 24058
44925 332 10045 31 56441 321 24058
44925 332 10045 31 53407 321 24058
44925 332 10045 31 64335 321 24058
44925 332 10045 31 73143 321 24058
44925 332 10045 31 38148 321 24058
44925 332 10045 31 2136 321 24058
44925 332 10045 31 6534 321 24058
44925 332 10045 31 53923 321 24058
44925 332 10045 31 46549 321 24058
44925 332 10045 31 14537 321 24058
44925 332 10045 31 28376 321 24058
44925 332 10045 31 58806 321 24058
44925 332 10045 31 19847 321 24058
44925 332 10045 31 29427 321 24058
44925 332 10045 31 72997 321 24058
44925 332 10045 31 1641 321 24058
44925 332 10045 31 25110 321 24058
44925 332 10045 31 64590 321 24058
44925 332 10045 31 17630 321 24058
44925 332 10045 31 42969 321 24058
44925 332 10045 31 26710 321 24058
44925 332 10045 31 30522 321 24058
44925 332 10045 31 33377 321 24058
44925 332 10045 31 31910 321 24058
44925 332 10045 31 27946 321 24058
44925 332 10045 252 69092 294 24058
44925 332 10045 252 69092 369 24058
44925 332 10045 252 69092 277 24058
44925 332 10045 369 14858 321 24058
44925 332 10045 369 6003 321 24058
44925 332 10045 369 19933 321 24058
44925 332 65855 31 45515 321 24058
44925 332 65855 31 53002 321 24058
44925 332 65855 31 42726 321 24058
44925 332 65855 31 21807 321 24058
44925 332 65855 31 75205 321 24058
44925 332 65855 31 25006 321 24058
44925 332 65855 31 24701 321 24058
44925 332 65855 31 72480 321 24058
44925 332 65855 31 37710 321 24058
44925 332 65855 31 73570 321 24058
44925 332 65855 31 7340 321 24058
44925 332 65855 31 49353 321 24058
44925 332 65855 31 74534 321 24058
44925 332 65855 31 51743 321 24058
44925 332 65855 31 69099 321 24058
44925 332 65855 31 64151 321 24058
44925 332 65855 31 39920 321 24058
44925 332 65855 31 16974 321 24058
44925 332 65855 31 34555 321 24058
44925 332 65853 31 48838 321 24058
44925 332 65853 31 26066 321 24058
44925 332 65853 31 8704 321 24058
44925 332 65853 31 33481 321 24058
44925 332 65853 31 70529 321 24058
44925 332 65853 31 16268 321 24058
44925 332 65853 31 50856 321 24058
44925 332 65853 31 32298 321 24058
44925 332 65853 31 5319 321 24058
44925 332 65853 31 24596 321 24058
44925 332 65853 31 14859 321 24058
44925 332 65853 31 36041 369 24058
44925 332 65853 31 48822 321 24058
44925 332 65853 31 20174 321 24058
44925 332 65853 31 28306 321 24058
44925 332 65857 31 44565 321 24058
44925 332 65857 31 25422 321 24058
44925 332 65857 31 55164 321 24058
44925 332 65857 369 60841 321 24058
44925 332 65857 369 41897 32 24058
44925 332 65856 31 24775 321 24058
44925 332 65856 369 50528 321 24058
44925 332 65861 31 32306 321 24058
44925 332 65861 31 36301 321 24058
44925 332 65861 31 31636 321 24058
44925 332 65861 31 66047 321 24058
44925 332 65861 31 74024 321 24058
44925 332 65861 31 18999 321 24058
44925 332 29052 31 56340 321 24058
44925 332 29065 31 7196 321 24058
44925 332 29065 31 45127 321 24058
44925 332 29065 31 50391 321 24058
44925 332 29065 31 62595 321 24058
44925 332 29065 31 50614 321 24058
44925 332 29065 31 26742 321 24058
44925 332 29065 31 4921 321 24058
44925 332 29065 31 57616 321 24058
44925 332 29065 31 62831 282 24058
44925 332 29064 31 38500 321 24058
44925 332 23453 31 56734 321 24058
44925 332 23453 31 52207 321 24058
44925 332 23453 31 71421 321 24058
44925 332 23453 31 67772 321 24058
44925 332 23453 31 48050 321 24058
44925 332 23453 31 28485 321 24058
44925 332 29061 369 9132 321 24058
44925 358 51607 28 68736 362 24058
44925 358 51607 28 68736 321 24058
44925 358 51607 28 25387 321 24058
44925 358 51607 28 61055 321 24058
44925 332 10045 31 65268 369 53751 255 24058
44925 332 10045 31 72079 382 42278 321 24058
44925 332 10045 31 72079 300 66239 211 24058
44925 332 10045 31 72079 300 62434 211 24058
44925 332 10045 31 72079 332 6058 31 24058
44925 332 10045 31 72079 332 32380 31 24058
44925 332 10045 31 72079 332 12340 31 24058
44925 332 10045 31 72079 256 54168 254 24058
44925 332 10045 31 72079 271 59741 130 24058
44925 332 10045 31 64880 332 40316 31 24058
44925 332 10045 31 64880 369 73592 358 24058
44925 332 10045 31 30490 102 46685 359 24058
44925 332 10045 31 23705 32 2516 321 24058
44925 332 10045 31 1444 383 69931 321 24058
44925 332 10045 31 1444 297 40417 321 24058
44925 332 10045 31 1444 297 62834 321 24058
44925 332 10045 31 1444 297 25986 321 24058
44925 332 10045 31 1444 297 38619 321 24058
44925 332 10045 31 30439 194 70065 239 24058
44925 332 10045 31 58806 32 31621 321 24058
44925 332 10045 31 59909 75 33951 155 24058
44925 332 10045 31 19847 105 44438 336 24058
44925 332 10045 31 19847 105 44438 382 24058
44925 332 10045 31 19847 105 44438 255 24058
44925 332 10045 31 19847 294 7339 321 24058
44925 332 10045 31 29427 32 51420 321 24058
44925 332 10045 31 29427 32 4148 321 24058
44925 332 10045 31 41108 72 27894 321 24058
44925 332 10045 31 9466 294 25099 321 24058
44925 332 10045 31 72636 28 1713 321 24058
44925 332 10045 31 72636 364 29940 321 24058
44925 332 10045 31 64590 300 55212 211 24058
44925 332 10045 31 40314 52 8453 321 24058
44925 332 10045 31 17630 277 20177 321 24058
44925 332 10045 31 1524 28 68585 6 24058
44925 332 10045 31 19295 4 65297 362 24058
44925 332 10045 31 31910 300 65810 211 24058
44925 332 10045 31 31910 300 26313 211 24058
44925 332 10045 31 31910 300 58340 211 24058
44925 332 10045 252 69092 75 75101 321 24058
44925 332 10045 252 69092 294 11615 321 24058
44925 332 10045 252 69092 294 22800 321 24058
44925 332 10045 252 69092 294 1711 321 24058
44925 332 10045 252 69092 294 21749 321 24058
44925 332 10045 252 69092 294 29987 321 24058
44925 332 10045 252 69092 294 33689 321 24058
44925 332 10045 252 69092 294 12419 321 24058
44925 332 10045 252 69092 294 51864 321 24058
44925 332 10045 252 69092 294 19581 321 24058
44925 332 10045 252 69092 294 23607 321 24058
44925 332 10045 252 69092 277 11495 321 24058
44925 332 10045 369 6003 64 51236 15 24058
44925 332 10045 369 6003 64 51236 141 24058
44925 332 65855 31 7340 196 28166 321 24058
44925 332 65855 31 26159 175 5601 160 24058
44925 332 65855 31 26159 300 17629 211 24058
44925 332 65855 31 26159 300 74587 211 24058
44925 332 65853 31 60073 213 50130 121 24058
44925 332 65857 151 33054 277 62140 321 24058
44925 332 65857 151 33054 277 64684 362 24058
44925 332 65857 151 33054 277 9782 321 24058
44925 332 65857 151 33054 277 52654 321 24058
44925 332 65857 151 33054 277 73664 321 24058
44925 332 65857 151 33054 277 44317 321 24058
44925 332 65857 151 33054 277 73054 321 24058
44925 332 65857 151 33054 277 3313 321 24058
44925 332 65857 151 33054 277 27930 321 24058
44925 332 65857 151 33054 252 44440 321 24058
44925 332 65857 151 33054 252 24237 321 24058
44925 332 65857 151 33054 252 17379 321 24058
44925 332 65857 151 33054 252 9903 321 24058
44925 332 65856 31 33697 300 4173 211 24058
44925 332 65856 31 33697 300 62849 211 24058
44925 332 65856 31 33697 300 62879 211 24058
44925 332 65856 31 33697 300 36209 211 24058
44925 332 65856 31 33697 300 5317 211 24058
44925 332 65856 31 33697 300 25907 211 24058
44925 332 65856 31 33697 300 16843 211 24058
44925 332 65856 31 33697 300 17426 211 24058
44925 332 65856 31 33697 300 19654 211 24058
44925 332 65856 31 33697 300 56116 211 24058
44925 332 65856 31 33697 300 23323 211 24058
44925 332 65856 31 33697 300 65662 211 24058
44925 332 65856 31 33697 300 64408 211 24058
44925 332 65856 31 33697 300 56526 211 24058
44925 332 29052 31 41491 152 10368 362 24058
44925 332 29052 31 41491 152 63515 362 24058
44925 332 29052 31 41491 152 12217 362 24058
44925 332 29052 31 41491 152 3377 362 24058
44925 332 29052 31 41491 152 68699 362 24058
44925 332 29052 31 41491 152 10036 362 24058
44925 332 29052 31 41491 152 3690 362 24058
44925 332 29052 31 9013 84 28247 321 24058
44925 332 29065 31 66908 290 53393 321 24058
44925 332 29065 31 21202 241 39042 172 24058
44925 332 29065 31 21202 241 39042 105 24058
44925 332 29065 31 21202 313 29580 362 24058
44925 332 29061 31 20288 196 6212 321 24058
44925 332 68339 31 50691 240 1639 321 24058
44925 358 51607 28 60797 358 26044 321 24058
44925 332 10045 31 72079 105 27339 172 48963 321 24058
44925 332 10045 31 72079 300 62434 211 16927 321 24058
44925 332 10045 31 72079 300 62434 211 54142 321 24058
44925 332 10045 31 72079 297 61222 231 61876 321 24058
44925 332 10045 31 20140 358 9577 28 36878 321 24058
44925 332 10045 31 64880 369 73592 151 40673 321 24058
44925 332 10045 31 7377 252 6067 151 18250 321 24058
44925 332 10045 31 6905 332 37605 31 8537 321 24058
44925 332 10045 31 27162 369 25489 277 67996 321 24058
44925 332 10045 31 24855 215 42372 260 34023 12 24058
44925 332 10045 31 45570 136 44231 380 29648 362 24058
44925 332 10045 31 19295 323 14691 300 33456 211 24058
44925 332 10045 31 19295 323 14691 313 44620 362 24058
44925 332 10045 31 19295 323 14691 313 19607 362 24058
44925 332 10045 31 19295 323 14691 313 63290 362 24058
44925 332 10045 31 19295 323 14691 313 57685 362 24058
44925 332 10045 31 19295 323 14691 313 54744 362 24058
44925 332 10045 31 19295 323 14691 313 36101 362 24058
44925 332 10045 31 19295 323 23815 313 42827 362 24058
44925 332 10045 31 19295 323 23815 313 11526 362 24058
44925 332 10045 252 69092 294 22800 300 18774 211 24058
44925 358 51607 28 60885 359 623 105 56922 172 24058
44925 358 51607 28 60885 359 623 105 56922 105 24058
44925 332 10045 31 72079 300 66239 211 38348 175 14412 160 24058
44925 332 10045 31 72079 300 62434 211 54201 175 1962 160 24058
44925 332 10045 31 56660 361 57213 296 1819 99 25170 382 24058
44925 332 10045 31 24855 215 42372 215 49957 215 55638 160 24058
44925 332 10045 31 1444 383 38944 315 57273 379 49783 211 24058
44925 332 29052 31 41491 152 63515 286 74645 197 11757 362 24058
