10896 265 60841
10896 265 62261 20 60841
10896 217 9911 5 38128 265 60841
10896 217 9911 5 8511 265 60841
10896 217 9911 5 1293 265 60841
10896 217 9911 5 9678 265 60841
10896 80 38944 91 52667 202 60841
10896 80 38944 91 36335 202 60841
10896 80 38944 155 69092 252 60841
10896 80 38944 354 57047 339 60841
10896 80 38944 75 33054 277 60841
10896 80 38944 252 6067 151 60841
10896 85 64632 249 37726 155 60841
10896 85 64632 303 21458 32 60841
10896 85 74615 112 47100 202 60841
10896 384 3650 332 65857 369 60841
10896 384 3650 332 1705 369 60841
10896 265 62261 236 72636 28 60841
10896 265 62261 236 72636 297 60841
10896 265 62261 277 73742 32 60841
10896 265 62261 277 73742 369 60841
10896 265 62261 153 53497 245 60841
10896 265 62261 222 29063 202 60841
10896 265 19933 383 40653 32 60841
10896 265 19933 383 73343 32 60841
10896 265 19933 252 51405 32 60841
10896 265 19933 75 21109 155 60841
10896 265 19933 75 21109 32 60841
10896 265 19933 172 17373 373 60841
10896 265 19933 172 17373 105 60841
10896 265 19933 373 26494 356 60841
10896 265 19933 321 24058 196 60841
10896 265 19933 151 71180 252 60841
10896 265 19933 151 71180 32 60841
10896 265 19933 151 71180 369 60841
10896 265 4148 75 28162 32 60841
10896 265 4148 75 35827 72 60841
10896 265 4148 75 29427 369 60841
10896 265 4148 75 14513 252 60841
10896 265 4148 75 14513 72 60841
10896 265 4148 75 14513 369 60841
10896 265 4148 75 73236 252 60841
10896 265 4148 75 73236 32 60841
10896 265 4148 75 73236 369 60841
10896 265 4148 75 73236 358 60841
10896 265 4148 383 71850 294 60841
10896 265 4148 383 41125 72 60841
10896 265 4148 272 67201 32 60841
10896 265 4148 107 7641 72 60841
10896 265 23640 75 19529 32 60841
10896 265 23640 75 1262 252 60841
10896 265 23640 75 1262 32 60841
10896 265 23640 75 1262 369 60841
10896 265 23640 75 1262 358 60841
10896 265 23640 75 37960 72 60841
10896 265 23640 383 57941 304 60841
10896 265 23640 272 63840 32 60841
10896 265 20249 272 15135 32 60841
10896 217 9911 249 53751 277 9777 32 60841
10896 217 9911 249 53751 277 9777 369 60841
10896 217 9911 249 53751 277 29310 32 60841
10896 217 9911 249 53904 63 33761 32 60841
10896 217 9911 249 16178 63 28252 32 60841
10896 217 9911 249 16178 63 28252 369 60841
10896 217 9911 111 24573 63 71428 252 60841
10896 217 9911 111 24573 63 71428 32 60841
10896 217 9911 111 24573 63 71428 369 60841
10896 217 9911 111 46024 63 53574 72 60841
10896 217 9911 111 20123 63 20503 72 60841
10896 80 38944 28 25961 32 73859 32 60841
10896 80 38944 28 25961 32 52427 32 60841
10896 80 38944 28 25961 32 16462 294 60841
10896 80 38944 28 25961 32 16462 369 60841
10896 80 38944 28 25961 32 4323 252 60841
10896 80 38944 28 25961 32 4323 72 60841
10896 80 38944 28 25961 32 4323 369 60841
10896 80 38944 28 25961 32 21757 32 60841
10896 80 38944 28 25961 32 21757 369 60841
10896 80 38944 28 25961 32 66047 252 60841
10896 80 38944 28 25961 32 66047 294 60841
10896 80 38944 28 25961 32 66047 369 60841
10896 80 38944 28 25961 32 66047 358 60841
10896 80 38944 28 25961 32 59744 32 60841
10896 80 38944 28 25961 32 56739 32 60841
10896 80 38944 28 25961 32 67742 252 60841
10896 80 38944 28 25961 32 67742 32 60841
10896 80 38944 28 25961 32 67742 358 60841
10896 80 38944 28 25961 32 43916 32 60841
10896 80 38944 28 25961 32 19780 32 60841
10896 80 38944 28 27067 32 68380 72 60841
10896 80 38944 28 27067 32 46492 252 60841
10896 80 38944 28 27067 32 46492 72 60841
10896 80 38944 28 27067 32 46492 369 60841
10896 80 38944 155 69092 294 42302 393 60841
10896 80 38944 155 69092 151 1723 252 60841
10896 80 38944 155 69092 151 1723 369 60841
10896 80 38944 155 69092 151 1723 358 60841
10896 80 38944 32 67410 272 3955 32 60841
10896 80 38944 32 67410 75 20187 32 60841
10896 80 38944 32 67410 277 64133 252 60841
10896 80 38944 32 67410 277 64133 32 60841
10896 80 38944 32 67410 242 33554 159 60841
10896 80 38944 32 67410 242 2064 159 60841
10896 80 38944 8 75194 25 25889 32 60841
10896 80 38944 8 25113 25 10214 32 60841
10896 80 38944 8 25113 25 10214 369 60841
10896 80 38944 310 14859 277 63230 72 60841
10896 80 38944 310 14859 277 45711 32 60841
10896 80 38944 310 14859 277 45711 369 60841
10896 80 38944 310 14859 153 20069 245 60841
10896 80 38944 75 33054 277 39428 32 60841
10896 80 38944 259 17885 68 26650 32 60841
10896 85 64632 249 39113 252 3682 151 60841
10896 384 61656 297 61222 231 45229 369 60841
10896 384 3650 282 72858 100 32594 294 60841
10896 384 3650 282 72858 100 32594 369 60841
10896 384 3650 282 72858 100 34189 32 60841
10896 384 3650 282 72858 100 34189 151 60841
10896 384 3650 282 72858 100 6385 32 60841
10896 384 3650 282 72858 100 30367 72 60841
10896 384 3650 282 72858 100 28542 252 60841
10896 384 3650 282 72858 100 28542 72 60841
10896 384 3650 282 72858 100 28542 369 60841
10896 384 3650 282 72858 100 43423 72 60841
10896 384 3650 282 72858 100 5716 32 60841
10896 384 3650 282 72858 100 5716 369 60841
10896 384 3650 282 72858 100 5716 358 60841
10896 384 3650 332 65855 31 59627 32 60841
10896 384 3650 332 65855 31 59627 369 60841
10896 265 62261 236 72636 240 31158 32 60841
10896 265 62261 236 72636 322 73336 159 60841
10896 265 62261 20 46511 383 2350 32 60841
10896 265 4148 75 29427 277 23156 32 60841
10896 265 4148 75 29427 277 23156 369 60841
10896 265 4148 20 9132 75 28723 32 60841
10896 265 4148 20 9132 272 39574 252 60841
10896 265 4148 20 9132 272 39574 294 60841
10896 265 4148 20 9132 272 39574 369 60841
10896 217 9911 5 48195 265 30796 75 51668 32 60841
10896 217 9911 5 48195 265 30796 75 51668 369 60841
10896 217 9911 5 48195 265 30796 272 49821 32 60841
10896 217 9911 5 15254 265 31389 75 58891 294 60841
10896 217 9911 5 15254 265 31389 75 58891 369 60841
10896 217 9911 5 71797 265 74024 272 11491 32 60841
10896 217 9911 5 64733 265 48050 272 29309 32 60841
10896 217 9911 5 65877 265 40417 75 54202 32 60841
10896 217 9911 249 53751 213 58833 121 23018 393 60841
10896 217 9911 249 53751 255 49761 336 21701 393 60841
10896 217 9911 249 53751 255 49761 336 33834 393 60841
10896 217 9911 249 49212 155 14858 256 53156 254 60841
10896 217 9911 249 49212 155 14858 256 53156 217 60841
10896 217 9911 82 2759 122 38176 256 62262 254 60841
10896 217 9911 82 2759 122 38176 256 62262 35 60841
10896 217 9911 82 2759 122 38176 256 62262 141 60841
10896 80 38944 28 25961 32 4323 26 3472 393 60841
10896 80 38944 8 12051 139 32907 25 63873 294 60841
10896 80 38944 8 12051 139 32907 25 63873 369 60841
10896 80 38944 8 12051 139 32907 25 66208 294 60841
10896 80 38944 8 12051 139 32907 25 66208 369 60841
10896 80 38944 151 41897 252 25328 277 42159 252 60841
10896 80 38944 151 41897 252 25328 277 42159 32 60841
10896 80 38944 151 41897 252 25328 277 42159 369 60841
10896 80 38944 151 41897 252 73831 252 47097 72 60841
10896 80 38944 369 15647 369 25489 277 17449 32 60841
10896 80 38944 259 17885 336 20467 68 57140 32 60841
10896 80 38944 259 17885 336 20467 68 52088 252 60841
10896 80 38944 259 17885 336 20467 68 52088 72 60841
10896 80 38944 259 17885 336 20467 68 52088 369 60841
10896 85 17058 112 26998 369 19754 277 40598 358 60841
10896 384 3650 332 29052 31 50616 114 31680 202 60841
10896 384 3650 332 29052 31 50616 114 63274 202 60841
10896 265 19933 277 44421 8 30296 25 72172 32 60841
10896 265 19933 277 44421 8 30296 25 27818 252 60841
10896 265 19933 277 44421 8 30296 25 27818 32 60841
10896 265 19933 277 44421 8 30296 25 27818 369 60841
10896 265 19933 277 44421 8 30296 25 27818 358 60841
10896 217 9911 249 53751 213 58833 121 23018 227 28818 72 60841
10896 384 61656 297 61222 231 24570 8 53126 25 45112 32 60841
10896 80 38944 75 33054 277 37289 200 70256 250 11609 160 23186 227 30302 358 60841
