10896 265 62261
10896 265 60841 161 62261
10896 265 23640 20 62261
10896 217 9911 5 15254 265 62261
10896 80 38944 310 1444 297 62261
10896 384 61656 297 61222 231 62261
10896 384 3650 107 19847 32 62261
10896 384 3650 107 19847 369 62261
10896 384 3650 240 19364 32 62261
10896 265 60841 277 73742 369 62261
10896 265 60841 231 72636 339 62261
10896 265 60841 153 53497 245 62261
10896 265 60841 222 29063 202 62261
10896 265 19933 242 69865 159 62261
10896 265 4148 75 23648 358 62261
10896 217 9911 249 29732 63 51512 294 62261
10896 80 38944 315 38868 254 46511 161 62261
10896 80 38944 28 27067 32 31520 369 62261
10896 80 38944 32 51420 75 66787 32 62261
10896 85 64632 101 41154 277 65699 72 62261
10896 384 3650 282 72858 100 13327 294 62261
10896 384 3650 282 72858 100 9755 72 62261
10896 384 3650 282 72858 100 15973 310 62261
10896 265 19933 161 60562 75 51701 72 62261
10896 265 19933 161 60562 75 48885 72 62261
10896 265 4148 20 9132 272 17958 369 62261
10896 217 9911 5 72687 217 55044 361 72310 104 62261
10896 217 9911 5 64733 265 48050 277 7831 32 62261
10896 217 9911 5 64733 265 48050 277 7831 369 62261
10896 217 9911 5 64733 265 48050 277 7831 358 62261
10896 80 38944 315 28869 369 38269 277 8652 72 62261
10896 80 38944 315 28869 369 38269 277 20095 294 62261
10896 80 38944 315 28869 369 38269 277 20095 358 62261
10896 80 38944 315 28869 369 38269 277 7030 32 62261
10896 80 38944 315 28869 369 38269 277 7030 358 62261
10896 80 38944 315 28869 369 38269 277 29333 32 62261
10896 80 38944 315 28869 369 38269 277 29333 358 62261
