10896 265 4148
10896 85 64632 249 4148
10896 85 64632 342 4148
10896 85 64632 101 4148
10896 85 64632 303 4148
10896 217 9911 5 11756 358 4148
10896 80 38944 315 3890 254 4148
10896 80 38944 315 59898 254 4148
10896 80 38944 155 69092 277 4148
10896 80 38944 32 51420 75 4148
10896 80 38944 354 57047 297 4148
10896 85 64632 303 21458 32 4148
10896 384 61656 297 61222 231 4148
10896 384 61656 297 61222 20 4148
10896 117 3580 334 14466 32 4148
10896 265 60841 383 71850 294 4148
10896 265 60841 277 29427 32 4148
10896 265 60841 277 29427 369 4148
10896 265 60841 277 14513 252 4148
10896 265 60841 277 14513 32 4148
10896 265 60841 277 14513 369 4148
10896 265 60841 277 14513 358 4148
10896 265 60841 277 73236 32 4148
10896 265 60841 277 73236 369 4148
10896 265 60841 75 28162 32 4148
10896 265 60841 75 67201 72 4148
10896 265 60841 172 17373 373 4148
10896 265 60841 172 17373 105 4148
10896 265 60841 321 24058 196 4148
10896 265 60841 231 72636 339 4148
10896 265 60841 272 7641 310 4148
10896 265 60841 272 35827 32 4148
10896 265 60841 272 35827 369 4148
10896 265 60841 272 41125 294 4148
10896 265 60841 272 41125 369 4148
10896 265 60841 153 53497 245 4148
10896 265 60841 222 29063 202 4148
10896 265 62261 28 23648 32 4148
10896 265 62261 242 69865 159 4148
10896 265 19933 277 36814 32 4148
10896 265 19933 277 36814 369 4148
10896 265 19933 277 36814 358 4148
10896 265 19933 277 72785 252 4148
10896 265 19933 277 72785 32 4148
10896 265 19933 277 72785 369 4148
10896 265 19933 75 16129 294 4148
10896 265 19933 75 16129 369 4148
10896 265 19933 75 16129 358 4148
10896 265 19933 75 16129 252 4148
10896 265 19933 75 67656 252 4148
10896 265 19933 75 67656 32 4148
10896 265 19933 75 67656 369 4148
10896 265 19933 75 67656 358 4148
10896 265 19933 75 61756 369 4148
10896 265 19933 75 59033 32 4148
10896 265 19933 396 54516 35 4148
10896 265 23640 75 16478 32 4148
10896 265 23640 75 19215 72 4148
10896 217 9911 111 9976 63 54856 369 4148
10896 217 9911 163 5182 63 66920 72 4148
10896 217 9911 163 5182 63 66920 369 4148
10896 80 38944 91 52667 202 9132 161 4148
10896 80 38944 114 53782 155 40450 32 4148
10896 80 38944 28 25961 32 48166 294 4148
10896 80 38944 28 25961 32 48166 369 4148
10896 80 38944 28 25961 32 43908 32 4148
10896 80 38944 28 25961 32 7790 294 4148
10896 80 38944 28 25961 32 7790 369 4148
10896 80 38944 28 25961 32 13934 252 4148
10896 80 38944 28 25961 32 13934 294 4148
10896 80 38944 28 25961 32 13934 369 4148
10896 80 38944 28 25961 32 41504 294 4148
10896 80 38944 28 25961 32 41504 369 4148
10896 80 38944 28 25961 32 39783 32 4148
10896 80 38944 28 25961 32 33601 72 4148
10896 80 38944 28 27067 32 38523 294 4148
10896 80 38944 28 27067 32 38523 369 4148
10896 80 38944 28 27067 32 37970 32 4148
10896 80 38944 155 69092 294 2953 32 4148
10896 80 38944 155 69092 294 2953 369 4148
10896 80 38944 155 69092 277 4056 32 4148
10896 80 38944 155 69092 277 4056 369 4148
10896 80 38944 32 51420 75 35774 32 4148
10896 80 38944 32 51420 75 29249 32 4148
10896 80 38944 8 75194 25 2342 369 4148
10896 80 38944 310 14859 277 30693 72 4148
10896 80 38944 310 14859 277 30693 369 4148
10896 80 38944 310 14859 277 31017 32 4148
10896 384 3650 282 72858 100 55502 369 4148
10896 384 3650 282 72858 100 50283 252 4148
10896 384 3650 282 72858 100 50283 294 4148
10896 384 3650 282 72858 100 50283 369 4148
10896 384 3650 332 29065 31 66908 32 4148
10896 265 60841 172 17373 373 62969 155 4148
10896 217 9911 5 38128 15 22928 382 8546 369 4148
10896 217 9911 5 38128 265 29827 256 6916 254 4148
10896 217 9911 5 38128 265 29827 256 6916 35 4148
10896 217 9911 5 48195 265 30796 383 32660 32 4148
10896 217 9911 5 48195 265 30796 383 32660 358 4148
10896 217 9911 5 44022 265 27894 75 12041 32 4148
10896 217 9911 5 44022 265 27894 75 12041 369 4148
10896 217 9911 5 15254 85 33503 256 17880 6 4148
10896 217 9911 5 15254 265 53060 75 27246 32 4148
10896 217 9911 5 15254 265 53060 75 4914 32 4148
10896 217 9911 5 15254 265 31389 75 60703 72 4148
10896 217 9911 5 15254 265 31389 75 39621 32 4148
10896 217 9911 5 15254 265 31389 75 39621 358 4148
10896 217 9911 5 36348 265 6003 272 68219 294 4148
10896 217 9911 5 36348 265 6003 272 68219 369 4148
10896 217 9911 249 49212 155 14858 75 64247 294 4148
10896 217 9911 249 49212 155 14858 75 64247 369 4148
10896 217 9911 163 5182 63 66920 126 47093 393 4148
10896 217 9911 163 5182 63 66920 126 57654 393 4148
10896 217 9911 163 5182 63 66920 126 71496 393 4148
10896 217 9911 163 5182 63 66920 126 25143 393 4148
10896 217 9911 119 62986 295 71255 63 6244 32 4148
10896 217 9911 119 62986 295 71255 63 6244 151 4148
10896 217 9911 119 62986 295 71255 63 6244 358 4148
10896 80 38944 315 6225 254 15108 256 20902 254 4148
10896 80 38944 315 6225 254 15108 256 20902 35 4148
10896 80 38944 315 6225 254 15108 256 20902 141 4148
10896 80 38944 315 18896 265 26742 75 45124 32 4148
10896 80 38944 315 34625 292 44302 338 45216 104 4148
10896 80 38944 315 24454 15 3193 270 11493 104 4148
10896 80 38944 315 14932 32 38500 272 72608 294 4148
10896 80 38944 315 14932 32 38500 272 72608 369 4148
10896 80 38944 91 36335 202 75455 75 20909 72 4148
10896 80 38944 155 69092 294 25986 75 58212 32 4148
10896 80 38944 155 69092 277 33297 75 59416 72 4148
10896 80 38944 75 33054 277 60779 277 8471 72 4148
10896 85 64632 249 66679 155 60613 107 71942 252 4148
10896 85 64632 249 66679 155 60613 107 71942 32 4148
10896 85 64632 249 66679 155 60613 107 71942 369 4148
10896 85 64632 249 66679 155 60613 107 71942 358 4148
10896 265 60841 172 17373 373 62969 63 28319 252 4148
10896 265 60841 172 17373 373 62969 63 28319 72 4148
10896 265 60841 172 17373 373 62969 63 28319 369 4148
10896 265 19933 75 67656 8 61900 25 38508 294 4148
10896 265 19933 75 67656 8 61900 25 38508 369 4148
10896 265 19933 75 67656 8 61900 25 18143 294 4148
10896 265 19933 75 67656 8 61900 25 18143 369 4148
10896 217 9911 5 6422 379 66239 211 15401 98 61357 369 4148
10896 217 9911 163 5182 63 66920 36 32828 51 30344 294 4148
10896 217 9911 163 5182 63 66920 36 32828 51 30344 369 4148
