10896 265 23640
10896 265 62261 161 23640
10896 80 38944 315 18896 265 23640
10896 80 38944 91 52667 202 23640
10896 80 38944 310 15756 297 23640
10896 80 38944 310 18333 294 23640
10896 384 61656 297 61222 231 23640
10896 384 3650 332 29065 31 23640
10896 384 3650 332 29064 31 23640
10896 265 60841 277 1262 32 23640
10896 265 60841 75 63840 72 23640
10896 265 60841 75 19529 32 23640
10896 265 60841 186 57941 294 23640
10896 265 60841 186 57941 369 23640
10896 265 60841 186 57941 358 23640
10896 265 60841 231 72636 339 23640
10896 265 60841 272 37960 32 23640
10896 265 60841 153 53497 245 23640
10896 265 60841 222 29063 202 23640
10896 265 19933 277 72785 32 23640
10896 265 19933 277 44421 32 23640
10896 265 19933 75 61756 32 23640
10896 265 19933 161 45397 161 23640
10896 265 19933 242 21531 159 23640
10896 265 4148 75 16478 32 23640
10896 265 4148 272 19215 32 23640
10896 80 38944 315 60665 37 34480 32 23640
10896 80 38944 28 25961 32 40468 72 23640
10896 80 38944 28 25961 32 42751 294 23640
10896 80 38944 28 25961 32 43304 72 23640
10896 80 38944 28 25961 32 43304 369 23640
10896 80 38944 28 25961 32 22625 72 23640
10896 80 38944 32 67410 272 39781 32 23640
10896 80 38944 32 67410 75 42673 32 23640
10896 80 38944 8 12051 383 48288 32 23640
10896 80 38944 259 17885 68 16703 32 23640
10896 85 64632 249 33630 277 65183 32 23640
10896 384 3650 282 72858 155 49345 32 23640
10896 384 3650 282 72858 100 7671 72 23640
10896 265 60841 231 72636 383 50041 72 23640
10896 217 9911 5 11756 265 23785 277 52293 32 23640
10896 217 9911 5 72687 217 59220 361 29625 104 23640
10896 217 9911 5 6983 254 50963 277 71372 294 23640
10896 217 9911 5 6983 254 50963 277 68041 72 23640
10896 217 9911 5 6983 254 50963 277 32039 32 23640
10896 217 9911 5 6983 254 50963 277 29824 32 23640
10896 217 9911 5 6983 254 50963 277 37975 32 23640
10896 217 9911 5 6983 254 50963 277 1065 32 23640
10896 217 9911 5 6983 254 50963 277 20501 294 23640
10896 217 9911 5 6983 254 50963 277 52802 32 23640
10896 217 9911 5 6983 254 50963 277 44786 32 23640
10896 217 9911 5 6983 254 50963 277 9536 32 23640
10896 217 9911 5 65877 265 40417 75 15283 32 23640
10896 80 38944 28 25961 32 43304 291 15079 252 23640
10896 80 38944 28 25961 32 43304 291 15079 32 23640
10896 80 38944 28 25961 32 43304 291 15079 369 23640
10896 80 38944 28 25961 32 43304 291 15079 358 23640
10896 80 38944 8 12051 139 32907 25 20022 252 23640
10896 80 38944 8 12051 139 32907 25 20022 294 23640
10896 80 38944 8 12051 139 32907 25 20022 369 23640
10896 80 38944 310 15756 297 64508 272 62050 32 23640
10896 217 9911 5 8059 14 60960 27 26346 169 61183 137 36491 324 42107 359 6504 102 67511 72 23640
