10896 265 20249
10896 217 9911 5 71797 265 20249
10896 80 38944 315 4484 265 20249
10896 80 38944 315 4901 265 20249
10896 384 61656 297 61222 20 20249
10896 265 60841 75 15135 72 20249
10896 265 60841 231 72636 339 20249
10896 265 60841 153 53497 245 20249
10896 265 19933 161 60562 20 20249
10896 217 9911 5 38128 130 63974 393 20249
10896 217 9911 5 72687 203 38739 393 20249
10896 217 9911 101 65238 155 36029 161 20249
10896 217 9911 101 65238 155 36029 20 20249
10896 80 38944 28 27067 32 67526 72 20249
10896 80 38944 28 27067 32 33281 72 20249
10896 80 38944 28 27067 32 45613 72 20249
10896 80 38944 28 27067 32 11368 72 20249
10896 80 38944 155 69092 294 2532 393 20249
10896 80 38944 155 69092 294 59413 393 20249
10896 80 38944 155 69092 294 8878 72 20249
10896 80 38944 155 69092 294 55164 358 20249
10896 80 38944 155 69092 294 69544 161 20249
10896 80 38944 8 75194 25 22041 72 20249
10896 85 74615 112 13492 203 37476 393 20249
10896 384 3650 282 72858 100 49178 72 20249
10896 384 3650 282 72858 100 38295 72 20249
10896 265 60841 277 29427 75 8244 72 20249
10896 265 60841 277 29427 383 74864 72 20249
10896 217 9911 5 45843 37 22668 91 67515 265 20249
10896 80 38944 28 27067 32 5874 26 1367 393 20249
10896 80 38944 8 65445 377 10911 238 14085 118 54437 329 14095 72 20249
