38128 265 29827
38128 15 28376 32 1444 383 29827
38128 80 38944 91 52667 202 29827
38128 265 69931 147 17373 373 29827
38128 265 69931 153 53497 245 29827
38128 265 69931 242 53540 159 29827
38128 265 69931 222 29063 202 29827
38128 265 60841 231 72636 339 29827
38128 15 70550 332 65855 369 23785 20 29827
38128 15 70550 332 65855 369 23785 161 29827
38128 15 28376 294 50528 222 43901 202 29827
38128 300 62434 211 48050 153 15310 245 29827
38128 217 9911 111 40151 356 51755 373 29827
38128 217 9911 111 40552 63 37929 252 29827
38128 217 9911 111 40552 63 37929 72 29827
38128 217 9911 111 40552 63 37929 369 29827
38128 80 38944 8 75194 25 36259 32 29827
38128 80 38944 8 75194 25 36259 369 29827
38128 80 38944 354 57047 297 58984 161 29827
38128 80 38944 354 57047 297 58984 20 29827
38128 85 64632 249 33630 252 34237 72 29827
38128 85 64632 249 33630 252 34237 369 29827
38128 85 64632 249 4148 256 6916 254 29827
38128 265 69931 75 33951 32 51683 32 29827
38128 265 69931 242 53540 68 45485 252 29827
38128 265 69931 242 53540 68 45485 72 29827
38128 265 69931 242 53540 68 45485 369 29827
38128 265 69931 242 53540 68 55556 252 29827
38128 265 69931 242 53540 68 55556 72 29827
38128 265 69931 242 53540 68 55556 369 29827
38128 104 69092 294 40417 272 39541 294 29827
38128 15 70550 252 6067 151 44440 28 34664 254 29827
38128 15 70550 252 6067 151 44440 28 34664 141 29827
38128 15 70550 300 59812 211 25916 256 61566 254 29827
38128 15 70550 332 65855 369 23785 277 60109 72 29827
38128 15 70550 332 65855 369 23785 75 17612 32 29827
38128 15 28376 32 1444 114 72858 100 62422 72 29827
38128 382 69443 213 59725 121 7849 227 14274 32 29827
38128 104 69092 277 36853 8 40963 25 2418 294 29827
38128 104 69092 277 36853 8 40963 25 2418 369 29827
38128 217 9911 111 9976 267 31508 206 9146 325 20353 254 29827
38128 217 9911 111 9976 267 31508 206 9146 325 20353 217 29827
