38128 265 60841
38128 104 69092 252 60841
38128 15 63319 15 1293 265 60841
38128 15 63319 15 9678 265 60841
38128 15 70550 252 6067 151 60841
38128 15 70550 332 1705 369 60841
38128 15 70550 332 65857 369 60841
38128 15 70550 75 33054 277 60841
38128 15 28376 321 24058 196 60841
38128 15 28376 57 1723 252 60841
38128 15 28376 57 1723 369 60841
38128 15 28376 57 1723 358 60841
38128 382 30522 369 3682 151 60841
38128 382 2748 6 8511 265 60841
38128 300 62434 211 26494 356 60841
38128 300 62434 211 21109 155 60841
38128 300 62434 211 21109 32 60841
38128 217 9911 5 10896 265 60841
38128 80 38944 91 52667 202 60841
38128 80 38944 91 36335 202 60841
38128 80 38944 354 57047 339 60841
38128 85 64632 249 37726 155 60841
38128 85 64632 303 21458 32 60841
38128 265 69931 75 20187 32 60841
38128 265 69931 147 17373 373 60841
38128 265 69931 147 17373 105 60841
38128 265 69931 153 53497 245 60841
38128 265 69931 222 29063 202 60841
38128 265 29827 236 72636 28 60841
38128 265 29827 236 72636 297 60841
38128 104 69092 294 29427 369 60841
38128 104 69092 294 42302 393 60841
38128 104 69092 294 66047 252 60841
38128 104 69092 294 66047 294 60841
38128 104 69092 294 66047 369 60841
38128 104 69092 294 66047 358 60841
38128 104 69092 277 43916 32 60841
38128 104 69092 277 57941 304 60841
38128 203 60073 100 20503 72 60841
38128 15 70550 332 1705 31 59627 32 60841
38128 15 70550 332 1705 31 59627 369 60841
38128 15 70550 332 65855 31 3955 32 60841
38128 15 70550 332 65855 31 45229 369 60841
38128 15 70550 332 65855 31 25889 32 60841
38128 15 70550 151 41897 32 71850 294 60841
38128 15 70550 256 54168 254 51405 32 60841
38128 15 70550 75 33054 277 39428 32 60841
38128 15 70550 297 61222 142 47100 202 60841
38128 15 70550 297 61222 231 62261 20 60841
38128 15 322 32 61102 75 28162 32 60841
38128 15 28376 294 50528 252 26650 32 60841
38128 252 65553 367 13480 227 40653 32 60841
38128 382 8039 6 53751 277 9777 32 60841
38128 382 8039 6 53751 277 9777 369 60841
38128 382 8039 6 53751 277 29310 32 60841
38128 382 31066 369 25489 277 17449 32 60841
38128 382 7417 227 22041 259 33554 159 60841
38128 300 62434 211 67332 184 20069 245 60841
38128 300 62434 211 21109 155 73859 32 60841
38128 300 62434 211 21109 155 52427 32 60841
38128 300 62434 211 21109 155 16462 294 60841
38128 300 62434 211 21109 155 16462 369 60841
38128 300 62434 211 21109 155 71428 252 60841
38128 300 62434 211 21109 155 71428 32 60841
38128 300 62434 211 21109 155 71428 369 60841
38128 300 62434 211 21109 155 4323 252 60841
38128 300 62434 211 21109 155 4323 72 60841
38128 300 62434 211 21109 155 4323 369 60841
38128 300 62434 211 21109 155 73236 252 60841
38128 300 62434 211 21109 155 73236 32 60841
38128 300 62434 211 21109 155 73236 369 60841
38128 300 62434 211 21109 155 73236 358 60841
38128 300 62434 211 21109 155 73343 32 60841
38128 300 62434 211 21109 155 67201 32 60841
38128 300 62434 211 21109 155 21757 32 60841
38128 300 62434 211 21109 155 21757 369 60841
38128 300 62434 211 21109 155 59744 32 60841
38128 300 62434 211 21109 155 56739 32 60841
38128 300 62434 211 21109 155 67742 252 60841
38128 300 62434 211 21109 155 67742 32 60841
38128 300 62434 211 21109 155 67742 358 60841
38128 300 62434 211 21109 155 43423 72 60841
38128 300 62434 211 21109 155 19780 32 60841
38128 300 62434 211 14858 256 53156 254 60841
38128 300 62434 211 14858 256 53156 217 60841
38128 300 62434 211 48050 272 29309 32 60841
38128 217 9911 249 53904 63 33761 32 60841
38128 217 9911 249 16178 63 28252 32 60841
38128 217 9911 249 16178 63 28252 369 60841
38128 217 9911 111 46024 63 53574 72 60841
38128 217 9911 101 68546 63 63840 32 60841
38128 80 38944 28 27067 32 68380 72 60841
38128 80 38944 28 27067 32 46492 252 60841
38128 80 38944 28 27067 32 46492 72 60841
38128 80 38944 28 27067 32 46492 369 60841
38128 80 38944 32 67410 75 1262 252 60841
38128 80 38944 32 67410 75 1262 32 60841
38128 80 38944 32 67410 75 1262 369 60841
38128 80 38944 32 67410 75 1262 358 60841
38128 80 38944 32 67410 277 64133 252 60841
38128 80 38944 32 67410 277 64133 32 60841
38128 80 38944 32 67410 242 2064 159 60841
38128 80 38944 8 75194 25 71180 252 60841
38128 80 38944 8 75194 25 71180 32 60841
38128 80 38944 8 75194 25 71180 369 60841
38128 80 38944 8 25113 25 10214 32 60841
38128 80 38944 8 25113 25 10214 369 60841
38128 80 38944 310 14859 277 63230 72 60841
38128 80 38944 310 14859 277 45711 32 60841
38128 80 38944 310 14859 277 45711 369 60841
38128 85 64632 249 4148 75 35827 72 60841
38128 85 64632 249 4148 75 14513 252 60841
38128 85 64632 249 4148 75 14513 72 60841
38128 85 64632 249 4148 75 14513 369 60841
38128 85 64632 249 4148 383 41125 72 60841
38128 85 64632 249 4148 107 7641 72 60841
38128 130 63974 393 20249 272 15135 32 60841
38128 265 29827 161 23785 242 73336 159 60841
38128 265 29827 236 72636 240 31158 32 60841
38128 104 69092 114 49761 336 21701 393 60841
38128 104 69092 114 49761 336 33834 393 60841
38128 104 69092 294 29427 277 23156 32 60841
38128 104 69092 294 29427 277 23156 369 60841
38128 104 69092 294 40417 75 54202 32 60841
38128 104 69092 294 19933 252 73742 32 60841
38128 104 69092 294 19933 252 73742 369 60841
38128 104 69092 294 74024 272 11491 32 60841
38128 15 63319 15 69304 265 30796 75 51668 32 60841
38128 15 63319 15 69304 265 30796 75 51668 369 60841
38128 15 63319 15 69304 265 30796 272 49821 32 60841
38128 15 70550 252 6067 151 73831 252 47097 72 60841
38128 15 70550 252 6067 151 25328 277 42159 252 60841
38128 15 70550 252 6067 151 25328 277 42159 32 60841
38128 15 70550 252 6067 151 25328 277 42159 369 60841
38128 15 70550 332 29052 31 50616 114 31680 202 60841
38128 15 70550 332 29052 31 50616 114 63274 202 60841
38128 15 70550 332 29065 31 23640 75 19529 32 60841
38128 15 70550 332 29065 31 23640 75 37960 72 60841
38128 15 70550 332 23453 31 56734 75 6385 32 60841
38128 15 70550 332 29061 369 9132 75 28723 32 60841
38128 15 70550 332 29061 369 9132 272 39574 252 60841
38128 15 70550 332 29061 369 9132 272 39574 294 60841
38128 15 70550 332 29061 369 9132 272 39574 369 60841
38128 15 70550 297 61222 231 31389 75 58891 294 60841
38128 15 70550 297 61222 231 31389 75 58891 369 60841
38128 15 70550 297 61222 231 46511 383 2350 32 60841
38128 15 322 32 61102 213 58833 121 23018 393 60841
38128 15 28376 32 1444 114 72858 100 32594 294 60841
38128 15 28376 32 1444 114 72858 100 32594 369 60841
38128 15 28376 32 1444 114 72858 100 34189 32 60841
38128 15 28376 32 1444 114 72858 100 34189 151 60841
38128 15 28376 32 1444 114 72858 100 30367 72 60841
38128 15 28376 32 1444 114 72858 100 28542 252 60841
38128 15 28376 32 1444 114 72858 100 28542 72 60841
38128 15 28376 32 1444 114 72858 100 28542 369 60841
38128 15 28376 32 1444 114 72858 100 5716 32 60841
38128 15 28376 32 1444 114 72858 100 5716 369 60841
38128 15 28376 32 1444 114 72858 100 5716 358 60841
38128 15 28376 358 12051 139 32907 25 63873 294 60841
38128 15 28376 358 12051 139 32907 25 63873 369 60841
38128 15 28376 358 12051 139 32907 25 66208 294 60841
38128 15 28376 358 12051 139 32907 25 66208 369 60841
38128 382 28806 6 47724 322 20467 68 57140 32 60841
38128 382 28806 6 47724 322 20467 68 52088 252 60841
38128 382 28806 6 47724 322 20467 68 52088 72 60841
38128 382 28806 6 47724 322 20467 68 52088 369 60841
38128 300 62434 211 21109 155 4323 26 3472 393 60841
38128 217 9911 82 2759 122 38176 256 62262 254 60841
38128 217 9911 82 2759 122 38176 256 62262 35 60841
38128 217 9911 82 2759 122 38176 256 62262 141 60841
38128 85 17058 112 26998 369 19754 277 40598 358 60841
38128 15 70550 332 29052 31 24570 8 53126 25 45112 32 60841
38128 15 322 32 61102 213 58833 121 23018 227 28818 72 60841
38128 80 38944 28 27067 32 44421 8 30296 25 72172 32 60841
38128 80 38944 28 27067 32 44421 8 30296 25 27818 252 60841
38128 80 38944 28 27067 32 44421 8 30296 25 27818 32 60841
38128 80 38944 28 27067 32 44421 8 30296 25 27818 369 60841
38128 80 38944 28 27067 32 44421 8 30296 25 27818 358 60841
38128 15 70550 75 33054 277 37289 200 70256 250 11609 160 23186 227 30302 358 60841
