38128 265 69931
38128 398 52008 265 69931
38128 104 69092 252 69931
38128 15 70550 252 6067 151 69931
38128 15 70550 297 61222 231 69931
38128 15 70550 297 61222 20 69931
38128 15 28376 32 1444 383 69931
38128 15 28376 321 24058 196 69931
38128 80 38944 32 51420 161 69931
38128 80 38944 310 18333 369 69931
38128 80 38944 259 17885 159 69931
38128 85 17058 112 57647 265 69931
38128 265 60841 75 20187 32 69931
38128 265 60841 75 20187 252 69931
38128 265 60841 172 17373 164 69931
38128 265 60841 153 53497 245 69931
38128 265 60841 222 29063 202 69931
38128 265 29827 242 53540 159 69931
38128 104 69092 294 53499 294 69931
38128 104 69092 294 19215 369 69931
38128 104 69092 294 59413 339 69931
38128 104 69092 294 67033 161 69931
38128 104 69092 294 4846 72 69931
38128 104 69092 277 44477 304 69931
38128 104 69092 277 5668 32 69931
38128 15 70550 252 6067 151 51574 294 69931
38128 15 70550 252 6067 151 51574 369 69931
38128 15 70550 252 6067 151 51574 358 69931
38128 15 70550 252 6067 151 51574 252 69931
38128 15 70550 332 65855 31 64830 32 69931
38128 15 70550 332 65855 31 64830 252 69931
38128 15 70550 332 29052 31 66776 72 69931
38128 15 28376 321 24058 114 33951 32 69931
38128 15 28376 294 50528 252 28944 32 69931
38128 382 2748 6 15254 15 54359 32 69931
38128 382 2748 6 15254 15 54359 151 69931
38128 382 2748 6 15254 15 54359 358 69931
38128 300 62434 211 21109 155 43174 72 69931
38128 300 62434 211 21109 155 26661 32 69931
38128 300 62434 211 21109 155 26661 369 69931
38128 300 62434 211 21109 155 34382 252 69931
38128 300 62434 211 21109 155 34382 32 69931
38128 300 62434 211 21109 155 34382 369 69931
38128 300 62434 211 21109 155 34382 358 69931
38128 300 62434 211 48050 272 73458 32 69931
38128 300 62434 211 48050 272 73458 151 69931
38128 300 62434 211 48050 272 73458 358 69931
38128 80 38944 28 27067 32 16648 32 69931
38128 80 38944 28 27067 32 16648 369 69931
38128 80 38944 32 51420 75 64182 32 69931
38128 104 69092 294 27894 153 58611 245 69931
38128 104 69092 294 59204 277 57981 369 69931
38128 15 70550 332 1705 31 13312 227 16765 252 69931
38128 15 70550 332 1705 31 13312 227 16765 294 69931
38128 15 70550 332 1705 31 13312 227 16765 369 69931
38128 15 70550 332 1705 31 13312 227 16765 358 69931
38128 15 70550 332 23453 31 56734 75 72968 32 69931
38128 15 70550 332 23453 31 56734 75 72968 369 69931
38128 15 70550 297 61222 231 31389 75 61414 32 69931
38128 15 70550 297 61222 231 31389 75 61414 151 69931
38128 15 70550 297 61222 20 52366 107 38748 72 69931
38128 15 28376 32 1444 114 72858 100 24465 32 69931
38128 15 28376 32 1444 114 72858 100 24465 151 69931
38128 15 28376 32 1444 114 72858 100 24465 358 69931
38128 15 28376 32 1444 114 72858 100 24465 252 69931
38128 15 70550 297 61222 20 52366 107 38748 75 42781 252 69931
38128 15 70550 297 61222 20 52366 107 38748 75 42781 32 69931
38128 300 62434 211 4603 300 50253 110 21725 256 5079 147 69931
38128 15 70550 297 61222 20 52366 107 38748 8 27315 25 34964 32 69931
38128 15 70550 297 61222 20 52366 107 38748 8 27315 25 34964 358 69931
