74415 265 67410
74415 80 38944 32 67410
74415 80 38944 315 45843 265 67410
74415 80 38944 315 41106 265 67410
74415 80 38944 315 71797 265 67410
74415 80 38944 315 47937 265 67410
74415 80 38944 315 18896 265 67410
74415 80 38944 315 56943 265 67410
74415 80 38944 315 8593 265 67410
74415 80 38944 315 17898 265 67410
74415 80 38944 315 63292 265 67410
74415 80 38944 315 23800 265 67410
74415 80 38944 315 48679 265 67410
74415 80 38944 315 21419 265 67410
74415 80 38944 315 50538 265 67410
74415 80 38944 315 69700 265 67410
74415 80 38944 315 65877 265 67410
74415 80 38944 315 19849 265 67410
74415 80 38944 315 54397 265 67410
74415 80 38944 91 36348 265 67410
74415 80 38944 91 67545 265 67410
74415 80 38944 155 69092 294 67410
74415 80 38944 32 51420 20 67410
74415 80 38944 310 14859 20 67410
74415 80 38944 358 53751 32 67410
74415 80 38944 252 6067 32 67410
74415 80 38944 259 17885 159 67410
74415 85 17058 112 45692 265 67410
74415 85 17058 112 28573 265 67410
74415 85 17058 112 55846 265 67410
74415 85 17058 191 58864 265 67410
74415 80 38944 315 65351 37 22668 32 67410
74415 80 38944 315 65351 37 22668 358 67410
74415 80 38944 315 45843 217 50790 393 67410
74415 80 38944 315 74194 226 7232 393 67410
74415 80 38944 315 16174 141 26528 393 67410
74415 80 38944 315 44022 141 21356 155 67410
74415 80 38944 315 48284 147 42192 393 67410
74415 80 38944 315 1293 398 33701 155 67410
74415 80 38944 315 1293 398 33701 32 67410
74415 80 38944 315 17898 155 16834 294 67410
74415 80 38944 315 21265 66 15084 155 67410
74415 80 38944 315 38868 254 61076 32 67410
74415 80 38944 315 6222 217 30918 393 67410
74415 80 38944 315 24454 104 61222 20 67410
74415 80 38944 91 36348 80 32131 72 67410
74415 80 38944 91 67545 80 51637 32 67410
74415 80 38944 91 41848 398 66372 393 67410
74415 80 38944 91 36335 202 1713 161 67410
74415 80 38944 383 14579 383 47068 294 67410
74415 80 38944 383 40134 114 33951 32 67410
74415 80 38944 383 40134 32 34193 304 67410
74415 80 38944 383 40134 25 59033 32 67410
74415 80 38944 28 25961 32 11210 72 67410
74415 80 38944 28 31312 294 6168 383 67410
74415 80 38944 28 31312 114 33504 155 67410
74415 80 38944 28 27067 32 3291 294 67410
74415 80 38944 28 27067 32 51866 294 67410
74415 80 38944 28 27067 32 51866 369 67410
74415 80 38944 155 69092 75 23705 32 67410
74415 80 38944 155 69092 75 1638 32 67410
74415 80 38944 155 69092 75 70836 155 67410
74415 80 38944 155 69092 114 16864 155 67410
74415 80 38944 155 69092 114 49761 155 67410
74415 80 38944 155 69092 142 55302 104 67410
74415 80 38944 155 69092 142 5939 32 67410
74415 80 38944 155 69092 294 72636 339 67410
74415 80 38944 155 69092 294 24837 155 67410
74415 80 38944 155 69092 294 59909 32 67410
74415 80 38944 155 69092 294 59909 369 67410
74415 80 38944 155 69092 151 32706 369 67410
74415 80 38944 155 69092 151 59840 151 67410
74415 80 38944 155 69092 151 64354 369 67410
74415 80 38944 155 69092 151 35877 369 67410
74415 80 38944 155 69092 151 49836 32 67410
74415 80 38944 155 69092 151 49836 369 67410
74415 80 38944 155 69092 151 49836 358 67410
74415 80 38944 155 69092 277 49030 32 67410
74415 80 38944 155 69092 277 49030 369 67410
74415 80 38944 155 69092 277 49030 358 67410
74415 80 38944 32 51420 153 53497 245 67410
74415 80 38944 32 51420 222 29063 202 67410
74415 80 38944 32 51420 242 33554 159 67410
74415 80 38944 8 36483 25 43225 32 67410
74415 80 38944 8 49607 25 6358 369 67410
74415 80 38944 8 49607 25 73138 32 67410
74415 80 38944 8 49607 25 39781 72 67410
74415 80 38944 8 57316 25 42673 32 67410
74415 80 38944 8 57316 25 40539 32 67410
74415 80 38944 8 25113 25 38677 252 67410
74415 80 38944 8 25113 25 38677 32 67410
74415 80 38944 8 25113 25 38677 369 67410
74415 80 38944 8 25113 25 38677 358 67410
74415 80 38944 310 1444 114 49880 32 67410
74415 80 38944 310 15756 364 8100 393 67410
74415 80 38944 310 14859 277 41146 32 67410
74415 80 38944 310 14859 252 10837 72 67410
74415 80 38944 151 41897 277 51352 369 67410
74415 80 38944 369 53811 252 43173 393 67410
74415 80 38944 358 53751 277 65268 72 67410
74415 80 38944 358 53751 277 64193 32 67410
74415 80 38944 358 53751 277 42335 32 67410
74415 80 38944 358 53751 277 17440 32 67410
74415 80 38944 358 53751 277 24605 32 67410
74415 80 38944 358 53751 277 61155 32 67410
74415 80 38944 358 53751 277 3629 32 67410
74415 80 38944 358 53751 277 12369 32 67410
74415 80 38944 358 53751 277 40142 32 67410
74415 80 38944 358 53751 277 38202 32 67410
74415 80 38944 358 53751 277 67206 72 67410
74415 80 38944 358 53751 277 29013 294 67410
74415 80 38944 358 53751 277 34409 32 67410
74415 80 38944 358 53751 277 29310 32 67410
74415 80 38944 358 53751 277 28155 32 67410
74415 80 38944 358 53751 28 1251 294 67410
74415 80 38944 358 53751 28 27733 32 67410
74415 80 38944 358 53751 105 30112 155 67410
74415 80 38944 358 53751 105 30112 32 67410
74415 80 38944 358 53751 255 12409 155 67410
74415 80 38944 358 53751 369 52803 32 67410
74415 80 38944 358 53751 369 32284 32 67410
74415 80 38944 75 33054 277 8623 393 67410
74415 80 38944 75 33054 277 43545 393 67410
74415 80 38944 75 33054 277 21109 155 67410
74415 80 38944 75 33054 277 46241 393 67410
74415 80 38944 75 33054 277 22834 393 67410
74415 80 38944 75 33054 277 66729 393 67410
74415 80 38944 75 33054 277 54557 393 67410
74415 80 38944 75 33054 277 20385 393 67410
74415 80 38944 75 33054 277 25762 393 67410
74415 80 38944 84 37419 246 11028 32 67410
74415 80 38944 84 37419 246 11028 369 67410
74415 80 38944 259 17885 336 2064 159 67410
74415 85 17058 112 69422 254 18204 393 67410
74415 85 17058 112 2372 233 62223 393 67410
74415 85 17058 191 58864 254 35186 72 67410
74415 85 64632 249 51363 75 31538 32 67410
74415 85 64632 249 51363 75 65592 393 67410
74415 85 64632 249 51363 75 33888 393 67410
74415 85 64632 249 4148 75 72785 72 67410
74415 85 64632 249 75101 278 55088 393 67410
74415 85 64632 249 75101 278 40004 393 67410
74415 85 64632 249 75101 278 60279 393 67410
74415 85 64632 249 75101 278 43634 393 67410
74415 85 64632 116 31606 23 2305 32 67410
74415 80 38944 315 13437 217 9911 303 50318 393 67410
74415 80 38944 315 13437 265 19933 383 71417 32 67410
74415 80 38944 315 13437 265 19933 75 13043 72 67410
74415 80 38944 315 13437 265 19933 75 47693 32 67410
74415 80 38944 315 13437 265 19933 222 22878 202 67410
74415 80 38944 315 10896 265 60841 277 1262 32 67410
74415 80 38944 315 10896 265 60841 75 20187 32 67410
74415 80 38944 315 10896 265 60841 75 3955 72 67410
74415 80 38944 315 10896 265 60841 75 64133 369 67410
74415 80 38944 315 45843 217 50790 96 13658 393 67410
74415 80 38944 315 45843 217 50790 96 5011 393 67410
74415 80 38944 315 45843 217 50790 96 48204 393 67410
74415 80 38944 315 45843 217 50790 96 45887 393 67410
74415 80 38944 315 45843 217 50790 96 11583 393 67410
74415 80 38944 315 45843 217 50790 96 5772 393 67410
74415 80 38944 315 45843 217 50790 275 9271 393 67410
74415 80 38944 315 45843 217 50790 275 54881 393 67410
74415 80 38944 315 74194 233 34361 96 11949 393 67410
74415 80 38944 315 74194 198 62111 373 9939 393 67410
74415 80 38944 315 74194 198 62111 373 63009 393 67410
74415 80 38944 315 8648 254 26560 96 18281 393 67410
74415 80 38944 315 8648 254 26560 96 52957 393 67410
74415 80 38944 315 8648 254 26560 275 40360 393 67410
74415 80 38944 315 316 141 66781 96 56638 393 67410
74415 80 38944 315 44022 265 27894 242 15619 159 67410
74415 80 38944 315 53965 172 17373 28 41411 32 67410
74415 80 38944 315 11756 300 59812 211 57577 393 67410
74415 80 38944 315 11756 300 59812 211 23142 393 67410
74415 80 38944 315 11756 300 59812 211 40554 393 67410
74415 80 38944 315 11756 300 59812 110 12123 393 67410
74415 80 38944 315 11756 300 59812 110 65245 393 67410
74415 80 38944 315 11756 300 59812 110 33830 393 67410
74415 80 38944 315 11756 300 59812 110 6013 393 67410
74415 80 38944 315 11756 300 59812 110 49559 393 67410
74415 80 38944 315 11756 300 59812 110 32662 393 67410
74415 80 38944 315 11756 300 59812 110 56501 393 67410
74415 80 38944 315 11756 300 59812 110 8754 393 67410
74415 80 38944 315 11756 300 59812 110 25313 393 67410
74415 80 38944 315 11756 300 59812 110 68187 393 67410
74415 80 38944 315 11756 300 59812 110 50248 393 67410
74415 80 38944 315 11756 300 59812 110 15812 393 67410
74415 80 38944 315 11756 300 59812 110 70064 393 67410
74415 80 38944 315 11756 300 59812 110 74231 393 67410
74415 80 38944 315 11756 300 59812 110 19994 393 67410
74415 80 38944 315 11756 300 59812 110 66203 393 67410
74415 80 38944 315 18896 265 26742 75 45680 32 67410
74415 80 38944 315 48284 147 42192 96 51568 393 67410
74415 80 38944 315 48284 147 42192 275 56785 393 67410
74415 80 38944 315 72687 147 39108 164 33095 155 67410
74415 80 38944 315 17898 155 16834 75 36145 32 67410
74415 80 38944 315 17898 155 16834 75 3844 32 67410
74415 80 38944 315 17898 155 16834 75 17211 32 67410
74415 80 38944 315 17898 155 16834 75 56325 32 67410
74415 80 38944 315 17898 155 16834 75 6211 32 67410
74415 80 38944 315 17898 155 16834 75 72757 32 67410
74415 80 38944 315 17898 155 16834 75 37273 32 67410
74415 80 38944 315 17898 155 16834 75 4620 32 67410
74415 80 38944 315 17898 155 16834 383 59845 294 67410
74415 80 38944 315 55497 155 29427 75 40837 32 67410
74415 80 38944 315 41792 265 482 272 64581 151 67410
74415 80 38944 315 41792 265 482 272 64581 358 67410
74415 80 38944 315 66068 233 71406 96 60255 393 67410
74415 80 38944 315 75039 207 2759 122 15053 393 67410
74415 80 38944 315 6222 217 30918 96 48338 393 67410
74415 80 38944 315 6222 217 30918 96 55432 393 67410
74415 80 38944 315 22927 257 28020 257 35173 104 67410
74415 80 38944 315 34625 292 44302 338 6687 104 67410
74415 80 38944 315 34625 292 44302 338 18358 104 67410
74415 80 38944 315 18549 257 65618 270 20541 104 67410
74415 80 38944 91 36348 80 32131 126 19097 393 67410
74415 80 38944 91 36348 80 32131 114 31822 32 67410
74415 80 38944 91 36348 80 32131 256 67862 32 67410
74415 80 38944 91 36348 80 32131 256 32869 32 67410
74415 80 38944 91 36348 80 32131 142 22856 104 67410
74415 80 38944 28 25961 32 47635 278 58063 393 67410
74415 80 38944 28 25961 32 36853 278 57580 393 67410
74415 80 38944 28 25961 32 72997 278 60926 393 67410
74415 80 38944 32 63370 383 71850 142 26899 265 67410
74415 80 38944 8 3497 139 61259 25 28759 32 67410
74415 80 38944 8 3497 139 61259 25 28759 369 67410
74415 80 38944 8 3497 139 61259 25 11831 32 67410
74415 80 38944 8 3497 139 61259 25 11831 151 67410
74415 80 38944 8 3497 139 61259 25 63299 252 67410
74415 80 38944 8 3497 139 61259 25 63299 32 67410
74415 80 38944 8 3497 139 61259 25 63299 369 67410
74415 80 38944 8 3497 139 61259 25 59467 72 67410
74415 80 38944 310 1444 114 72858 100 49592 72 67410
74415 80 38944 358 53751 300 35791 110 62051 393 67410
74415 80 38944 358 53751 300 35791 110 2316 393 67410
74415 80 38944 75 33054 277 25720 103 61968 393 67410
74415 85 17058 191 16345 198 14472 373 15380 393 67410
74415 85 64632 249 75101 278 27034 96 15856 393 67410
74415 80 38944 315 45843 217 50790 82 39045 122 51721 393 67410
74415 80 38944 315 45843 217 50790 82 39045 122 53757 393 67410
74415 80 38944 315 74194 55 3749 131 13360 295 57895 393 67410
74415 80 38944 315 44022 141 21356 385 4222 141 74418 32 67410
74415 80 38944 315 51254 332 65853 31 15479 244 70679 32 67410
74415 80 38944 315 6222 217 30918 363 32164 41 33587 32 67410
74415 80 38944 155 69092 294 20177 290 63066 100 43513 72 67410
74415 85 17058 214 50130 121 40825 398 146 382 809 32 67410
74415 80 38944 91 36348 80 32131 126 21446 372 73802 28 7543 393 67410
