36326 279 59727
36326 279 45690 284 7823 279 59727
36326 279 72822 284 21270 279 59727
36326 279 72822 279 29502 284 59727
36326 279 58040 284 35078 279 59727
36326 279 45690 284 7823 284 63606 279 59727
36326 279 67168 332 29052 31 33054 277 59727
36326 279 67168 332 29052 31 41491 279 59727
36326 279 72822 284 21270 279 51490 279 59727
36326 279 45690 284 7823 279 46955 332 29065 31 59727
36326 279 45690 284 7823 279 70931 284 73881 279 59727
36326 279 45690 284 7823 279 70931 284 27831 279 59727
36326 279 45690 284 7823 279 70931 284 42487 279 59727
36326 279 45690 284 7823 279 70931 284 31173 279 59727
36326 279 45690 284 7823 279 70931 284 40006 279 59727
36326 279 45690 284 7823 279 46955 332 29065 31 3942 279 59727
36326 279 67168 332 29052 31 33054 252 54333 303 62293 279 59727
36326 279 45690 284 7823 284 42543 306 42414 180 67319 71 62377 279 59727
