37916 279 29502
37916 284 21270 279 29502
37916 284 21270 279 67391 279 29502
37916 284 21270 279 31724 279 29502
37916 284 21270 279 30655 279 29502
37916 284 21270 279 10714 279 29502
37916 284 21270 279 16528 279 29502
37916 284 21270 279 15776 279 29502
37916 284 21270 279 18953 279 29502
37916 284 21270 279 33064 279 29502
37916 284 21270 279 23207 279 29502
37916 284 21270 279 65477 279 29502
37916 284 21270 279 71177 279 29502
37916 284 21270 279 56763 279 29502
37916 284 21270 279 16847 279 29502
37916 284 21270 279 27374 279 29502
37916 284 21270 279 66973 279 29502
37916 284 21270 279 53768 279 29502
37916 284 21270 279 60325 279 29502
37916 284 21270 279 73012 279 29502
37916 284 21270 279 10310 279 29502
37916 284 21270 279 63797 279 29502
37916 284 21270 279 55867 279 29502
37916 284 21270 279 42618 279 29502
37916 284 21270 279 58638 279 29502
37916 284 21270 279 72822 279 29502
37916 284 21270 279 155 279 29502
37916 284 21270 279 46955 279 29502
37916 284 21270 279 56509 279 29502
37916 284 21270 279 72899 279 29502
37916 284 21270 279 6262 279 29502
37916 284 21270 279 59727 279 29502
37916 284 21270 279 41569 279 29502
37916 284 21270 279 28847 279 29502
37916 284 21270 279 9738 279 29502
37916 284 21270 279 48044 279 29502
37916 284 21270 279 19742 279 29502
37916 284 21270 279 62025 279 29502
37916 284 21270 279 23207 284 35690 279 29502
37916 284 21270 279 66973 284 4995 279 29502
37916 284 21270 279 28847 284 52232 279 29502
37916 284 21270 279 31724 332 29052 31 14740 279 29502
37916 284 21270 279 31724 332 29052 31 3291 279 29502
37916 284 21270 279 31724 332 29052 31 59816 279 29502
37916 284 21270 279 31724 369 33054 252 57147 279 29502
37916 284 21270 279 42618 358 9577 28 73631 279 29502
37916 284 21270 279 31724 332 29052 369 69092 294 29099 279 29502
37916 284 21270 279 31724 332 29052 31 65908 114 72858 100 27637 279 29502
