10306 271 38128
10306 271 21435 22 31011 385 38128
10306 300 59812 211 5256 385 38128
10306 300 59812 211 70550 15 38128
10306 300 59812 211 70550 6 38128
10306 300 59812 211 70550 398 38128
10306 300 59812 211 11658 385 38128
10306 300 59812 211 11658 398 38128
10306 300 59812 211 39896 15 38128
10306 300 59812 211 39896 6 38128
10306 300 59812 211 39896 398 38128
10306 271 21435 252 50391 155 69092 142 38128
10306 271 21435 252 31842 300 62434 211 38128
10306 271 21435 252 3643 277 30522 6 38128
10306 271 21435 22 54333 102 23393 6 38128
10306 271 21435 22 1444 383 38944 315 38128
10306 271 21435 22 1444 383 38944 91 38128
10306 271 21435 22 1444 383 29827 64 38128
10306 271 21435 22 1444 383 69931 64 38128
10306 271 21435 22 1444 75 28376 398 38128
10306 271 21435 22 1444 382 28806 6 38128
10306 300 59812 211 63713 382 8039 6 38128
10306 300 59812 211 63713 15 60073 372 38128
10306 300 59812 211 63713 15 60073 396 38128
10306 300 59812 211 51363 101 64632 112 38128
10306 300 59812 211 51363 101 64632 191 38128
10306 300 59812 211 53751 255 69443 6 38128
10306 300 59812 211 53751 101 9911 5 38128
10306 300 59812 211 11756 382 2748 6 38128
10306 300 59812 211 11756 85 17058 112 38128
10306 300 59812 211 11756 85 17058 191 38128
10306 300 59812 211 36604 396 55887 15 38128
10306 300 59812 211 36604 396 55887 6 38128
10306 300 59812 211 36604 396 55887 398 38128
10306 300 59812 211 58806 369 14736 385 38128
10306 300 59812 211 9678 15 63319 15 38128
10306 300 59812 211 9678 15 63319 398 38128
10306 300 59812 211 9678 85 19769 191 38128
10306 300 59812 211 9678 265 60841 64 38128
10306 271 21435 252 58164 151 33054 277 66245 385 38128
10306 271 21435 252 58164 151 33054 277 40018 6 38128
10306 271 21435 252 58164 151 33054 277 59433 6 38128
10306 271 21435 252 58164 151 33054 277 73145 6 38128
10306 271 21435 252 58164 151 33054 277 48224 6 38128
10306 271 21435 252 58164 151 33054 252 4399 6 38128
10306 271 21435 252 58164 151 33054 252 31066 6 38128
10306 271 21435 252 58164 151 33054 32 52920 385 38128
10306 271 21435 252 44613 332 65857 31 15024 6 38128
10306 271 21435 252 44613 332 65857 31 26151 6 38128
10306 271 21435 252 44613 332 65857 31 42173 385 38128
10306 271 21435 252 44613 332 29052 31 41162 6 38128
10306 271 21435 252 44613 332 29052 31 7417 6 38128
10306 271 21435 252 44613 332 29052 31 599 15 38128
10306 271 21435 252 44613 332 29052 31 7103 15 38128
10306 271 21435 252 44613 332 29052 31 7103 6 38128
10306 271 21435 252 50391 332 29065 31 1823 15 38128
10306 271 21435 252 50391 332 29065 31 1823 6 38128
10306 271 21435 252 50391 332 29065 31 15471 6 38128
10306 271 21435 252 50391 332 29065 31 17727 6 38128
10306 271 21435 252 50391 332 29065 31 20905 6 38128
10306 271 21435 252 50391 321 24058 196 24596 6 38128
10306 271 21435 252 48726 332 29064 31 26339 6 38128
10306 271 21435 252 48726 256 54168 254 20749 385 38128
10306 271 21435 252 48726 256 54168 254 14297 164 38128
10306 271 21435 252 48726 256 54168 379 1483 88 38128
10306 271 21435 252 48726 369 73592 277 26569 385 38128
10306 271 21435 252 48726 369 73592 277 26569 398 38128
10306 271 21435 22 59822 172 52734 105 63974 271 38128
10306 271 21435 22 59822 172 52734 105 63974 385 38128
10306 271 21435 22 59822 143 37487 113 73982 385 38128
10306 271 21435 22 59822 143 37487 113 17875 15 38128
10306 271 21435 22 59822 143 37487 113 17875 6 38128
10306 271 21435 22 59822 143 37487 113 17875 398 38128
10306 271 21435 22 59822 143 37487 113 1334 15 38128
10306 271 21435 22 59822 143 37487 113 1334 398 38128
10306 271 21435 22 40314 45 41876 23 53219 112 38128
10306 271 21435 22 1444 383 61102 75 322 6 38128
10306 271 21435 22 1444 383 61102 75 322 385 38128
10306 271 21435 22 1444 383 61102 75 322 398 38128
10306 271 21435 22 1444 383 69931 64 52008 15 38128
10306 271 21435 22 1444 383 69931 64 52008 6 38128
10306 271 21435 22 1444 75 28376 252 21632 252 38128
10306 271 21435 22 1444 75 28376 252 21632 28 38128
10306 271 21435 22 1444 75 28376 252 21632 151 38128
10306 271 21435 22 1444 75 28376 252 21632 396 38128
10306 271 21435 22 1444 75 28376 382 65553 6 38128
10306 271 21435 22 1444 75 28376 382 65553 277 38128
10306 271 21435 22 1444 75 28376 382 65553 151 38128
10306 271 21435 130 32357 105 27339 172 12246 6 38128
10306 271 21435 130 32357 105 27339 172 12246 398 38128
10306 300 59812 211 70550 382 10141 6 59072 6 38128
10306 300 59812 211 70550 382 10141 6 32864 15 38128
10306 300 59812 211 70550 382 10141 6 32864 6 38128
10306 300 59812 211 70550 382 10141 6 12035 6 38128
10306 300 59812 211 70550 382 10141 6 12035 385 38128
10306 300 59812 211 70550 382 10141 6 44869 15 38128
10306 300 59812 211 70550 382 10141 6 44869 6 38128
10306 300 59812 211 70550 382 10141 6 68855 6 38128
10306 300 59812 211 70550 256 48065 15 22928 398 38128
10306 300 59812 211 70550 256 48065 15 22928 382 38128
10306 300 59812 211 51172 359 57906 102 28644 6 38128
10306 300 59812 211 63713 15 60073 102 29897 6 38128
10306 300 59812 211 63713 15 60073 266 39181 6 38128
10306 300 59812 211 63713 15 60073 303 28772 6 38128
10306 300 59812 211 63713 15 60073 303 28772 277 38128
10306 300 59812 211 63713 15 60073 303 28772 28 38128
10306 300 59812 211 61727 358 6060 35 51294 271 38128
10306 300 59812 211 61727 358 6060 35 51294 385 38128
10306 300 59812 211 53751 255 6780 336 27108 385 38128
10306 300 59812 211 53751 255 69443 372 586 6 38128
10306 300 59812 211 58806 382 15562 6 75055 15 38128
10306 300 59812 211 58806 382 15562 6 75055 6 38128
10306 300 59812 110 70894 78 5417 296 30382 99 38128
10306 271 21435 252 48726 369 73592 358 41653 5 45713 15 38128
10306 271 21435 252 3643 252 19933 75 4870 26 32129 398 38128
10306 271 21435 252 3643 252 19933 75 4870 26 32129 382 38128
10306 300 59812 211 53751 255 52103 398 5135 358 42522 6 38128
10306 300 59812 211 9678 37 22668 91 31083 217 29947 5 38128
