69930 183 49598
69930 177 67908 328 49598
69930 328 70812 187 2634 328 49598
69930 177 67908 109 39940 183 49598
69930 177 67908 109 42977 183 49598
69930 177 67908 241 51434 183 49598
69930 177 67908 341 7279 183 49598
69930 177 67908 353 48172 183 49598
69930 177 67908 353 34677 183 49598
69930 177 67908 353 46065 183 49598
69930 177 67908 138 59212 183 49598
69930 177 67908 109 6991 350 29271 183 49598
69930 177 67908 241 72256 216 67058 183 49598
69930 177 67908 241 51434 58 50530 183 49598
69930 177 67908 241 51434 58 7144 183 49598
69930 177 67908 241 51434 58 36523 183 49598
69930 177 67908 241 51434 241 14747 183 49598
69930 177 67908 241 51434 353 15267 183 49598
69930 177 67908 241 51434 353 19564 183 49598
69930 328 70812 187 2634 241 58559 138 72695 183 49598
69930 328 70812 187 2634 328 27677 347 8959 183 49598
69930 328 70812 187 2634 328 21216 347 40042 183 49598
69930 328 70812 187 2634 184 56924 189 67657 328 49598
69930 177 67908 109 6991 350 29271 327 42277 183 49598
69930 177 67908 241 72256 312 62798 187 3915 183 49598
