38768 61 55888
38768 332 65853 31 1548 61 55888
38768 332 65855 31 66508 61 55888
38768 332 65855 31 57103 61 55888
38768 332 65855 31 17107 61 55888
38768 332 29061 31 56153 61 55888
38768 332 29064 31 49888 61 55888
38768 332 29064 31 25951 61 55888
38768 332 23453 31 35836 61 55888
38768 332 29052 31 1497 61 55888
38768 332 29052 31 43136 61 55888
38768 366 48451 149 16690 61 55888
38768 366 48451 149 34297 61 55888
38768 366 48451 149 72483 61 55888
38768 366 48451 149 4101 61 55888
38768 366 48451 149 41555 61 55888
38768 366 48451 149 39011 61 55888
38768 366 48451 149 59966 61 55888
38768 366 48451 149 12699 61 55888
38768 366 48451 149 7352 61 55888
38768 366 48451 149 43449 61 55888
38768 366 48451 149 74744 61 55888
38768 366 48451 366 56668 61 55888
38768 366 48451 366 7343 61 55888
38768 366 48451 366 16737 61 55888
38768 366 48451 366 11366 61 55888
38768 369 33054 277 63894 61 55888
38768 369 33054 277 27965 61 55888
38768 369 33054 277 9108 61 55888
38768 369 33054 277 67643 61 55888
38768 369 33054 277 19221 61 55888
38768 369 33054 277 22623 61 55888
38768 149 19204 366 10073 61 55888
38768 149 19204 366 28225 61 55888
38768 149 19204 366 24085 61 55888
38768 149 19204 366 22953 61 55888
38768 149 19204 366 21058 61 55888
38768 149 19204 366 73914 61 55888
38768 149 19204 366 73161 61 55888
38768 149 19204 366 47582 61 55888
38768 332 65853 31 1548 366 34041 61 55888
38768 332 65853 31 1548 366 50785 61 55888
38768 332 65855 31 17107 366 8931 61 55888
38768 332 29052 31 1497 149 19466 61 55888
38768 332 29052 31 1497 149 5624 61 55888
38768 332 29052 31 1497 149 1503 61 55888
38768 332 29052 31 1497 149 66312 61 55888
38768 332 29052 31 1497 366 39034 61 55888
38768 332 29052 31 43136 149 72414 61 55888
38768 332 29052 31 43136 149 67448 61 55888
38768 332 29052 31 43136 149 57997 61 55888
38768 332 29052 31 43136 149 64948 61 55888
38768 332 29052 31 43136 149 21240 61 55888
38768 332 29052 31 43136 149 69373 61 55888
38768 332 29052 31 43136 149 28843 61 55888
38768 332 29052 31 43136 366 42927 61 55888
38768 366 48451 149 17226 149 64949 61 55888
38768 366 48451 149 17226 149 14193 61 55888
38768 366 48451 149 17226 366 58665 61 55888
38768 366 48451 149 34297 149 26885 61 55888
38768 366 48451 149 34297 149 3054 61 55888
38768 366 48451 149 34297 149 25004 61 55888
38768 366 48451 149 34297 149 30765 61 55888
38768 366 48451 149 34297 149 38096 61 55888
38768 366 48451 149 34297 149 31313 61 55888
38768 366 48451 149 34297 149 37844 61 55888
38768 366 48451 149 34297 149 57282 61 55888
38768 366 48451 149 32754 366 18343 61 55888
38768 366 48451 149 4101 149 62742 61 55888
38768 366 48451 149 4101 149 7728 61 55888
38768 366 48451 149 4101 149 73763 61 55888
38768 366 48451 149 4101 149 55232 61 55888
38768 366 48451 149 4101 149 36103 61 55888
38768 366 48451 149 4101 149 14325 61 55888
38768 366 48451 149 4101 366 58545 61 55888
38768 366 48451 149 4101 366 10757 61 55888
38768 366 48451 149 4101 366 57373 61 55888
38768 366 48451 149 4101 366 47244 61 55888
38768 366 48451 149 4101 366 8021 61 55888
38768 366 48451 149 4101 366 33513 61 55888
38768 366 48451 149 4101 366 5606 61 55888
38768 366 48451 149 4101 366 18386 61 55888
38768 366 48451 149 4101 366 72939 61 55888
38768 366 48451 149 4101 366 73963 61 55888
38768 366 48451 149 4101 366 38135 61 55888
38768 366 48451 149 59966 149 11355 61 55888
38768 366 48451 149 59966 149 75481 61 55888
38768 366 48451 149 59966 149 50291 61 55888
38768 366 48451 149 59966 149 48060 61 55888
38768 366 48451 149 59966 149 27940 61 55888
38768 366 48451 149 59966 149 34538 61 55888
38768 366 48451 149 59966 149 17208 61 55888
38768 366 48451 149 59966 149 4583 61 55888
38768 366 48451 149 59966 149 4904 61 55888
38768 366 48451 149 59966 149 8410 61 55888
38768 366 48451 149 59966 149 69911 61 55888
38768 366 48451 149 59966 149 53948 61 55888
38768 366 48451 149 59966 149 39923 61 55888
38768 366 48451 149 59966 149 41265 61 55888
38768 366 48451 149 59966 149 74532 61 55888
38768 366 48451 366 7343 149 2199 61 55888
38768 366 48451 366 7343 149 31736 61 55888
38768 366 48451 366 7343 366 12914 61 55888
38768 366 48451 366 7343 366 49533 61 55888
38768 332 65853 31 11708 123 43544 117 9295 61 55888
38768 332 65853 31 5466 222 26860 117 19441 61 55888
38768 332 65855 31 66508 61 51322 62 25723 61 55888
38768 332 65855 31 66508 61 51322 62 54003 61 55888
38768 332 65855 31 66508 61 51322 62 3303 61 55888
38768 332 65855 31 66508 61 51322 62 22560 61 55888
38768 332 65855 31 66508 61 51322 62 48262 61 55888
38768 332 65855 31 66508 61 51322 62 40757 61 55888
