13476 359 34351
13476 151 33054 277 1771 102 34351
13476 151 33054 32 58806 147 34351
13476 151 33054 32 58806 398 34351
13476 151 33054 32 58806 358 34351
13476 358 61234 383 69092 294 34351
13476 151 33054 277 44571 252 6067 32 34351
13476 151 33054 277 44571 252 6067 151 34351
13476 151 33054 277 19642 256 54168 254 34351
13476 151 33054 277 1444 105 18645 147 34351
13476 151 33054 277 69510 172 52734 172 34351
13476 151 33054 277 75247 211 44084 359 34351
13476 151 33054 277 52898 338 38490 398 34351
13476 151 33054 332 29052 31 63040 359 34351
13476 151 33054 32 60885 359 4050 359 34351
13476 151 33054 277 66245 143 69742 113 19091 102 34351
13476 151 33054 277 30490 102 46685 359 33635 359 34351
13476 151 33054 277 30490 102 6934 102 4861 359 34351
13476 151 33054 277 69841 114 21356 164 3553 147 34351
