22259 359 18645
22259 359 920 102 12153 359 70550 102 46685 359 18645
22259 359 920 102 12153 359 26983 105 27339 172 18645
22259 359 920 102 12153 359 26983 143 69742 113 18645
22259 359 920 102 12153 359 65917 105 63771 105 18645
22259 359 920 102 12153 359 65917 102 36156 359 18645
22259 359 920 102 12153 359 65917 102 60885 359 18645
22259 359 920 102 12153 359 65917 102 5767 359 18645
22259 359 920 102 12153 359 58806 147 34351 164 18645
22259 359 920 102 12153 359 58806 143 67171 113 18645
22259 359 920 102 12153 359 63472 101 1444 105 18645
22259 359 920 102 12153 359 58806 359 57906 102 3405 359 18645
22259 359 920 102 12153 359 58806 348 15756 45 41876 23 3374 172 18645
22259 359 920 102 12153 359 58806 348 15756 45 41876 23 3374 105 18645
22259 359 920 102 12153 359 63472 101 1444 105 45914 172 54129 172 18645
22259 359 920 102 12153 359 63472 101 1444 105 45914 172 54129 105 18645
