36156 359 18645
36156 359 30973 102 46685 359 18645
36156 359 30973 102 5767 359 18645
36156 359 30973 143 69742 113 18645
36156 359 30973 143 67171 113 18645
36156 359 40266 105 27339 172 18645
36156 359 40266 102 60885 359 18645
36156 359 65917 105 63771 105 18645
36156 359 58806 147 34351 164 18645
36156 383 69092 294 1444 105 18645
36156 359 58806 359 57906 102 3405 359 18645
36156 359 65174 52 5466 45 41876 23 3374 172 18645
36156 359 65174 52 5466 45 41876 23 3374 105 18645
36156 359 65917 102 3052 359 920 102 22259 359 18645
36156 383 69092 294 1444 105 45914 172 54129 172 18645
36156 383 69092 294 1444 105 45914 172 54129 105 18645
