4050 359 34351
4050 102 46685 359 18645 147 34351
4050 102 46685 359 58806 147 34351
4050 102 46685 359 58806 398 34351
4050 102 46685 359 58806 358 34351
4050 102 46685 359 33635 359 34351
4050 102 60885 359 44084 359 34351
4050 102 60885 383 69092 294 34351
4050 102 46685 359 58853 105 52734 172 34351
4050 102 46685 359 58853 256 54168 254 34351
4050 102 46685 359 70550 252 6067 32 34351
4050 102 46685 359 70550 252 6067 151 34351
4050 102 46685 359 6934 102 4861 359 34351
4050 102 60885 383 69092 294 1771 102 34351
4050 102 60885 75 33054 252 13476 359 34351
4050 102 46685 359 58853 143 69742 113 19091 102 34351
4050 102 46685 359 30490 332 29052 31 63040 359 34351
4050 102 46685 359 19259 15 59853 398 38490 398 34351
4050 102 60885 383 69092 114 21356 164 3553 147 34351
