4861 359 34351
4861 359 6934 359 58853 105 52734 172 34351
4861 359 6934 359 58853 256 54168 254 34351
4861 359 6934 359 30490 383 69092 294 34351
4861 359 6934 359 70550 252 6067 32 34351
4861 359 6934 359 70550 252 6067 151 34351
4861 359 6934 359 63472 249 58806 147 34351
4861 359 6934 359 63472 249 58806 398 34351
4861 359 6934 359 63472 249 58806 358 34351
4861 359 6934 102 46685 359 18645 147 34351
4861 359 6934 102 46685 359 4050 359 34351
4861 359 6934 102 46685 359 33635 359 34351
4861 359 6934 332 29052 31 63040 359 34351
4861 359 6934 359 58853 105 52734 172 44084 359 34351
4861 359 6934 359 58853 143 69742 113 19091 102 34351
4861 359 6934 359 30490 300 59812 211 1771 102 34351
4861 359 6934 359 30490 369 33054 252 13476 359 34351
4861 359 6934 332 65853 31 14736 385 38490 398 34351
4861 359 6934 359 58853 143 69742 113 21356 164 3553 147 34351
