60885 359 18645
60885 359 58853 102 46685 359 18645
60885 359 58853 143 69742 113 18645
60885 359 39059 105 27339 172 18645
60885 359 39059 143 67171 113 18645
60885 359 4050 359 34351 164 18645
60885 359 40266 102 36156 359 18645
60885 359 65917 105 63771 105 18645
60885 359 65917 102 5767 359 18645
60885 359 28806 6 1444 105 18645
60885 359 63489 356 57906 102 3405 359 18645
60885 359 37978 83 3650 45 41876 23 3374 172 18645
60885 359 37978 83 3650 45 41876 23 3374 105 18645
60885 359 65917 102 3052 359 920 102 22259 359 18645
60885 359 28806 6 1444 105 45914 172 54129 172 18645
60885 359 28806 6 1444 105 45914 172 54129 105 18645
