63040 359 34351
63040 332 29052 31 58806 147 34351
63040 332 29052 31 58806 398 34351
63040 332 29052 31 58806 358 34351
63040 332 29052 369 69092 294 34351
63040 332 29052 31 72079 256 54168 254 34351
63040 332 29052 31 64690 105 52734 172 34351
63040 332 29052 31 59683 252 6067 32 34351
63040 332 29052 31 59683 252 6067 151 34351
63040 332 29052 31 6934 102 4861 359 34351
63040 332 29052 31 63489 398 44084 359 34351
63040 332 29052 31 1444 105 18645 147 34351
63040 332 29052 31 14736 385 38490 398 34351
63040 332 29052 31 33054 277 1771 102 34351
63040 332 29052 31 33054 252 13476 359 34351
63040 332 29052 31 64690 143 69742 113 19091 102 34351
63040 332 29052 31 30490 102 46685 359 4050 359 34351
63040 332 29052 31 30490 102 46685 359 33635 359 34351
63040 332 29052 31 69841 114 21356 164 3553 147 34351
