18645 143 67171
18645 147 34351 164 58806 143 67171
18645 147 34351 105 52734 143 67171
18645 105 27339 172 29285 143 67171
18645 105 27339 172 39059 143 67171
18645 105 27339 172 21843 143 67171
18645 105 27339 172 63489 143 67171
18645 105 27339 172 17020 143 67171
18645 105 27339 172 34324 143 67171
18645 105 27339 172 72838 143 67171
18645 105 27339 172 3592 143 67171
18645 105 27339 172 48963 143 67171
18645 105 27339 172 26869 143 67171
18645 105 27339 172 44597 143 67171
18645 105 27339 172 1105 143 67171
18645 105 27339 105 3184 143 67171
18645 105 27339 105 23102 143 67171
18645 102 3405 359 57906 143 67171
18645 102 5767 359 30973 143 67171
18645 102 60885 359 623 143 67171
18645 102 60885 359 13518 143 67171
18645 102 60885 359 13231 143 67171
18645 102 60885 359 1443 143 67171
18645 102 46685 359 16381 143 67171
18645 143 69742 113 50583 143 67171
18645 143 69742 113 61196 143 67171
18645 143 69742 113 6794 143 67171
18645 143 69742 113 75306 143 67171
18645 143 69742 113 3731 143 67171
18645 143 69742 113 41111 143 67171
18645 143 69742 113 32171 143 67171
18645 143 69742 113 1451 143 67171
18645 143 69742 113 53567 143 67171
18645 143 69742 113 74545 143 67171
18645 143 69742 113 55158 143 67171
18645 143 69742 113 36315 143 67171
18645 143 69742 113 70332 143 67171
18645 143 69742 113 15700 143 67171
18645 143 69742 113 65601 143 67171
18645 143 69742 113 14146 143 67171
18645 143 69742 113 72275 143 67171
18645 143 69742 113 13146 143 67171
18645 143 69742 113 24988 143 67171
18645 143 69742 113 26701 143 67171
18645 143 69742 113 63429 143 67171
18645 143 69742 113 16704 143 67171
18645 143 69742 113 12876 143 67171
18645 143 69742 113 10594 143 67171
18645 143 69742 113 59480 143 67171
18645 143 69742 113 4674 143 67171
18645 143 69742 113 4217 143 67171
18645 143 69742 113 14496 143 67171
18645 143 69742 113 64985 143 67171
18645 143 69742 113 59152 143 67171
18645 143 69742 113 3746 143 67171
18645 143 69742 113 42646 143 67171
18645 143 69742 113 75051 143 67171
18645 143 69742 113 1997 143 67171
18645 143 69742 113 17692 143 67171
18645 143 69742 113 1734 143 67171
18645 143 69742 113 68668 143 67171
18645 143 69742 113 51482 143 67171
18645 143 69742 113 56692 143 67171
18645 143 69742 113 7947 143 67171
18645 143 69742 113 71607 143 67171
18645 143 69742 113 23979 143 67171
18645 143 69742 113 67785 143 67171
18645 143 69742 113 16957 143 67171
18645 143 69742 113 45509 143 67171
18645 143 69742 113 71820 143 67171
18645 143 69742 113 34051 143 67171
18645 143 69742 113 61413 143 67171
18645 143 69742 113 42254 143 67171
18645 147 34351 105 52734 172 29773 143 67171
18645 147 34351 105 52734 172 59439 143 67171
18645 147 34351 105 52734 105 67726 143 67171
18645 147 34351 105 52734 105 6196 143 67171
18645 147 34351 256 54168 254 64335 143 67171
18645 147 34351 383 69092 294 74876 143 67171
18645 172 1444 396 54516 35 56999 143 67171
18645 147 34351 164 58806 143 37487 113 36367 143 67171
18645 147 34351 164 58806 143 34231 113 35547 143 67171
18645 147 34351 383 69092 294 73168 294 40641 143 67171
18645 105 27339 172 21843 102 16252 359 32108 143 67171
18645 105 27339 172 72855 105 60487 105 30738 143 67171
18645 147 34351 105 52734 105 6196 143 35931 113 67751 143 67171
