33922 143 37487
33922 105 27339 172 73338 143 37487
33922 105 27339 172 29285 143 37487
33922 105 27339 172 39059 143 37487
33922 105 27339 172 21843 143 37487
33922 105 27339 172 71297 143 37487
33922 105 27339 172 63489 143 37487
33922 105 27339 172 17020 143 37487
33922 105 27339 172 34324 143 37487
33922 105 27339 172 21844 143 37487
33922 105 27339 172 48963 143 37487
33922 105 27339 172 14740 143 37487
33922 105 27339 172 59061 143 37487
33922 105 27339 172 26869 143 37487
33922 105 27339 172 61305 143 37487
33922 105 27339 172 44597 143 37487
33922 105 27339 172 28376 143 37487
33922 105 27339 172 58806 143 37487
33922 105 27339 105 34883 143 37487
33922 105 27339 105 23102 143 37487
33922 300 59812 211 51021 143 37487
33922 300 59812 211 74978 143 37487
33922 300 59812 211 51172 143 37487
33922 300 59812 211 44084 143 37487
33922 300 59812 211 18888 143 37487
33922 300 59812 211 59822 143 37487
33922 300 62434 211 70383 143 37487
33922 300 62434 211 15994 143 37487
33922 300 62434 211 74935 143 37487
33922 300 62434 211 74545 143 37487
33922 300 62434 211 33697 143 37487
33922 300 62434 211 75367 143 37487
33922 300 62434 211 45818 143 37487
33922 300 62434 211 23105 143 37487
33922 300 62434 211 33193 143 37487
33922 300 62434 211 16381 143 37487
33922 300 62434 211 16704 143 37487
33922 300 62434 211 61481 143 37487
33922 300 62434 211 24245 143 37487
33922 300 62434 211 59031 143 37487
33922 300 62434 211 65931 143 37487
33922 300 62434 211 21356 143 37487
33922 369 33054 277 68072 143 37487
33922 369 33054 277 63780 143 37487
33922 369 33054 32 24701 143 37487
33922 105 27339 172 72079 373 30973 143 37487
33922 105 27339 172 63489 356 63974 102 37487
33922 105 27339 172 63489 356 60073 143 37487
33922 105 27339 172 63489 356 57906 102 37487
33922 105 27339 172 63489 356 57906 143 37487
33922 105 27339 172 72855 105 1997 143 37487
33922 300 59812 211 53751 255 69443 143 37487
33922 300 62434 211 38128 15 17875 143 37487
33922 300 62434 211 38128 15 1334 143 37487
33922 300 62434 211 38128 141 73982 143 37487
33922 300 62434 211 72687 203 38739 102 37487
33922 300 62434 211 72687 203 38739 143 37487
33922 300 62434 211 18597 373 21315 143 37487
33922 300 62434 211 18597 373 23440 143 37487
33922 369 33054 277 12360 113 1552 143 37487
33922 369 33054 277 12360 113 66411 143 37487
33922 369 33054 277 12360 113 27174 143 37487
33922 369 33054 252 65856 31 31645 143 37487
33922 369 33054 252 65857 31 67973 252 37487
33922 369 33054 32 60885 359 623 143 37487
33922 369 33054 32 60885 359 39914 143 37487
33922 105 27339 172 33363 172 52734 172 53567 143 37487
33922 105 27339 172 33363 172 52734 172 38430 143 37487
33922 105 27339 172 33363 172 52734 172 16957 143 37487
33922 105 27339 172 73338 143 69742 113 62465 143 37487
33922 105 27339 172 73338 143 69742 113 28740 143 37487
33922 105 27339 172 73338 143 69742 113 65009 143 37487
33922 105 27339 172 73338 143 69742 113 56288 143 37487
33922 105 27339 172 73338 143 69742 113 43750 143 37487
33922 105 27339 172 73338 143 69742 113 43262 143 37487
33922 105 27339 172 73338 143 69742 113 15700 143 37487
33922 105 27339 172 73338 143 69742 113 18503 143 37487
33922 105 27339 172 73338 143 69742 113 41206 143 37487
33922 105 27339 172 73338 143 69742 113 72275 143 37487
33922 105 27339 172 73338 143 69742 113 7886 143 37487
33922 105 27339 172 73338 143 69742 113 1242 143 37487
33922 105 27339 172 73338 143 69742 113 51482 143 37487
33922 105 27339 172 73338 143 69742 113 14994 143 37487
33922 105 27339 172 73338 143 69742 113 71607 143 37487
33922 105 27339 172 73338 143 69742 283 44948 170 37487
33922 105 27339 172 73338 143 69742 283 6123 170 37487
33922 105 27339 172 73338 143 69742 283 63380 170 37487
33922 105 27339 172 73338 143 69742 283 58142 170 37487
33922 105 27339 172 73338 143 69742 283 59716 170 37487
33922 105 27339 172 73338 143 69742 283 2219 170 37487
33922 105 27339 172 73338 143 69742 283 57046 170 37487
33922 105 27339 172 73338 143 69742 283 63195 170 37487
33922 105 27339 172 73338 143 69742 283 74129 170 37487
33922 105 27339 172 73338 143 69742 283 2762 170 37487
33922 105 27339 172 18645 102 46685 359 44453 143 37487
33922 105 27339 172 18645 143 67171 113 36367 143 37487
33922 105 27339 172 63489 356 63974 303 58189 342 37487
33922 105 27339 172 60170 358 51607 28 23556 13 37487
33922 105 27339 172 60170 358 51607 28 9268 143 37487
33922 105 27339 172 48931 102 72517 359 22173 143 37487
33922 105 27339 172 58806 143 73813 113 42120 143 37487
33922 105 27339 172 58806 143 73813 113 35949 143 37487
33922 105 27339 172 58806 143 73813 113 28584 143 37487
33922 105 27339 172 58806 143 73813 113 43559 143 37487
33922 105 27339 105 72636 339 20249 392 37476 102 37487
33922 105 27339 105 72636 339 20249 392 37476 143 37487
33922 300 59812 211 42842 98 16856 204 49224 143 37487
33922 369 33054 252 40313 31 2286 283 56285 170 37487
33922 369 33054 252 40313 31 2286 283 72715 170 37487
33922 369 33054 252 40313 31 2286 283 65964 170 37487
33922 369 33054 252 40313 31 2286 283 51689 170 37487
33922 369 33054 252 40313 31 2286 283 35630 170 37487
33922 369 33054 252 40313 31 2286 283 38441 170 37487
33922 105 27339 172 63489 147 15434 266 44991 113 15951 143 37487
33922 300 59812 211 53751 255 69443 266 2191 113 13199 143 37487
