42120 143 37487
42120 143 73813 113 62465 143 37487
42120 143 73813 113 56288 143 37487
42120 143 73813 113 70383 143 37487
42120 143 73813 113 35949 143 37487
42120 143 73813 113 66411 143 37487
42120 143 73813 113 23105 143 37487
42120 143 73813 113 28584 143 37487
42120 143 73813 113 43559 143 37487
42120 143 73813 113 18888 143 37487
42120 143 73813 113 51482 143 37487
42120 143 73813 113 58806 143 37487
42120 143 73813 113 27174 143 37487
42120 143 73813 176 69443 143 37487
42120 143 73813 113 58806 359 57906 102 37487
42120 143 73813 113 58806 359 57906 143 37487
42120 143 73813 176 69443 54 37476 102 37487
42120 143 73813 176 69443 54 37476 143 37487
42120 143 73813 113 62465 143 69742 113 73338 143 37487
42120 143 73813 113 62465 143 69742 113 28740 143 37487
42120 143 73813 113 62465 143 69742 113 1552 143 37487
42120 143 73813 113 62465 143 69742 113 29285 143 37487
42120 143 73813 113 62465 143 69742 113 39059 143 37487
42120 143 73813 113 62465 143 69742 113 65009 143 37487
42120 143 73813 113 62465 143 69742 113 623 143 37487
42120 143 73813 113 62465 143 69742 113 68072 143 37487
42120 143 73813 113 62465 143 69742 113 30973 143 37487
42120 143 73813 113 62465 143 69742 113 21843 143 37487
42120 143 73813 113 62465 143 69742 113 71297 143 37487
42120 143 73813 113 62465 143 69742 113 43750 143 37487
42120 143 73813 113 62465 143 69742 113 53567 143 37487
42120 143 73813 113 62465 143 69742 113 51172 143 37487
42120 143 73813 113 62465 143 69742 113 63489 143 37487
42120 143 73813 113 62465 143 69742 113 17020 143 37487
42120 143 73813 113 62465 143 69742 113 74545 143 37487
42120 143 73813 113 62465 143 69742 113 34324 143 37487
42120 143 73813 113 62465 143 69742 113 63780 143 37487
42120 143 73813 113 62465 143 69742 113 43262 143 37487
42120 143 73813 113 62465 143 69742 113 15700 143 37487
42120 143 73813 113 62465 143 69742 113 75367 143 37487
42120 143 73813 113 62465 143 69742 113 18503 143 37487
42120 143 73813 113 62465 143 69742 113 45818 143 37487
42120 143 73813 113 62465 143 69742 113 34883 143 37487
42120 143 73813 113 62465 143 69742 113 41206 143 37487
42120 143 73813 113 62465 143 69742 113 48963 143 37487
42120 143 73813 113 62465 143 69742 113 72275 143 37487
42120 143 73813 113 62465 143 69742 113 24701 143 37487
42120 143 73813 113 62465 143 69742 113 44084 143 37487
42120 143 73813 113 62465 143 69742 113 59061 143 37487
42120 143 73813 113 62465 143 69742 113 16381 143 37487
42120 143 73813 113 62465 143 69742 113 26869 143 37487
42120 143 73813 113 62465 143 69742 113 61305 143 37487
42120 143 73813 113 62465 143 69742 113 16704 143 37487
42120 143 73813 113 62465 143 69742 113 44597 143 37487
42120 143 73813 113 62465 143 69742 113 7886 143 37487
42120 143 73813 113 62465 143 69742 113 1997 143 37487
42120 143 73813 113 62465 143 69742 113 1242 143 37487
42120 143 73813 113 62465 143 69742 113 14994 143 37487
42120 143 73813 113 62465 143 69742 113 28376 143 37487
42120 143 73813 113 62465 143 69742 113 71607 143 37487
42120 143 73813 113 62465 143 69742 113 39914 143 37487
42120 143 73813 113 62465 143 69742 113 16957 143 37487
42120 143 73813 113 62465 143 69742 113 23102 143 37487
42120 143 73813 113 62465 143 69742 113 21356 143 37487
42120 143 73813 113 62465 143 69742 283 44948 170 37487
42120 143 73813 113 62465 143 69742 283 6123 170 37487
42120 143 73813 113 62465 143 69742 283 63380 170 37487
42120 143 73813 113 62465 143 69742 283 58142 170 37487
42120 143 73813 113 62465 143 69742 283 59716 170 37487
42120 143 73813 113 62465 143 69742 283 2219 170 37487
42120 143 73813 113 62465 143 69742 283 57046 170 37487
42120 143 73813 113 62465 143 69742 283 63195 170 37487
42120 143 73813 113 62465 143 69742 283 74129 170 37487
42120 143 73813 113 62465 143 69742 283 2762 170 37487
42120 143 73813 113 62465 143 44991 113 15951 143 37487
42120 143 73813 113 62465 143 44991 113 60073 143 37487
42120 143 73813 113 70383 300 62434 211 33922 143 37487
42120 143 73813 113 70383 300 62434 211 15994 143 37487
42120 143 73813 113 70383 300 62434 211 74935 143 37487
42120 143 73813 113 70383 300 62434 211 33697 143 37487
42120 143 73813 113 70383 300 62434 211 33193 143 37487
42120 143 73813 113 70383 300 62434 211 61481 143 37487
42120 143 73813 113 70383 300 62434 211 24245 143 37487
42120 143 73813 113 70383 300 62434 211 59031 143 37487
42120 143 73813 113 70383 300 62434 211 59822 143 37487
42120 143 73813 113 70383 300 62434 211 65931 143 37487
42120 143 73813 113 70383 332 65856 31 31645 143 37487
42120 143 73813 113 70383 332 65856 31 14740 143 37487
42120 143 73813 113 70383 332 29064 31 21315 143 37487
42120 143 73813 113 70383 332 29065 31 67973 252 37487
42120 143 73813 113 66411 172 52734 172 38430 143 37487
42120 143 73813 113 66411 172 52734 105 63974 102 37487
42120 143 73813 113 23105 356 18597 373 23440 143 37487
42120 143 73813 113 18888 300 59812 211 51021 143 37487
42120 143 73813 113 18888 300 59812 211 74978 143 37487
42120 143 73813 113 51482 143 67171 113 36367 143 37487
42120 143 73813 113 58806 105 27339 172 21844 143 37487
42120 143 73813 113 58806 102 46685 359 44453 143 37487
42120 143 73813 113 58806 102 3052 359 22173 143 37487
42120 143 73813 113 58806 332 40313 31 17875 143 37487
42120 143 73813 113 58806 358 68644 28 9268 143 37487
42120 143 73813 176 69443 6 38128 15 1334 143 37487
42120 143 73813 176 69443 6 38128 141 73982 143 37487
42120 143 73813 176 69443 15 32655 6 38739 102 37487
42120 143 73813 176 69443 15 32655 6 38739 143 37487
42120 143 73813 176 69443 266 2191 113 13199 143 37487
42120 143 73813 113 70383 332 65856 31 2286 283 56285 170 37487
42120 143 73813 113 70383 332 65856 31 2286 283 72715 170 37487
42120 143 73813 113 70383 332 65856 31 2286 283 65964 170 37487
42120 143 73813 113 70383 332 65856 31 2286 283 51689 170 37487
42120 143 73813 113 70383 332 65856 31 2286 283 35630 170 37487
42120 143 73813 113 70383 332 65856 31 2286 283 38441 170 37487
42120 143 73813 113 66411 172 52734 105 63974 303 58189 342 37487
42120 143 73813 113 58806 102 60885 358 51607 28 23556 13 37487
42120 143 73813 113 62465 143 69742 113 19897 98 61405 204 49224 143 37487
