50583 143 67171
50583 105 52734 143 67171
50583 105 52734 172 30973 143 67171
50583 105 52734 172 53567 143 67171
50583 105 52734 172 74545 143 67171
50583 105 52734 172 13518 143 67171
50583 105 52734 172 14146 143 67171
50583 105 52734 172 16381 143 67171
50583 105 52734 172 16704 143 67171
50583 105 52734 172 10594 143 67171
50583 105 52734 172 29773 143 67171
50583 105 52734 172 59439 143 67171
50583 105 52734 172 59152 143 67171
50583 105 52734 172 1734 143 67171
50583 105 52734 172 1443 143 67171
50583 105 52734 172 16957 143 67171
50583 105 52734 105 3592 143 67171
50583 105 52734 105 72838 143 67171
50583 105 52734 105 67726 143 67171
50583 105 52734 105 6196 143 67171
50583 105 52734 105 26869 143 67171
50583 105 52734 105 39059 143 67171
50583 105 52734 105 34324 143 67171
50583 105 52734 105 44597 143 67171
50583 105 52734 105 63489 143 67171
50583 105 52734 105 58806 143 67171
50583 105 52734 105 17020 143 67171
50583 143 69742 113 18645 143 67171
50583 143 69742 113 61196 143 67171
50583 143 69742 113 6794 143 67171
50583 143 69742 113 75306 143 67171
50583 143 69742 113 29285 143 67171
50583 143 69742 113 3731 143 67171
50583 143 69742 113 41111 143 67171
50583 143 69742 113 32171 143 67171
50583 143 69742 113 623 143 67171
50583 143 69742 113 1451 143 67171
50583 143 69742 113 21843 143 67171
50583 143 69742 113 55158 143 67171
50583 143 69742 113 36315 143 67171
50583 143 69742 113 70332 143 67171
50583 143 69742 113 15700 143 67171
50583 143 69742 113 65601 143 67171
50583 143 69742 113 57906 143 67171
50583 143 69742 113 48963 143 67171
50583 143 69742 113 72275 143 67171
50583 143 69742 113 13146 143 67171
50583 143 69742 113 24988 143 67171
50583 143 69742 113 3184 143 67171
50583 143 69742 113 26701 143 67171
50583 143 69742 113 63429 143 67171
50583 143 69742 113 12876 143 67171
50583 143 69742 113 59480 143 67171
50583 143 69742 113 1105 143 67171
50583 143 69742 113 4674 143 67171
50583 143 69742 113 4217 143 67171
50583 143 69742 113 14496 143 67171
50583 143 69742 113 64985 143 67171
50583 143 69742 113 3746 143 67171
50583 143 69742 113 42646 143 67171
50583 143 69742 113 13231 143 67171
50583 143 69742 113 75051 143 67171
50583 143 69742 113 1997 143 67171
50583 143 69742 113 17692 143 67171
50583 143 69742 113 68668 143 67171
50583 143 69742 113 51482 143 67171
50583 143 69742 113 56692 143 67171
50583 143 69742 113 7947 143 67171
50583 143 69742 113 71607 143 67171
50583 143 69742 113 23979 143 67171
50583 143 69742 113 67785 143 67171
50583 143 69742 113 45509 143 67171
50583 143 69742 113 71820 143 67171
50583 143 69742 113 34051 143 67171
50583 143 69742 113 61413 143 67171
50583 143 69742 113 23102 143 67171
50583 143 69742 113 42254 143 67171
50583 105 52734 172 58853 256 54168 254 64335 143 67171
50583 105 52734 172 64690 332 29052 31 74876 143 67171
50583 105 52734 172 1552 143 37487 113 36367 143 67171
50583 105 52734 172 74545 143 34231 113 35547 143 67171
50583 105 52734 172 13518 143 67264 113 32108 143 67171
50583 105 52734 172 14736 396 54516 35 56999 143 67171
50583 105 52734 105 6196 143 35931 113 67751 143 67171
50583 105 52734 105 72855 105 60487 105 30738 143 67171
50583 143 69742 113 21356 155 73168 294 40641 143 67171
