58853 143 69742
58853 105 52734 143 69742
58853 105 52734 172 52103 143 69742
58853 105 52734 172 50583 143 69742
58853 105 52734 172 73058 143 69742
58853 105 52734 172 67567 143 69742
58853 105 52734 172 64690 143 69742
58853 105 52734 172 33546 143 69742
58853 105 52734 172 10831 143 69742
58853 105 52734 172 1552 143 69742
58853 105 52734 172 27826 143 69742
58853 105 52734 172 30973 143 69742
58853 105 52734 172 71294 143 69742
58853 105 52734 172 11303 143 69742
58853 105 52734 172 53567 143 69742
58853 105 52734 172 54052 143 69742
58853 105 52734 172 56300 143 69742
58853 105 52734 172 73300 143 69742
58853 105 52734 172 51172 143 69742
58853 105 52734 172 6257 143 69742
58853 105 52734 172 74545 143 69742
58853 105 52734 172 13518 143 69742
58853 105 52734 172 75367 143 69742
58853 105 52734 172 14736 143 69742
58853 105 52734 172 69510 143 69742
58853 105 52734 172 66411 143 69742
58853 105 52734 172 1390 143 69742
58853 105 52734 172 12087 143 69742
58853 105 52734 172 39635 143 69742
58853 105 52734 172 37542 143 69742
58853 105 52734 172 12511 143 69742
58853 105 52734 172 69372 143 69742
58853 105 52734 172 14146 143 69742
58853 105 52734 172 74800 143 69742
58853 105 52734 172 21043 143 69742
58853 105 52734 172 11658 143 69742
58853 105 52734 172 44084 143 69742
58853 105 52734 172 16381 143 69742
58853 105 52734 172 9345 143 69742
58853 105 52734 172 10340 143 69742
58853 105 52734 172 19869 143 69742
58853 105 52734 172 16704 143 69742
58853 105 52734 172 10594 143 69742
58853 105 52734 172 60921 143 69742
58853 105 52734 172 66084 143 69742
58853 105 52734 172 28767 143 69742
58853 105 52734 172 22397 143 69742
58853 105 52734 172 59152 143 69742
58853 105 52734 172 56402 143 69742
58853 105 52734 172 1734 143 69742
58853 105 52734 172 20874 143 69742
58853 105 52734 172 60813 143 69742
58853 105 52734 172 1443 143 69742
58853 105 52734 172 16957 143 69742
58853 105 52734 105 3592 143 69742
58853 105 52734 105 72838 143 69742
58853 105 52734 105 45376 143 69742
58853 105 52734 105 54461 143 69742
58853 105 52734 105 40266 143 69742
58853 105 52734 105 6534 143 69742
58853 105 52734 105 62009 143 69742
58853 105 52734 105 73338 143 69742
58853 105 52734 105 28376 143 69742
58853 105 52734 105 26869 143 69742
58853 105 52734 105 39059 143 69742
58853 105 52734 105 34324 143 69742
58853 105 52734 105 23730 143 69742
58853 105 52734 105 44597 143 69742
58853 105 52734 105 63489 143 69742
58853 105 52734 105 58806 143 69742
58853 105 52734 105 48931 143 69742
58853 105 52734 105 54091 143 69742
58853 105 52734 105 72302 143 69742
58853 105 52734 105 72855 143 69742
58853 105 52734 105 17020 143 69742
58853 102 60885 359 18645 143 69742
58853 102 60885 359 623 143 69742
58853 102 60885 359 37978 143 69742
58853 102 60885 359 11316 143 69742
58853 102 60885 359 66747 143 69742
58853 102 60885 359 59061 143 69742
58853 102 60885 359 65917 143 69742
58853 102 60885 359 1105 143 69742
58853 102 60885 359 3710 143 69742
58853 102 60885 359 13231 143 69742
58853 102 60885 359 13858 143 69742
58853 102 60885 359 56142 143 69742
58853 102 60885 359 39914 143 69742
58853 102 60885 359 23102 143 69742
58853 102 6934 359 55158 143 69742
58853 102 6934 359 61935 143 69742
58853 102 6934 359 63472 143 69742
58853 102 46685 359 43445 143 69742
58853 102 46685 359 59754 143 69742
58853 102 46685 359 26983 143 69742
58853 102 46685 359 65174 143 69742
58853 102 46685 359 52492 143 69742
58853 102 46685 359 29358 143 69742
58853 102 46685 359 49565 143 69742
58853 102 46685 359 17309 143 69742
58853 102 46685 359 49761 143 69742
58853 256 54168 254 50024 143 69742
58853 256 54168 254 66245 143 69742
58853 256 54168 254 30884 143 69742
58853 256 54168 254 60170 143 69742
58853 256 54168 254 18267 143 69742
58853 256 54168 254 65601 143 69742
58853 256 54168 254 23105 143 69742
58853 256 54168 254 15020 143 69742
58853 256 54168 254 59220 143 69742
58853 256 54168 254 11257 143 69742
58853 256 54168 254 18362 143 69742
58853 256 54168 254 17692 143 69742
58853 256 54168 254 56692 143 69742
58853 256 54168 254 66266 143 69742
58853 105 52734 172 52103 255 51482 143 69742
58853 105 52734 172 52103 336 69443 143 69742
58853 105 52734 172 10831 373 33373 143 69742
58853 105 52734 172 34351 359 19091 143 69742
58853 105 52734 172 51172 359 57906 143 69742
58853 105 52734 172 14736 172 65636 143 69742
58853 105 52734 172 14736 105 7417 143 69742
58853 105 52734 105 54091 102 50958 143 69742
58853 105 52734 105 72855 105 1997 143 69742
58853 105 52734 143 67171 113 61196 143 69742
58853 105 52734 143 67171 113 6794 143 69742
58853 105 52734 143 67171 113 75306 143 69742
58853 105 52734 143 67171 113 29285 143 69742
58853 105 52734 143 67171 113 3731 143 69742
58853 105 52734 143 67171 113 41111 143 69742
58853 105 52734 143 67171 113 32171 143 69742
58853 105 52734 143 67171 113 1451 143 69742
58853 105 52734 143 67171 113 21843 143 69742
58853 105 52734 143 67171 113 36315 143 69742
58853 105 52734 143 67171 113 70332 143 69742
58853 105 52734 143 67171 113 15700 143 69742
58853 105 52734 143 67171 113 48963 143 69742
58853 105 52734 143 67171 113 72275 143 69742
58853 105 52734 143 67171 113 13146 143 69742
58853 105 52734 143 67171 113 24988 143 69742
58853 105 52734 143 67171 113 3184 143 69742
58853 105 52734 143 67171 113 26701 143 69742
58853 105 52734 143 67171 113 63429 143 69742
58853 105 52734 143 67171 113 12876 143 69742
58853 105 52734 143 67171 113 59480 143 69742
58853 105 52734 143 67171 113 4674 143 69742
58853 105 52734 143 67171 113 4217 143 69742
58853 105 52734 143 67171 113 14496 143 69742
58853 105 52734 143 67171 113 64985 143 69742
58853 105 52734 143 67171 113 3746 143 69742
58853 105 52734 143 67171 113 42646 143 69742
58853 105 52734 143 67171 113 75051 143 69742
58853 105 52734 143 67171 113 68668 143 69742
58853 105 52734 143 67171 113 7947 143 69742
58853 105 52734 143 67171 113 71607 143 69742
58853 105 52734 143 67171 113 23979 143 69742
58853 105 52734 143 67171 113 67785 143 69742
58853 105 52734 143 67171 113 45509 143 69742
58853 105 52734 143 67171 113 71820 143 69742
58853 105 52734 143 67171 113 34051 143 69742
58853 105 52734 143 67171 113 61413 143 69742
58853 105 52734 143 67171 113 42254 143 69742
58853 102 60885 359 623 12 45084 143 69742
58853 102 60885 359 65917 373 21694 143 69742
58853 102 60885 359 65917 373 1151 143 69742
58853 102 60885 359 28806 15 56677 143 69742
58853 102 60885 383 69092 114 4394 143 69742
58853 102 60885 383 69092 114 21356 143 69742
58853 102 60885 383 69092 294 36540 143 69742
58853 102 60885 383 69092 294 68471 143 69742
58853 102 60885 383 69092 294 35180 143 69742
58853 102 60885 383 69092 294 8454 143 69742
58853 102 60885 383 69092 294 1654 143 69742
58853 102 60885 383 69092 294 43817 143 69742
58853 102 60885 383 69092 294 24701 143 69742
58853 102 60885 151 41897 252 72862 143 69742
58853 102 60885 369 53811 277 25740 143 69742
58853 102 60885 369 53811 277 50337 143 69742
58853 102 60885 75 33054 277 68072 143 69742
58853 102 60885 75 33054 277 63780 143 69742
58853 102 60885 75 33054 277 74811 143 69742
58853 102 60885 75 33054 277 12947 143 69742
58853 102 60885 75 33054 277 7370 143 69742
58853 102 60885 75 33054 277 15271 143 69742
58853 102 60885 75 33054 277 19761 143 69742
58853 102 6934 332 10045 31 69984 143 69742
58853 102 6934 332 10045 31 35621 143 69742
58853 102 6934 332 65853 31 58627 143 69742
58853 102 6934 332 65861 31 40434 143 69742
58853 102 6934 332 29052 31 58320 143 69742
58853 102 6934 332 23453 31 44731 143 69742
58853 102 6934 332 29065 31 34883 143 69742
58853 102 46685 359 65931 101 17311 143 69742
58853 256 54168 254 72079 373 60749 143 69742
58853 256 54168 254 72079 164 13926 143 69742
58853 256 54168 254 18597 373 17478 143 69742
58853 105 52734 172 73058 143 39406 113 32289 143 69742
58853 105 52734 172 73058 143 39406 113 43714 143 69742
58853 105 52734 172 10831 300 62434 211 67870 143 69742
58853 105 52734 172 10831 300 62434 211 71297 143 69742
58853 105 52734 172 10831 300 62434 211 65170 143 69742
58853 105 52734 172 10831 300 62434 211 45818 143 69742
58853 105 52734 172 10831 300 62434 211 17390 143 69742
58853 105 52734 172 10831 300 62434 211 68052 143 69742
58853 105 52734 172 10831 300 62434 211 14112 143 69742
58853 105 52734 172 10831 300 62434 211 34316 143 69742
58853 105 52734 172 10831 300 62434 211 22362 143 69742
58853 105 52734 172 10831 300 62434 211 38660 143 69742
58853 105 52734 172 10831 300 62434 211 57686 143 69742
58853 105 52734 172 10831 373 33373 356 69590 143 69742
58853 105 52734 172 1552 143 12360 113 27174 143 69742
58853 105 52734 172 1552 143 37487 113 62465 143 69742
58853 105 52734 172 1552 143 37487 113 28740 143 69742
58853 105 52734 172 1552 143 37487 113 65009 143 69742
58853 105 52734 172 1552 143 37487 113 56288 143 69742
58853 105 52734 172 1552 143 37487 113 43750 143 69742
58853 105 52734 172 1552 143 37487 113 43262 143 69742
58853 105 52734 172 1552 143 37487 113 18503 143 69742
58853 105 52734 172 1552 143 37487 113 41206 143 69742
58853 105 52734 172 1552 143 37487 113 61305 143 69742
58853 105 52734 172 1552 143 37487 113 7886 143 69742
58853 105 52734 172 1552 143 37487 113 18888 143 69742
58853 105 52734 172 1552 143 37487 113 1242 143 69742
58853 105 52734 172 1552 143 37487 113 14994 143 69742
58853 105 52734 172 1552 143 37487 283 59716 170 69742
58853 105 52734 172 1552 143 37487 283 63380 170 69742
58853 105 52734 172 1552 143 37487 283 58142 170 69742
58853 105 52734 172 1552 143 37487 283 2219 170 69742
58853 105 52734 172 1552 143 37487 283 57046 170 69742
58853 105 52734 172 1552 143 37487 283 6123 170 69742
58853 105 52734 172 1552 143 37487 283 63195 170 69742
58853 105 52734 172 1552 143 37487 283 44948 170 69742
58853 105 52734 172 1552 143 37487 283 74129 170 69742
58853 105 52734 172 1552 143 37487 283 2762 170 69742
58853 105 52734 172 52081 300 59812 211 13781 143 69742
58853 105 52734 172 52081 300 59812 211 36376 143 69742
58853 105 52734 172 5834 172 63771 172 60184 143 69742
58853 105 52734 172 5834 172 63771 172 31804 143 69742
58853 105 52734 172 14736 396 54516 35 69561 143 69742
58853 105 52734 172 14736 396 58146 35 67649 143 69742
58853 105 52734 172 12511 102 16252 359 38143 143 69742
58853 105 52734 105 3592 105 27339 172 26538 143 69742
58853 105 52734 105 3592 105 27339 172 3098 143 69742
58853 105 52734 105 58806 143 60142 113 35919 143 69742
58853 102 60885 359 65917 102 61433 359 64978 143 69742
58853 102 60885 358 9577 28 35509 219 6127 108 69742
58853 105 52734 172 64790 105 68204 172 18371 105 39550 143 69742
58853 105 52734 172 30973 102 42590 359 7740 102 74611 143 69742
58853 105 52734 172 10831 300 62434 211 42990 98 61405 204 19897 143 69742
58853 102 60885 383 69092 75 38944 315 16193 194 17848 239 28606 143 69742
