61196 143 69742
61196 102 33373 143 69742
61196 102 33373 356 10831 143 69742
61196 102 33373 356 1105 143 69742
61196 102 33373 356 63489 143 69742
61196 102 33373 356 69590 143 69742
61196 102 33373 356 65917 143 69742
61196 102 33373 356 58806 143 69742
61196 102 33373 356 28376 143 69742
61196 102 33373 356 57906 143 69742
61196 143 67171 113 50583 143 69742
61196 143 67171 113 18645 143 69742
61196 143 67171 113 6794 143 69742
61196 143 67171 113 75306 143 69742
61196 143 67171 113 29285 143 69742
61196 143 67171 113 39059 143 69742
61196 143 67171 113 3731 143 69742
61196 143 67171 113 41111 143 69742
61196 143 67171 113 32171 143 69742
61196 143 67171 113 623 143 69742
61196 143 67171 113 52734 143 69742
61196 143 67171 113 1451 143 69742
61196 143 67171 113 30973 143 69742
61196 143 67171 113 21843 143 69742
61196 143 67171 113 53567 143 69742
61196 143 67171 113 17020 143 69742
61196 143 67171 113 74545 143 69742
61196 143 67171 113 34324 143 69742
61196 143 67171 113 13518 143 69742
61196 143 67171 113 55158 143 69742
61196 143 67171 113 36315 143 69742
61196 143 67171 113 70332 143 69742
61196 143 67171 113 15700 143 69742
61196 143 67171 113 72838 143 69742
61196 143 67171 113 3592 143 69742
61196 143 67171 113 65601 143 69742
61196 143 67171 113 48963 143 69742
61196 143 67171 113 14146 143 69742
61196 143 67171 113 72275 143 69742
61196 143 67171 113 13146 143 69742
61196 143 67171 113 24988 143 69742
61196 143 67171 113 16381 143 69742
61196 143 67171 113 3184 143 69742
61196 143 67171 113 26869 143 69742
61196 143 67171 113 26701 143 69742
61196 143 67171 113 63429 143 69742
61196 143 67171 113 16704 143 69742
61196 143 67171 113 12876 143 69742
61196 143 67171 113 10594 143 69742
61196 143 67171 113 59480 143 69742
61196 143 67171 113 44597 143 69742
61196 143 67171 113 4674 143 69742
61196 143 67171 113 4217 143 69742
61196 143 67171 113 14496 143 69742
61196 143 67171 113 64985 143 69742
61196 143 67171 113 59152 143 69742
61196 143 67171 113 3746 143 69742
61196 143 67171 113 42646 143 69742
61196 143 67171 113 13231 143 69742
61196 143 67171 113 75051 143 69742
61196 143 67171 113 1997 143 69742
61196 143 67171 113 17692 143 69742
61196 143 67171 113 1734 143 69742
61196 143 67171 113 68668 143 69742
61196 143 67171 113 51482 143 69742
61196 143 67171 113 56692 143 69742
61196 143 67171 113 7947 143 69742
61196 143 67171 113 71607 143 69742
61196 143 67171 113 1443 143 69742
61196 143 67171 113 23979 143 69742
61196 143 67171 113 67785 143 69742
61196 143 67171 113 16957 143 69742
61196 143 67171 113 45509 143 69742
61196 143 67171 113 71820 143 69742
61196 143 67171 113 34051 143 69742
61196 143 67171 113 61413 143 69742
61196 143 67171 113 23102 143 69742
61196 143 67171 113 42254 143 69742
61196 102 33373 332 65853 31 50024 143 69742
61196 102 33373 332 65853 31 66245 143 69742
61196 102 33373 332 65853 31 72862 143 69742
61196 102 33373 332 65853 31 69984 143 69742
61196 102 33373 332 65853 31 51172 143 69742
61196 102 33373 332 65853 31 35180 143 69742
61196 102 33373 332 65853 31 14736 143 69742
61196 102 33373 332 65853 31 65174 143 69742
61196 102 33373 332 65853 31 29358 143 69742
61196 102 33373 332 65853 31 59220 143 69742
61196 102 33373 332 65853 31 36540 143 69742
61196 102 33373 332 65853 31 24701 143 69742
61196 102 33373 332 65853 31 35621 143 69742
61196 102 33373 332 65853 31 58627 143 69742
61196 102 33373 332 65853 31 72855 143 69742
61196 102 33373 332 65853 31 18362 143 69742
61196 102 33373 332 65853 31 6534 143 69742
61196 102 33373 332 65853 31 50337 143 69742
61196 102 33373 332 65855 31 1654 143 69742
61196 102 33373 332 65861 31 64690 143 69742
61196 102 33373 332 65861 31 40434 143 69742
61196 102 33373 332 29052 31 63780 143 69742
61196 102 33373 332 29052 31 8454 143 69742
61196 102 33373 332 29052 31 37542 143 69742
61196 102 33373 332 29052 31 11257 143 69742
61196 102 33373 332 29052 31 59061 143 69742
61196 102 33373 332 29052 31 15271 143 69742
61196 102 33373 332 29052 31 58320 143 69742
61196 102 33373 332 29052 31 7417 143 69742
61196 102 33373 332 29061 31 52492 143 69742
61196 102 33373 332 29065 31 34883 143 69742
61196 102 33373 332 29065 31 44731 143 69742
61196 102 33373 356 63489 398 44084 143 69742
61196 102 33373 356 65917 373 21694 143 69742
61196 102 33373 356 65917 373 1151 143 69742
61196 102 33373 356 65917 373 49761 143 69742
61196 102 33373 356 58806 101 63472 143 69742
61196 102 33373 356 57906 164 17390 143 69742
61196 143 67171 113 623 12 45084 143 69742
61196 143 67171 113 52734 172 58853 143 69742
61196 143 67171 113 52734 172 52103 143 69742
61196 143 67171 113 52734 172 73058 143 69742
61196 143 67171 113 52734 172 67567 143 69742
61196 143 67171 113 52734 172 33546 143 69742
61196 143 67171 113 52734 172 1552 143 69742
61196 143 67171 113 52734 172 27826 143 69742
61196 143 67171 113 52734 172 71294 143 69742
61196 143 67171 113 52734 172 11303 143 69742
61196 143 67171 113 52734 172 54052 143 69742
61196 143 67171 113 52734 172 56300 143 69742
61196 143 67171 113 52734 172 73300 143 69742
61196 143 67171 113 52734 172 6257 143 69742
61196 143 67171 113 52734 172 75367 143 69742
61196 143 67171 113 52734 172 69510 143 69742
61196 143 67171 113 52734 172 66411 143 69742
61196 143 67171 113 52734 172 1390 143 69742
61196 143 67171 113 52734 172 12087 143 69742
61196 143 67171 113 52734 172 39635 143 69742
61196 143 67171 113 52734 172 12511 143 69742
61196 143 67171 113 52734 172 69372 143 69742
61196 143 67171 113 52734 172 74800 143 69742
61196 143 67171 113 52734 172 21043 143 69742
61196 143 67171 113 52734 172 11658 143 69742
61196 143 67171 113 52734 172 9345 143 69742
61196 143 67171 113 52734 172 10340 143 69742
61196 143 67171 113 52734 172 19869 143 69742
61196 143 67171 113 52734 172 60921 143 69742
61196 143 67171 113 52734 172 66084 143 69742
61196 143 67171 113 52734 172 28767 143 69742
61196 143 67171 113 52734 172 22397 143 69742
61196 143 67171 113 52734 172 56402 143 69742
61196 143 67171 113 52734 172 20874 143 69742
61196 143 67171 113 52734 172 60813 143 69742
61196 143 67171 113 52734 105 45376 143 69742
61196 143 67171 113 52734 105 54461 143 69742
61196 143 67171 113 52734 105 40266 143 69742
61196 143 67171 113 52734 105 62009 143 69742
61196 143 67171 113 52734 105 73338 143 69742
61196 143 67171 113 52734 105 23730 143 69742
61196 143 67171 113 52734 105 48931 143 69742
61196 143 67171 113 52734 105 54091 143 69742
61196 143 67171 113 52734 105 72302 143 69742
61196 102 33373 332 65853 31 72079 373 23105 143 69742
61196 102 33373 332 65853 31 72079 373 60749 143 69742
61196 102 33373 332 65853 31 72079 164 13926 143 69742
61196 102 33373 332 65853 31 6934 359 61935 143 69742
61196 102 33373 332 65853 31 6934 359 66747 143 69742
61196 102 33373 332 65853 31 51172 359 13858 143 69742
61196 102 33373 332 65853 31 14736 172 65636 143 69742
61196 102 33373 332 65853 31 39520 114 21356 143 69742
61196 102 33373 332 65853 31 5466 93 60170 143 69742
61196 102 33373 332 65853 31 2286 283 63380 170 69742
61196 102 33373 332 65853 31 2286 283 58142 170 69742
61196 102 33373 332 65853 31 2286 283 63195 170 69742
61196 102 33373 332 65853 31 2286 283 59716 170 69742
61196 102 33373 332 65853 31 2286 283 2219 170 69742
61196 102 33373 332 65853 31 2286 283 57046 170 69742
61196 102 33373 332 65853 31 2286 283 6123 170 69742
61196 102 33373 332 65853 31 2286 283 2762 170 69742
61196 102 33373 332 65853 369 69092 114 4394 143 69742
61196 102 33373 332 65853 369 69092 294 68471 143 69742
61196 102 33373 332 65853 369 69092 294 43817 143 69742
61196 102 33373 332 65855 31 12360 113 27174 143 69742
61196 102 33373 332 65855 31 3650 124 37978 143 69742
61196 102 33373 332 65861 31 59655 176 69443 143 69742
61196 102 33373 332 65861 31 14072 283 44948 170 69742
61196 102 33373 332 65861 151 33054 277 68072 143 69742
61196 102 33373 332 65861 151 33054 277 74811 143 69742
61196 102 33373 332 65861 151 33054 277 12947 143 69742
61196 102 33373 332 65861 151 33054 277 7370 143 69742
61196 102 33373 332 65861 151 33054 277 19761 143 69742
61196 102 33373 332 29065 31 28806 15 56677 143 69742
61196 102 33373 356 10831 300 62434 211 67870 143 69742
61196 102 33373 356 10831 300 62434 211 71297 143 69742
61196 102 33373 356 10831 300 62434 211 65170 143 69742
61196 102 33373 356 10831 300 62434 211 18267 143 69742
61196 102 33373 356 10831 300 62434 211 45818 143 69742
61196 102 33373 356 10831 300 62434 211 15020 143 69742
61196 102 33373 356 10831 300 62434 211 68052 143 69742
61196 102 33373 356 10831 300 62434 211 14112 143 69742
61196 102 33373 356 10831 300 62434 211 34316 143 69742
61196 102 33373 356 10831 300 62434 211 22362 143 69742
61196 102 33373 356 10831 300 62434 211 38660 143 69742
61196 102 33373 356 10831 300 62434 211 57686 143 69742
61196 102 33373 356 10831 356 18597 373 17478 143 69742
61196 102 33373 356 10831 356 18597 373 49565 143 69742
61196 102 33373 356 1105 105 27339 172 26538 143 69742
61196 102 33373 356 1105 105 27339 172 26983 143 69742
61196 102 33373 356 1105 105 27339 172 3098 143 69742
61196 102 33373 356 1105 105 27339 172 61305 143 69742
61196 102 33373 356 1105 105 27339 172 66266 143 69742
61196 102 33373 356 1105 102 60885 359 11316 143 69742
61196 102 33373 356 1105 102 60885 359 3710 143 69742
61196 102 33373 356 1105 102 60885 359 56142 143 69742
61196 102 33373 356 1105 102 60885 359 39914 143 69742
61196 102 33373 356 1105 256 54168 254 30884 143 69742
61196 102 33373 356 1105 256 54168 254 59754 143 69742
61196 102 33373 356 1105 396 58146 35 67649 143 69742
61196 102 33373 356 1105 396 58146 35 69561 143 69742
61196 102 33373 356 63489 102 46685 359 43445 143 69742
61196 102 33373 356 63489 102 46685 359 17309 143 69742
61196 102 33373 356 63489 143 37487 113 62465 143 69742
61196 102 33373 356 63489 143 37487 113 28740 143 69742
61196 102 33373 356 63489 143 37487 113 65009 143 69742
61196 102 33373 356 63489 143 37487 113 56288 143 69742
61196 102 33373 356 63489 143 37487 113 43750 143 69742
61196 102 33373 356 63489 143 37487 113 43262 143 69742
61196 102 33373 356 63489 143 37487 113 18503 143 69742
61196 102 33373 356 63489 143 37487 113 41206 143 69742
61196 102 33373 356 63489 143 37487 113 7886 143 69742
61196 102 33373 356 63489 143 37487 113 18888 143 69742
61196 102 33373 356 63489 143 37487 113 1242 143 69742
61196 102 33373 356 63489 143 37487 113 14994 143 69742
61196 102 33373 356 63489 143 37487 283 74129 170 69742
61196 102 33373 356 65917 105 63771 172 60184 143 69742
61196 102 33373 356 65917 105 63771 172 31804 143 69742
61196 102 33373 356 65917 105 63771 172 36376 143 69742
61196 102 33373 356 65917 102 61433 359 64978 143 69742
61196 102 33373 356 58806 147 34351 359 19091 143 69742
61196 102 33373 356 58806 143 39406 113 32289 143 69742
61196 102 33373 356 58806 143 39406 113 43714 143 69742
61196 102 33373 356 58806 143 60142 113 35919 143 69742
61196 102 33373 356 58806 300 59812 211 17311 143 69742
61196 102 33373 356 58806 300 59812 211 13781 143 69742
61196 102 33373 356 58806 369 53811 277 25740 143 69742
61196 102 33373 356 57906 102 3405 359 38143 143 69742
61196 143 67171 113 52734 105 54091 102 50958 143 69742
61196 143 67171 113 21843 143 73865 219 6127 108 69742
61196 143 67171 113 30973 102 42590 359 7740 102 74611 143 69742
61196 102 33373 332 65853 31 14736 101 68204 172 18371 105 39550 143 69742
61196 102 33373 332 65853 31 63941 239 16193 194 17848 239 28606 143 69742
61196 102 33373 332 65853 31 12956 229 39456 181 61405 204 19897 143 69742
