73058 143 39406
73058 105 52734 172 74545 143 39406
73058 105 52734 172 59152 143 39406
73058 105 52734 172 1443 143 39406
73058 105 52734 105 72838 143 39406
73058 105 52734 105 58806 143 39406
73058 143 69742 113 3731 143 39406
73058 143 69742 113 623 143 39406
73058 143 69742 113 32289 143 39406
73058 143 69742 113 43714 143 39406
73058 143 69742 113 64985 143 39406
73058 143 69742 113 1997 143 39406
73058 143 69742 113 39914 143 39406
73058 143 69742 113 49761 143 39406
73058 105 52734 172 5834 172 63771 143 39406
73058 105 52734 172 64690 332 65861 31 21315 143 39406
73058 105 52734 172 74545 143 34231 113 58921 143 39406
