73338 143 37487
73338 105 27339 172 33922 143 37487
73338 105 27339 172 29285 143 37487
73338 105 27339 172 39059 143 37487
73338 105 27339 172 21843 143 37487
73338 105 27339 172 71297 143 37487
73338 105 27339 172 63489 143 37487
73338 105 27339 172 17020 143 37487
73338 105 27339 172 34324 143 37487
73338 105 27339 172 21844 143 37487
73338 105 27339 172 48963 143 37487
73338 105 27339 172 14740 143 37487
73338 105 27339 172 59061 143 37487
73338 105 27339 172 26869 143 37487
73338 105 27339 172 61305 143 37487
73338 105 27339 172 44597 143 37487
73338 105 27339 172 28376 143 37487
73338 105 27339 172 58806 143 37487
73338 105 27339 105 34883 143 37487
73338 105 27339 105 23102 143 37487
73338 143 69742 113 62465 143 37487
73338 143 69742 113 28740 143 37487
73338 143 69742 113 1552 143 37487
73338 143 69742 113 65009 143 37487
73338 143 69742 113 623 143 37487
73338 143 69742 113 68072 143 37487
73338 143 69742 113 30973 143 37487
73338 143 69742 113 56288 143 37487
73338 143 69742 113 43750 143 37487
73338 143 69742 113 53567 143 37487
73338 143 69742 113 51172 143 37487
73338 143 69742 113 74545 143 37487
73338 143 69742 113 63780 143 37487
73338 143 69742 113 43262 143 37487
73338 143 69742 113 15700 143 37487
73338 143 69742 113 75367 143 37487
73338 143 69742 113 18503 143 37487
73338 143 69742 113 57906 102 37487
73338 143 69742 113 57906 143 37487
73338 143 69742 113 66411 143 37487
73338 143 69742 113 45818 143 37487
73338 143 69742 113 23105 143 37487
73338 143 69742 113 41206 143 37487
73338 143 69742 113 72275 143 37487
73338 143 69742 113 24701 143 37487
73338 143 69742 113 44084 143 37487
73338 143 69742 113 16381 143 37487
73338 143 69742 113 16704 143 37487
73338 143 69742 113 7886 143 37487
73338 143 69742 113 18888 143 37487
73338 143 69742 113 1997 143 37487
73338 143 69742 113 1242 143 37487
73338 143 69742 113 69443 143 37487
73338 143 69742 113 51482 143 37487
73338 143 69742 113 14994 143 37487
73338 143 69742 113 71607 143 37487
73338 143 69742 113 39914 143 37487
73338 143 69742 113 16957 143 37487
73338 143 69742 113 21356 143 37487
73338 143 69742 113 27174 143 37487
73338 143 69742 283 44948 170 37487
73338 143 69742 283 6123 170 37487
73338 143 69742 283 63380 170 37487
73338 143 69742 283 58142 170 37487
73338 143 69742 283 59716 170 37487
73338 143 69742 283 2219 170 37487
73338 143 69742 283 57046 170 37487
73338 143 69742 283 63195 170 37487
73338 143 69742 283 74129 170 37487
73338 143 69742 283 2762 170 37487
73338 172 52734 172 74935 143 37487
73338 172 52734 172 38430 143 37487
73338 172 52734 172 59822 143 37487
73338 172 52734 105 59031 143 37487
73338 172 52734 105 63974 102 37487
73338 105 27339 172 63489 356 60073 143 37487
73338 143 69742 113 17311 249 65931 143 37487
73338 143 69742 113 69443 54 37476 102 37487
73338 143 69742 113 69443 54 37476 143 37487
73338 172 52734 105 63974 303 58189 342 37487
73338 172 52734 143 67171 113 36367 143 37487
73338 105 27339 172 33363 300 62434 211 70383 143 37487
73338 105 27339 172 33363 300 62434 211 15994 143 37487
73338 105 27339 172 33363 300 62434 211 33697 143 37487
73338 105 27339 172 33363 300 62434 211 33193 143 37487
73338 105 27339 172 33363 300 62434 211 61481 143 37487
73338 105 27339 172 33363 300 62434 211 24245 143 37487
73338 105 27339 172 44667 300 59812 211 51021 143 37487
73338 105 27339 172 44667 300 59812 211 74978 143 37487
73338 105 27339 172 18645 102 46685 359 44453 143 37487
73338 105 27339 172 72079 332 10045 31 67973 252 37487
73338 105 27339 172 72079 332 65855 31 31645 143 37487
73338 105 27339 172 72079 332 65853 31 21315 143 37487
73338 105 27339 172 29285 147 18597 373 23440 143 37487
73338 105 27339 172 60170 358 51607 28 23556 13 37487
73338 105 27339 172 60170 358 51607 28 9268 143 37487
73338 105 27339 172 17020 398 4070 15 73982 143 37487
73338 105 27339 172 48931 102 72517 359 22173 143 37487
73338 105 27339 172 32357 332 40313 31 17875 143 37487
73338 105 27339 172 52920 385 38128 15 1334 143 37487
73338 105 27339 172 58806 143 73813 113 42120 143 37487
73338 105 27339 172 58806 143 73813 113 35949 143 37487
73338 105 27339 172 58806 143 73813 113 28584 143 37487
73338 105 27339 172 58806 143 73813 113 43559 143 37487
73338 105 27339 105 72636 339 20249 392 38739 102 37487
73338 105 27339 105 72636 339 20249 392 38739 143 37487
73338 143 69742 113 62465 143 44991 113 15951 143 37487
73338 143 69742 113 19897 98 61405 204 49224 143 37487
73338 143 69742 113 69443 266 2191 113 13199 143 37487
73338 143 69742 283 44948 170 2061 283 65964 170 37487
73338 143 69742 283 44948 170 59203 283 72715 170 37487
73338 143 69742 283 44948 170 8407 283 38441 170 37487
73338 143 69742 283 44948 170 72831 283 56285 170 37487
73338 143 69742 283 6123 170 2286 283 51689 170 37487
73338 143 69742 283 6123 170 2286 283 35630 170 37487
