19769 191 38128
19769 112 48029 217 9911 5 38128
19769 112 48029 80 38944 315 38128
19769 112 48029 80 38944 91 38128
19769 112 48029 85 17058 112 38128
19769 112 48029 85 17058 191 38128
19769 112 48029 85 64632 112 38128
19769 112 48029 85 64632 191 38128
19769 112 5190 147 31011 385 38128
19769 112 8511 382 2748 6 38128
19769 112 8511 265 60841 64 38128
19769 112 7077 379 1483 88 38128
19769 112 2913 296 30382 99 38128
19769 112 72687 300 62434 211 38128
19769 112 72687 130 63974 271 38128
19769 112 72687 130 63974 385 38128
19769 112 6983 6 22928 398 38128
19769 112 6983 6 22928 382 38128
19769 112 9678 15 63319 15 38128
19769 112 9678 15 63319 398 38128
19769 112 48029 80 38944 155 69092 142 38128
19769 112 48029 296 20492 99 45713 15 38128
19769 112 48029 85 17058 112 52008 15 38128
19769 112 48029 85 17058 112 52008 6 38128
19769 112 15254 15 1105 398 28806 6 38128
19769 112 15254 15 54359 32 69931 64 38128
19769 112 72687 300 62434 211 66245 385 38128
19769 112 72687 300 62434 211 70550 15 38128
19769 112 72687 300 62434 211 70550 6 38128
19769 112 72687 300 62434 211 70550 398 38128
19769 112 72687 300 62434 211 52920 385 38128
19769 112 72687 300 62434 211 28376 398 38128
19769 112 72687 300 62434 211 599 15 38128
19769 112 72687 217 75212 102 30522 6 38128
19769 112 72687 130 63974 271 586 6 38128
19769 112 9678 300 59812 211 10306 271 38128
19769 112 9678 300 59812 211 5256 385 38128
19769 112 9678 300 59812 211 11658 385 38128
19769 112 9678 300 59812 211 11658 398 38128
19769 112 9678 300 59812 211 39896 15 38128
19769 112 9678 300 59812 211 39896 6 38128
19769 112 9678 300 59812 211 39896 398 38128
19769 112 48029 217 9911 5 10519 35 60073 372 38128
19769 112 48029 217 9911 5 10519 35 60073 396 38128
19769 112 48029 217 9911 249 53751 382 8039 6 38128
19769 112 48029 217 9911 249 53751 255 69443 6 38128
19769 112 48029 80 38944 91 52667 202 29827 64 38128
19769 112 48029 80 38944 155 69092 294 59433 6 38128
19769 112 48029 80 38944 310 15756 271 55887 15 38128
19769 112 48029 80 38944 310 15756 271 55887 6 38128
19769 112 48029 80 38944 310 15756 271 55887 398 38128
19769 112 48029 80 38944 75 33054 277 40018 6 38128
19769 112 48029 80 38944 75 33054 277 73145 6 38128
19769 112 48029 80 38944 75 33054 277 48224 6 38128
19769 112 48029 80 38944 75 33054 252 4399 6 38128
19769 112 48029 80 38944 75 33054 252 31066 6 38128
19769 112 48029 85 17058 112 38490 254 14736 385 38128
19769 112 48029 85 17058 112 54168 254 20749 385 38128
19769 112 48029 85 17058 112 54168 254 14297 164 38128
19769 112 48029 85 17058 112 52008 15 32129 398 38128
19769 112 48029 85 17058 112 52008 15 32129 382 38128
19769 112 48029 85 17058 112 52008 252 65553 6 38128
19769 112 48029 85 17058 112 52008 252 65553 277 38128
19769 112 48029 85 17058 112 52008 252 65553 151 38128
19769 112 48029 85 17058 112 52008 141 73982 385 38128
19769 112 48029 85 17058 214 50130 121 21632 252 38128
19769 112 48029 85 17058 214 50130 121 21632 28 38128
19769 112 48029 85 17058 214 50130 121 21632 151 38128
19769 112 48029 85 17058 214 50130 121 21632 396 38128
19769 112 48029 85 64632 342 1524 102 23393 6 38128
19769 112 48029 265 19933 277 65857 31 15024 6 38128
19769 112 48029 265 19933 277 65857 31 26151 6 38128
19769 112 48029 265 19933 277 65857 31 42173 385 38128
19769 112 48029 265 19933 277 10045 31 41162 6 38128
19769 112 48029 265 19933 277 29061 31 20905 6 38128
19769 112 48029 265 19933 277 65853 31 24596 6 38128
19769 112 48029 265 19933 332 29052 31 7417 6 38128
19769 112 48029 265 19933 332 29052 31 7103 15 38128
19769 112 48029 265 19933 332 29052 31 7103 6 38128
19769 112 48029 265 19933 332 29065 31 1823 15 38128
19769 112 48029 265 19933 332 29065 31 1823 6 38128
19769 112 48029 265 19933 332 29065 31 15471 6 38128
19769 112 48029 265 19933 332 29065 31 17727 6 38128
19769 112 48029 265 19933 332 29064 31 26339 6 38128
19769 112 5190 85 13698 116 41876 23 53219 112 38128
19769 112 8511 382 2748 332 40313 31 17875 15 38128
19769 112 8511 382 2748 332 40313 31 17875 6 38128
19769 112 8511 382 2748 332 40313 31 17875 398 38128
19769 112 22832 73 50614 194 70065 239 26569 385 38128
19769 112 22832 73 50614 194 70065 239 26569 398 38128
19769 112 22832 37 22668 91 31083 217 29947 5 38128
19769 112 22832 37 22668 91 31083 141 27108 385 38128
19769 112 15254 15 1105 105 27339 172 12246 6 38128
19769 112 15254 15 1105 105 27339 172 12246 398 38128
19769 112 15254 330 10280 345 38563 150 1334 15 38128
19769 112 15254 330 10280 345 38563 150 1334 398 38128
19769 112 71797 147 37898 382 10141 6 59072 6 38128
19769 112 71797 147 37898 382 10141 6 32864 15 38128
19769 112 71797 147 37898 382 10141 6 32864 6 38128
19769 112 71797 147 37898 382 10141 6 12035 6 38128
19769 112 71797 147 37898 382 10141 6 12035 385 38128
19769 112 71797 147 37898 382 10141 6 44869 15 38128
19769 112 71797 147 37898 382 10141 6 44869 6 38128
19769 112 71797 147 37898 382 10141 6 68855 6 38128
19769 112 48029 217 9911 5 10519 35 60073 342 28644 6 38128
19769 112 48029 217 9911 5 10519 35 60073 102 29897 6 38128
19769 112 48029 217 9911 5 10519 35 60073 266 39181 6 38128
19769 112 48029 217 9911 5 10519 35 60073 303 28772 6 38128
19769 112 48029 217 9911 5 10519 35 60073 303 28772 277 38128
19769 112 48029 217 9911 5 10519 35 60073 303 28772 28 38128
19769 112 48029 80 38944 91 35279 32 23798 75 322 6 38128
19769 112 48029 80 38944 91 35279 32 23798 75 322 385 38128
19769 112 48029 80 38944 91 35279 32 23798 75 322 398 38128
19769 112 48029 80 38944 155 69092 294 37269 97 75055 15 38128
19769 112 48029 80 38944 155 69092 294 37269 97 75055 6 38128
19769 112 48029 85 17058 112 54168 254 6576 356 51294 271 38128
19769 112 48029 85 17058 112 54168 254 6576 356 51294 385 38128
19769 112 72687 130 63974 382 52103 398 5135 358 42522 6 38128
