74615 112 10896
74615 191 10896
74615 112 5190 217 9911 5 10896
74615 112 5190 80 38944 315 10896
74615 112 5190 80 38944 91 10896
74615 112 5190 85 17058 112 10896
74615 112 5190 85 17058 191 10896
74615 112 5190 85 64632 112 10896
74615 112 5190 85 64632 191 10896
74615 112 5190 384 25456 123 10896
74615 112 5190 117 3580 334 10896
74615 112 5190 265 19933 64 10896
74615 112 22832 296 48786 99 10896
74615 112 28573 384 3650 123 10896
74615 112 47100 202 60841 64 10896
74615 116 41876 317 73103 123 10896
74615 112 5190 85 64632 249 4148 64 10896
74615 112 72687 130 63974 393 20249 64 10896
74615 112 47100 202 60841 161 62261 64 10896
74615 112 47100 202 15756 297 23640 64 10896
74615 112 47100 104 61222 231 61656 123 10896
74615 112 5190 147 31011 164 23800 384 6901 123 10896
