26733 80 22537
26733 37 14614 91 10042 80 22537
26733 37 14614 91 43357 80 22537
26733 37 14614 91 22868 80 22537
26733 37 14614 91 70680 80 22537
26733 37 14614 91 37057 80 22537
26733 85 17058 112 22832 80 22537
26733 85 17058 112 45692 80 22537
26733 85 17058 112 6983 80 22537
26733 85 17058 112 28573 80 22537
26733 85 17058 112 33316 80 22537
26733 85 17058 112 5567 80 22537
26733 85 17058 112 20363 80 22537
26733 85 17058 112 20363 37 22537
26733 85 17058 112 56811 80 22537
26733 85 17058 191 3463 80 22537
26733 85 64632 112 39870 80 22537
26733 217 17518 5 72687 15 60456 80 22537
26733 37 14614 155 69092 142 69820 80 22537
26733 37 14614 155 69092 32 57047 240 22537
26733 37 14614 155 69092 294 61370 51 22537
26733 217 17518 5 40683 80 38944 91 10979 80 22537
26733 217 17518 5 40683 80 38944 310 25099 107 22537
26733 217 17518 5 8511 117 3580 334 37529 80 22537
26733 217 17518 5 8511 117 3580 334 62978 80 22537
26733 217 17518 5 16174 379 1483 88 65618 80 22537
26733 217 17518 5 16174 379 1483 88 65618 37 22537
26733 217 17518 5 59184 37 22668 91 33377 80 22537
26733 217 17518 5 59184 37 22668 91 14597 80 22537
26733 217 17518 5 41106 265 67410 20 1713 272 22537
26733 37 14614 114 53782 155 19447 91 70947 80 22537
26733 37 14614 155 69092 294 31485 252 75455 107 22537
26733 37 14614 155 69092 294 31485 8 23517 25 22537
26733 217 17518 5 7077 384 11708 383 7073 8 38960 25 22537
26733 217 17518 5 71797 265 74024 75 16302 256 63396 80 22537
