65351 80 38944
65351 37 22668 91 4421 80 38944
65351 37 22668 91 45843 80 38944
65351 37 22668 91 27648 80 38944
65351 37 22668 91 43442 80 38944
65351 37 22668 91 17553 80 38944
65351 37 22668 91 29895 80 38944
65351 37 22668 91 3509 80 38944
65351 37 22668 91 22444 80 38944
65351 37 22668 91 12531 80 38944
65351 37 22668 91 8648 80 38944
65351 37 22668 91 59184 80 38944
65351 37 22668 91 54965 80 38944
65351 37 22668 91 15849 80 38944
65351 37 22668 91 46565 80 38944
65351 37 22668 91 3354 80 38944
65351 37 22668 91 7077 80 38944
65351 37 22668 91 59143 80 38944
65351 37 22668 91 59147 80 38944
65351 37 22668 91 27905 80 38944
65351 37 22668 91 35283 80 38944
65351 37 22668 91 71797 80 38944
65351 37 22668 91 58671 80 38944
65351 37 22668 91 67299 80 38944
65351 37 22668 91 15964 80 38944
65351 37 22668 91 47937 80 38944
65351 37 22668 91 32101 80 38944
65351 37 22668 91 44372 80 38944
65351 37 22668 91 18482 80 38944
65351 37 22668 91 18896 80 38944
65351 37 22668 91 15778 80 38944
65351 37 22668 91 66572 80 38944
65351 37 22668 91 11059 80 38944
65351 37 22668 91 74492 80 38944
65351 37 22668 91 20839 80 38944
65351 37 22668 91 66026 80 38944
65351 37 22668 91 32696 80 38944
65351 37 22668 91 33067 80 38944
65351 37 22668 91 55218 80 38944
65351 37 22668 91 63292 80 38944
65351 37 22668 91 52017 80 38944
65351 37 22668 91 6422 80 38944
65351 37 22668 91 19788 80 38944
65351 37 22668 91 30988 80 38944
65351 37 22668 91 46327 80 38944
65351 37 22668 91 28684 80 38944
65351 37 22668 91 19858 80 38944
65351 37 22668 91 30294 80 38944
65351 37 22668 91 52707 80 38944
65351 37 22668 91 30282 80 38944
65351 37 22668 91 64733 80 38944
65351 37 22668 91 38996 80 38944
65351 37 22668 91 8318 80 38944
65351 37 22668 91 41792 80 38944
65351 37 22668 91 45256 80 38944
65351 37 22668 91 57599 80 38944
65351 37 22668 91 29273 80 38944
65351 37 22668 91 60434 80 38944
65351 37 22668 91 27545 80 38944
65351 37 22668 91 72849 80 38944
65351 37 22668 91 66068 80 38944
65351 37 22668 91 28070 80 38944
65351 37 22668 91 73400 80 38944
65351 37 22668 91 34625 80 38944
65351 37 22668 91 43709 80 38944
65351 37 22668 91 28625 80 38944
65351 37 22668 91 71447 80 38944
65351 37 22668 91 19849 80 38944
65351 37 22668 91 39226 80 38944
65351 37 22668 91 50617 80 38944
65351 37 22668 91 59429 80 38944
65351 37 22668 91 32844 80 38944
65351 37 22668 28 25961 32 38944
65351 37 22668 28 25961 358 38944
65351 37 22668 28 27602 358 38944
65351 37 22668 383 58147 94 38944
65351 37 22668 383 58147 294 38944
65351 37 22668 383 58147 358 38944
65351 37 22668 383 74440 294 38944
65351 37 22668 383 74440 358 38944
65351 37 22668 383 14579 294 38944
65351 37 22668 383 20391 94 38944
65351 37 22668 383 20391 294 38944
65351 37 22668 383 40134 294 38944
65351 37 22668 383 17575 294 38944
65351 37 22668 75 69092 75 38944
65351 37 22668 75 69092 114 38944
65351 37 22668 75 16913 32 38944
65351 37 22668 75 22509 32 38944
65351 37 22668 32 25099 107 38944
65351 37 22668 32 67410 75 38944
65351 37 22668 294 57047 240 38944
65351 37 22668 294 9518 383 38944
65351 37 22668 294 15756 107 38944
65351 37 22668 294 15756 383 38944
65351 37 22668 91 7077 42 69700 80 38944
65351 37 22668 91 7077 42 69700 37 38944
65351 37 22668 91 35283 281 5190 80 38944
65351 37 22668 91 35283 281 5190 37 38944
65351 37 22668 91 32101 27 38221 80 38944
65351 37 22668 91 32101 27 38221 37 38944
65351 37 22668 91 18896 265 14859 107 38944
65351 37 22668 91 6983 254 53782 155 38944
65351 37 22668 91 49073 369 33054 32 38944
65351 37 22668 91 28684 386 1834 80 38944
65351 37 22668 91 28684 386 1834 37 38944
65351 37 22668 91 28684 386 26509 80 38944
65351 37 22668 91 28684 386 26509 37 38944
65351 37 22668 91 14466 390 10797 80 38944
65351 37 22668 91 14466 390 10797 37 38944
65351 37 22668 91 54168 254 1444 383 38944
65351 37 22668 91 54168 254 1444 28 38944
65351 37 22668 91 54168 254 1444 107 38944
65351 37 22668 91 43544 27 54351 37 38944
65351 37 22668 91 71447 27 57982 37 38944
65351 37 22668 91 19849 281 72687 80 38944
65351 37 22668 91 19849 281 72687 37 38944
65351 37 22668 28 27602 358 41897 252 38944
65351 37 22668 28 11028 50 37419 51 38944
65351 37 22668 75 69092 75 53751 28 38944
65351 37 22668 75 69092 142 38128 80 38944
65351 37 22668 75 69092 142 38128 37 38944
65351 37 22668 75 69092 32 51420 75 38944
65351 37 22668 75 69092 32 51420 28 38944
65351 37 22668 75 69092 32 51420 277 38944
65351 37 22668 75 69092 32 51420 151 38944
65351 37 22668 75 69092 294 63370 75 38944
65351 37 22668 75 69092 294 27613 75 38944
65351 37 22668 75 69092 294 27613 277 38944
65351 37 22668 75 69092 294 12051 383 38944
65351 37 22668 75 69092 294 12051 25 38944
65351 37 22668 75 69092 294 12051 28 38944
65351 37 22668 75 69092 383 18442 53 38944
65351 37 22668 75 69092 383 73694 53 38944
65351 37 22668 32 67410 64 74415 80 38944
65351 37 22668 32 67410 64 74415 37 38944
65351 37 22668 32 67410 64 41106 80 38944
65351 37 22668 32 67410 64 56943 80 38944
65351 37 22668 32 67410 64 8593 80 38944
65351 37 22668 32 67410 64 8593 37 38944
65351 37 22668 32 67410 64 36348 37 38944
65351 37 22668 32 67410 64 17898 80 38944
65351 37 22668 32 67410 64 17898 37 38944
65351 37 22668 32 67410 64 23800 80 38944
65351 37 22668 32 67410 64 23800 37 38944
65351 37 22668 32 67410 64 48679 80 38944
65351 37 22668 32 67410 64 48679 37 38944
65351 37 22668 32 67410 64 21419 80 38944
65351 37 22668 32 67410 64 21419 37 38944
65351 37 22668 32 67410 64 50538 80 38944
65351 37 22668 32 67410 64 50538 37 38944
65351 37 22668 32 67410 64 67545 37 38944
65351 37 22668 32 67410 64 65877 80 38944
65351 37 22668 32 67410 64 65877 37 38944
65351 37 22668 32 67410 64 54397 80 38944
65351 37 22668 32 67410 64 54397 37 38944
65351 37 22668 32 67410 75 6067 151 38944
65351 37 22668 32 67410 242 17885 68 38944
65351 37 22668 32 32131 84 15674 53 38944
65351 37 22668 32 32131 84 15249 53 38944
65351 37 22668 32 32131 26 25694 294 38944
65351 37 22668 32 32131 315 4043 37 38944
65351 37 22668 32 32131 8 75194 25 38944
65351 37 22668 32 32131 8 62951 25 38944
65351 37 22668 32 32131 8 49607 25 38944
65351 37 22668 32 32131 8 36483 25 38944
65351 37 22668 32 32131 8 25113 25 38944
65351 37 22668 32 32131 8 65445 25 38944
65351 37 22668 32 32131 8 57316 25 38944
65351 37 22668 294 57047 75 18333 107 38944
65351 37 22668 294 15756 75 27067 32 38944
65351 37 22668 294 15756 75 27067 358 38944
65351 37 22668 91 4421 296 1819 99 40683 80 38944
65351 37 22668 91 4421 296 1819 99 40683 37 38944
65351 37 22668 91 4421 296 1819 99 44022 80 38944
65351 37 22668 91 4421 296 1819 99 44022 37 38944
65351 37 22668 91 4421 296 1819 99 69304 80 38944
65351 37 22668 91 4421 296 1819 99 69304 37 38944
65351 37 22668 91 4421 296 1819 99 36374 80 38944
65351 37 22668 91 4421 296 1819 99 36374 37 38944
65351 37 22668 91 4421 296 1819 99 40993 80 38944
65351 37 22668 91 4421 296 1819 99 40993 37 38944
65351 37 22668 91 4421 296 1819 99 60675 37 38944
65351 37 22668 91 4421 296 1819 99 57080 80 38944
65351 37 22668 91 4421 296 1819 99 57080 37 38944
65351 37 22668 91 4421 296 1819 99 72300 80 38944
65351 37 22668 91 4421 296 1819 99 72300 37 38944
65351 37 22668 91 4421 296 1819 99 49068 80 38944
65351 37 22668 91 4421 296 1819 99 11018 80 38944
65351 37 22668 91 4421 296 1819 99 11018 37 38944
65351 37 22668 91 4421 296 1819 99 50547 80 38944
65351 37 22668 91 4421 296 1819 99 50547 37 38944
65351 37 22668 91 4421 296 1819 99 27576 80 38944
65351 37 22668 91 4421 296 1819 99 27576 37 38944
65351 37 22668 91 4421 296 1819 99 43599 80 38944
65351 37 22668 91 4421 296 1819 99 43599 37 38944
65351 37 22668 91 4421 296 1819 99 14148 80 38944
65351 37 22668 91 4421 296 1819 99 14148 37 38944
65351 37 22668 91 4421 296 1819 99 40144 37 38944
65351 37 22668 91 4421 85 64632 112 13437 80 38944
65351 37 22668 91 4421 85 64632 112 13437 37 38944
65351 37 22668 91 4421 85 64632 112 10896 80 38944
65351 37 22668 91 4421 85 64632 112 10896 37 38944
65351 37 22668 91 4421 85 64632 112 48029 80 38944
65351 37 22668 91 4421 85 64632 112 48029 37 38944
65351 37 22668 91 4421 85 64632 112 52094 80 38944
65351 37 22668 91 4421 85 64632 112 52094 37 38944
65351 37 22668 91 4421 85 64632 112 48195 80 38944
65351 37 22668 91 4421 85 64632 112 48195 37 38944
65351 37 22668 91 4421 85 64632 112 4484 80 38944
65351 37 22668 91 4421 85 64632 112 4484 37 38944
65351 37 22668 91 4421 85 64632 112 69613 80 38944
65351 37 22668 91 4421 85 64632 112 69613 37 38944
65351 37 22668 91 4421 85 64632 112 8511 80 38944
65351 37 22668 91 4421 85 64632 112 16174 80 38944
65351 37 22668 91 4421 85 64632 112 16174 37 38944
65351 37 22668 91 4421 85 64632 112 70808 80 38944
65351 37 22668 91 4421 85 64632 112 70808 37 38944
65351 37 22668 91 4421 85 64632 112 3890 80 38944
65351 37 22668 91 4421 85 64632 112 3890 37 38944
65351 37 22668 91 4421 85 64632 112 28511 80 38944
65351 37 22668 91 4421 85 64632 112 73929 80 38944
65351 37 22668 91 4421 85 64632 112 73929 37 38944
65351 37 22668 91 4421 85 64632 112 336 80 38944
65351 37 22668 91 4421 85 64632 112 336 37 38944
65351 37 22668 91 4421 85 64632 112 39870 37 38944
65351 37 22668 91 4421 85 64632 112 53895 80 38944
65351 37 22668 91 4421 85 64632 112 53895 37 38944
65351 37 22668 91 4421 85 64632 112 32276 80 38944
65351 37 22668 91 4421 85 64632 112 32276 37 38944
65351 37 22668 91 4421 85 64632 112 3217 80 38944
65351 37 22668 91 4421 85 64632 112 3217 37 38944
65351 37 22668 91 4421 85 64632 112 35347 80 38944
65351 37 22668 91 4421 85 64632 112 35347 37 38944
65351 37 22668 91 4421 85 64632 112 37047 80 38944
65351 37 22668 91 4421 85 64632 112 37047 37 38944
65351 37 22668 91 4421 85 64632 112 34523 80 38944
65351 37 22668 91 4421 85 64632 112 53965 80 38944
65351 37 22668 91 4421 85 64632 112 53965 37 38944
65351 37 22668 91 4421 85 64632 112 2913 80 38944
65351 37 22668 91 4421 85 64632 112 2913 37 38944
65351 37 22668 91 4421 85 64632 112 10519 80 38944
65351 37 22668 91 4421 85 64632 112 58727 37 38944
65351 37 22668 91 4421 85 64632 112 11756 80 38944
65351 37 22668 91 4421 85 64632 112 11756 37 38944
65351 37 22668 91 4421 85 64632 112 49651 80 38944
65351 37 22668 91 4421 85 64632 112 49651 37 38944
65351 37 22668 91 4421 85 64632 112 35279 37 38944
65351 37 22668 91 4421 85 64632 112 34882 80 38944
65351 37 22668 91 4421 85 64632 112 34882 37 38944
65351 37 22668 91 4421 85 64632 112 69324 80 38944
65351 37 22668 91 4421 85 64632 112 69324 37 38944
65351 37 22668 91 4421 85 64632 112 66141 80 38944
65351 37 22668 91 4421 85 64632 112 66141 37 38944
65351 37 22668 91 4421 85 64632 112 25205 80 38944
65351 37 22668 91 4421 85 64632 112 25205 37 38944
65351 37 22668 91 4421 85 64632 112 72371 80 38944
65351 37 22668 91 4421 85 64632 112 72371 37 38944
65351 37 22668 91 4421 85 64632 112 1293 80 38944
65351 37 22668 91 4421 85 64632 112 1293 37 38944
65351 37 22668 91 4421 85 64632 112 29777 80 38944
65351 37 22668 91 4421 85 64632 112 29777 37 38944
65351 37 22668 91 4421 85 64632 112 60527 80 38944
65351 37 22668 91 4421 85 64632 112 60527 37 38944
65351 37 22668 91 4421 85 64632 112 17077 80 38944
65351 37 22668 91 4421 85 64632 112 17077 37 38944
65351 37 22668 91 4421 85 64632 112 27581 80 38944
65351 37 22668 91 4421 85 64632 112 27581 37 38944
65351 37 22668 91 4421 85 64632 112 11635 80 38944
65351 37 22668 91 4421 85 64632 112 11635 37 38944
65351 37 22668 91 4421 85 64632 112 56194 80 38944
65351 37 22668 91 4421 85 64632 112 56194 37 38944
65351 37 22668 91 4421 85 64632 112 32059 80 38944
65351 37 22668 91 4421 85 64632 112 32059 37 38944
65351 37 22668 91 4421 85 64632 112 4901 80 38944
65351 37 22668 91 4421 85 64632 112 4901 37 38944
65351 37 22668 91 4421 85 64632 112 11783 80 38944
65351 37 22668 91 4421 85 64632 112 11783 37 38944
65351 37 22668 91 4421 85 64632 112 39066 80 38944
65351 37 22668 91 4421 85 64632 112 39066 37 38944
65351 37 22668 91 4421 85 64632 112 45970 80 38944
65351 37 22668 91 4421 85 64632 112 45970 37 38944
65351 37 22668 91 4421 85 64632 112 49641 80 38944
65351 37 22668 91 4421 85 64632 112 49641 37 38944
65351 37 22668 91 4421 85 64632 112 72185 80 38944
65351 37 22668 91 4421 85 64632 112 72185 37 38944
65351 37 22668 91 4421 85 64632 112 67857 80 38944
65351 37 22668 91 4421 85 64632 112 67857 37 38944
65351 37 22668 91 4421 85 64632 112 22955 80 38944
65351 37 22668 91 4421 85 64632 112 22955 37 38944
65351 37 22668 91 4421 85 64632 112 17439 80 38944
65351 37 22668 91 4421 85 64632 112 17439 37 38944
65351 37 22668 91 4421 85 64632 112 54296 80 38944
65351 37 22668 91 4421 85 64632 112 54296 37 38944
65351 37 22668 91 4421 85 64632 112 40647 80 38944
65351 37 22668 91 4421 85 64632 112 40647 37 38944
65351 37 22668 91 4421 85 64632 112 11537 80 38944
65351 37 22668 91 4421 85 64632 112 11537 37 38944
65351 37 22668 91 4421 85 64632 112 68577 80 38944
65351 37 22668 91 4421 85 64632 112 68577 37 38944
65351 37 22668 91 4421 85 64632 112 72650 80 38944
65351 37 22668 91 4421 85 64632 112 41863 80 38944
65351 37 22668 91 4421 85 64632 112 41863 37 38944
65351 37 22668 91 4421 85 64632 112 32747 80 38944
65351 37 22668 91 4421 85 64632 112 32747 37 38944
65351 37 22668 91 4421 85 64632 112 71904 80 38944
65351 37 22668 91 4421 85 64632 112 17712 80 38944
65351 37 22668 91 4421 85 64632 112 17712 37 38944
65351 37 22668 91 4421 85 64632 112 67672 80 38944
65351 37 22668 91 4421 85 64632 112 67672 37 38944
65351 37 22668 91 4421 85 64632 112 65682 80 38944
65351 37 22668 91 4421 85 64632 112 65682 37 38944
65351 37 22668 91 4421 85 64632 112 17660 80 38944
65351 37 22668 91 4421 85 64632 112 17660 37 38944
65351 37 22668 91 4421 85 64632 112 43370 80 38944
65351 37 22668 91 4421 85 64632 112 43370 37 38944
65351 37 22668 91 4421 85 64632 112 47172 80 38944
65351 37 22668 91 4421 85 64632 112 47172 37 38944
65351 37 22668 91 4421 85 64632 112 15335 80 38944
65351 37 22668 91 4421 85 64632 112 15335 37 38944
65351 37 22668 91 4421 85 64632 112 48065 80 38944
65351 37 22668 91 4421 85 64632 112 48065 37 38944
65351 37 22668 91 4421 85 64632 112 75039 80 38944
65351 37 22668 91 4421 85 64632 112 75039 37 38944
65351 37 22668 91 4421 85 64632 112 42081 80 38944
65351 37 22668 91 4421 85 64632 112 42081 37 38944
65351 37 22668 91 4421 85 64632 112 23327 80 38944
65351 37 22668 91 4421 85 64632 112 23327 37 38944
65351 37 22668 91 4421 85 64632 112 59979 80 38944
65351 37 22668 91 4421 85 64632 112 59979 37 38944
65351 37 22668 91 4421 85 64632 112 53399 80 38944
65351 37 22668 91 4421 85 64632 112 53399 37 38944
65351 37 22668 91 4421 85 64632 112 27104 80 38944
65351 37 22668 91 4421 85 64632 112 71212 80 38944
65351 37 22668 91 4421 85 64632 112 26212 37 38944
65351 37 22668 91 4421 85 64632 112 70652 80 38944
65351 37 22668 91 4421 85 64632 112 70652 37 38944
65351 37 22668 91 4421 85 64632 112 43072 80 38944
65351 37 22668 91 4421 85 64632 112 43072 37 38944
65351 37 22668 91 4421 85 64632 112 67665 80 38944
65351 37 22668 91 4421 85 64632 112 67665 37 38944
65351 37 22668 91 4421 85 64632 112 47716 80 38944
65351 37 22668 91 4421 85 64632 112 47716 37 38944
65351 37 22668 91 4421 85 64632 112 64542 80 38944
65351 37 22668 91 4421 85 64632 112 64542 37 38944
65351 37 22668 91 4421 85 64632 112 52278 80 38944
65351 37 22668 91 4421 85 64632 112 52278 37 38944
65351 37 22668 91 4421 85 64632 112 11467 80 38944
65351 37 22668 91 4421 85 64632 112 11467 37 38944
65351 37 22668 91 4421 85 64632 112 15495 80 38944
65351 37 22668 91 4421 85 64632 112 15495 37 38944
65351 37 22668 91 4421 85 64632 112 56811 37 38944
65351 37 22668 91 4421 85 64632 112 9348 80 38944
65351 37 22668 91 4421 85 64632 112 9348 37 38944
65351 37 22668 91 4421 85 64632 112 6444 80 38944
65351 37 22668 91 4421 85 64632 112 6444 37 38944
65351 37 22668 91 4421 85 64632 112 20633 80 38944
65351 37 22668 91 4421 85 64632 112 20633 37 38944
65351 37 22668 91 4421 85 64632 112 36746 80 38944
65351 37 22668 91 4421 85 64632 112 36746 37 38944
65351 37 22668 91 4421 85 64632 112 59497 37 38944
65351 37 22668 91 4421 85 64632 191 7860 80 38944
65351 37 22668 91 4421 85 64632 191 33721 80 38944
65351 37 22668 91 4421 85 64632 191 33721 37 38944
65351 37 22668 91 44825 296 75291 99 44827 80 38944
65351 37 22668 91 44825 296 75291 99 44827 37 38944
65351 37 22668 91 44825 296 75291 99 38802 37 38944
65351 37 22668 91 44825 384 29452 123 34691 80 38944
65351 37 22668 91 44825 384 29452 123 34691 37 38944
65351 37 22668 91 44825 384 29452 123 50899 80 38944
65351 37 22668 91 44825 384 29452 123 50899 37 38944
65351 37 22668 91 44825 117 3580 334 16193 80 38944
65351 37 22668 91 44825 117 3580 334 16193 37 38944
65351 37 22668 91 44825 117 3580 334 60075 80 38944
65351 37 22668 91 44825 117 3580 334 60075 37 38944
65351 37 22668 91 45843 217 9911 5 16377 80 38944
65351 37 22668 91 45843 217 9911 5 16377 37 38944
65351 37 22668 91 45843 217 9911 163 71484 63 38944
65351 37 22668 91 45843 83 3650 369 3704 277 38944
65351 37 22668 91 45843 85 17058 112 68320 37 38944
65351 37 22668 91 45843 85 17058 112 379 80 38944
65351 37 22668 91 45843 85 17058 112 379 37 38944
65351 37 22668 91 45843 85 17058 112 17171 37 38944
65351 37 22668 91 45843 85 17058 112 30008 80 38944
65351 37 22668 91 45843 85 17058 112 30008 37 38944
65351 37 22668 91 45843 85 17058 112 37321 80 38944
65351 37 22668 91 45843 85 17058 112 37321 37 38944
65351 37 22668 91 45843 85 17058 112 74833 80 38944
65351 37 22668 91 45843 85 17058 112 74833 37 38944
65351 37 22668 91 45843 85 17058 112 51641 80 38944
65351 37 22668 91 45843 85 17058 112 51641 37 38944
65351 37 22668 91 45843 85 17058 112 63596 80 38944
65351 37 22668 91 45843 85 17058 112 63596 37 38944
65351 37 22668 91 45843 85 17058 112 28869 80 38944
65351 37 22668 91 45843 85 17058 112 28869 37 38944
65351 37 22668 91 45843 85 17058 112 20414 80 38944
65351 37 22668 91 45843 85 17058 112 20414 37 38944
65351 37 22668 91 45843 85 17058 112 38183 80 38944
65351 37 22668 91 45843 85 17058 112 38183 37 38944
65351 37 22668 91 45843 85 17058 112 6225 80 38944
65351 37 22668 91 45843 85 17058 112 6225 37 38944
65351 37 22668 91 45843 85 17058 112 14942 80 38944
65351 37 22668 91 45843 85 17058 112 14942 37 38944
65351 37 22668 91 45843 85 17058 112 51254 80 38944
65351 37 22668 91 45843 85 17058 112 51254 37 38944
65351 37 22668 91 45843 85 17058 112 35333 80 38944
65351 37 22668 91 45843 85 17058 112 35333 37 38944
65351 37 22668 91 45843 85 17058 112 32904 37 38944
65351 37 22668 91 45843 85 17058 112 41435 80 38944
65351 37 22668 91 45843 85 17058 112 41435 37 38944
65351 37 22668 91 45843 85 17058 112 60451 80 38944
65351 37 22668 91 45843 85 17058 112 60451 37 38944
65351 37 22668 91 45843 85 17058 112 56083 80 38944
65351 37 22668 91 45843 85 17058 112 56083 37 38944
65351 37 22668 91 45843 85 17058 112 23721 80 38944
65351 37 22668 91 45843 85 17058 112 23721 37 38944
65351 37 22668 91 45843 85 17058 112 34230 80 38944
65351 37 22668 91 45843 85 17058 112 34230 37 38944
65351 37 22668 91 45843 85 17058 112 47612 80 38944
65351 37 22668 91 45843 85 17058 112 47612 37 38944
65351 37 22668 91 45843 85 17058 112 1927 80 38944
65351 37 22668 91 45843 85 17058 112 1927 37 38944
65351 37 22668 91 45843 85 17058 112 48284 80 38944
65351 37 22668 91 45843 85 17058 112 48284 37 38944
65351 37 22668 91 45843 85 17058 112 49811 80 38944
65351 37 22668 91 45843 85 17058 112 49811 37 38944
65351 37 22668 91 45843 85 17058 112 66933 37 38944
65351 37 22668 91 45843 85 17058 112 62641 37 38944
65351 37 22668 91 45843 85 17058 112 69960 80 38944
65351 37 22668 91 45843 85 17058 112 69960 37 38944
65351 37 22668 91 45843 85 17058 112 13352 80 38944
65351 37 22668 91 45843 85 17058 112 13352 37 38944
65351 37 22668 91 45843 85 17058 112 45342 80 38944
65351 37 22668 91 45843 85 17058 112 45342 37 38944
65351 37 22668 91 45843 85 17058 112 62758 37 38944
65351 37 22668 91 45843 85 17058 112 50871 80 38944
65351 37 22668 91 45843 85 17058 112 50871 37 38944
65351 37 22668 91 45843 85 17058 112 64860 80 38944
65351 37 22668 91 45843 85 17058 112 64860 37 38944
65351 37 22668 91 45843 85 17058 112 44353 80 38944
65351 37 22668 91 45843 85 17058 112 44353 37 38944
65351 37 22668 91 45843 85 17058 112 68309 80 38944
65351 37 22668 91 45843 85 17058 112 68309 37 38944
65351 37 22668 91 45843 85 17058 112 15555 80 38944
65351 37 22668 91 45843 85 17058 112 15555 37 38944
65351 37 22668 91 45843 85 17058 112 38408 80 38944
65351 37 22668 91 45843 85 17058 112 72323 80 38944
65351 37 22668 91 45843 85 17058 112 72323 37 38944
65351 37 22668 91 45843 85 17058 112 49263 80 38944
65351 37 22668 91 45843 85 17058 112 49263 37 38944
65351 37 22668 91 45843 85 17058 112 42552 80 38944
65351 37 22668 91 45843 85 17058 112 42552 37 38944
65351 37 22668 91 45843 85 17058 112 58754 80 38944
65351 37 22668 91 45843 85 17058 112 58754 37 38944
65351 37 22668 91 45843 85 17058 112 34512 80 38944
65351 37 22668 91 45843 85 17058 112 34512 37 38944
65351 37 22668 91 45843 85 17058 112 57926 80 38944
65351 37 22668 91 45843 85 17058 112 57926 37 38944
65351 37 22668 91 45843 85 17058 112 70937 80 38944
65351 37 22668 91 45843 85 17058 112 70937 37 38944
65351 37 22668 91 45843 85 17058 112 16744 37 38944
65351 37 22668 91 45843 85 17058 112 67057 80 38944
65351 37 22668 91 45843 85 17058 112 67057 37 38944
65351 37 22668 91 45843 85 17058 191 27206 80 38944
65351 37 22668 91 45843 85 17058 191 27206 37 38944
65351 37 22668 91 45843 85 17058 191 39576 80 38944
65351 37 22668 91 45843 85 17058 191 39576 37 38944
65351 37 22668 91 21064 265 19933 64 38273 80 38944
65351 37 22668 91 21064 265 19933 64 38273 37 38944
65351 37 22668 91 21064 265 19933 64 63414 80 38944
65351 37 22668 91 21064 265 19933 64 4120 80 38944
65351 37 22668 91 21064 265 19933 64 4120 37 38944
65351 37 22668 91 21064 265 19933 64 30262 80 38944
65351 37 22668 91 21064 265 19933 64 30262 37 38944
65351 37 22668 91 21064 265 19933 64 5496 80 38944
65351 37 22668 91 21064 265 19933 64 52667 37 38944
65351 37 22668 91 21064 265 19933 64 9852 80 38944
65351 37 22668 91 21064 265 19933 64 9852 37 38944
65351 37 22668 91 21064 265 19933 64 68162 80 38944
65351 37 22668 91 21064 265 19933 64 74772 37 38944
65351 37 22668 91 21064 265 19933 64 72145 80 38944
65351 37 22668 91 21064 265 19933 64 72145 37 38944
65351 37 22668 91 21064 265 19933 151 42789 277 38944
65351 37 22668 91 59184 217 17518 5 3723 37 38944
65351 37 22668 91 59184 217 17518 5 59898 80 38944
65351 37 22668 91 59184 217 17518 5 59898 37 38944
65351 37 22668 91 22832 73 50614 42 34345 80 38944
65351 37 22668 91 22832 73 50614 42 34345 37 38944
65351 37 22668 91 22832 80 22537 315 10979 37 38944
65351 37 22668 91 22832 384 25456 123 15630 80 38944
65351 37 22668 91 22832 384 25456 123 15630 37 38944
65351 37 22668 91 22832 265 58416 222 36335 37 38944
65351 37 22668 91 54965 384 11708 123 68542 80 38944
65351 37 22668 91 54965 384 11708 123 68542 37 38944
65351 37 22668 91 15252 296 20492 99 58437 80 38944
65351 37 22668 91 15252 296 20492 99 58437 37 38944
65351 37 22668 91 15252 296 20492 99 20779 80 38944
65351 37 22668 91 15252 296 20492 99 20779 37 38944
65351 37 22668 91 15252 296 20492 99 14295 80 38944
65351 37 22668 91 15252 296 20492 99 14295 37 38944
65351 37 22668 91 15252 384 1274 123 39365 80 38944
65351 37 22668 91 15252 384 1274 123 39365 37 38944
65351 37 22668 91 7077 386 15254 386 39423 80 38944
65351 37 22668 91 7077 386 15254 386 39423 37 38944
65351 37 22668 91 7077 217 21356 155 1861 75 38944
65351 37 22668 91 7077 379 1483 88 31076 80 38944
65351 37 22668 91 7077 379 1483 88 31076 37 38944
65351 37 22668 91 7077 379 1483 88 11188 80 38944
65351 37 22668 91 7077 379 1483 88 11188 37 38944
65351 37 22668 91 7077 379 1483 88 38868 80 38944
65351 37 22668 91 7077 379 1483 88 38868 37 38944
65351 37 22668 91 7077 379 1483 88 6222 80 38944
65351 37 22668 91 7077 379 1483 88 6222 37 38944
65351 37 22668 91 7077 379 1483 88 453 80 38944
65351 37 22668 91 7077 379 1483 88 57273 80 38944
65351 37 22668 91 7077 384 33744 123 68576 80 38944
65351 37 22668 91 7077 384 33744 123 68576 37 38944
65351 37 22668 91 7077 42 69700 386 44363 80 38944
65351 37 22668 91 7077 42 69700 386 44363 37 38944
65351 37 22668 91 71797 147 37898 164 32451 80 38944
65351 37 22668 91 71797 147 37898 164 32451 37 38944
65351 37 22668 91 47449 217 59220 5 25116 80 38944
65351 37 22668 91 47449 217 59220 5 25116 37 38944
65351 37 22668 91 47449 217 59220 5 67328 37 38944
65351 37 22668 91 47449 217 59220 5 66688 80 38944
65351 37 22668 91 47449 217 59220 5 66688 37 38944
65351 37 22668 91 47449 217 59220 5 20058 37 38944
65351 37 22668 91 47449 217 59220 361 50031 37 38944
65351 37 22668 91 47449 217 59220 361 18549 80 38944
65351 37 22668 91 47449 217 59220 361 18549 37 38944
65351 37 22668 91 32101 300 62434 211 74830 80 38944
65351 37 22668 91 32101 300 62434 211 72019 37 38944
65351 37 22668 91 32101 202 64151 369 53811 277 38944
65351 37 22668 91 54070 6 22928 382 67943 80 38944
65351 37 22668 91 54070 6 22928 382 67943 37 38944
65351 37 22668 91 49073 332 65855 31 58576 80 38944
65351 37 22668 91 49073 332 65855 31 58576 37 38944
65351 37 22668 91 49073 332 65855 31 32824 28 38944
65351 37 22668 91 49073 332 29065 31 21448 53 38944
65351 37 22668 91 49073 369 33054 277 31312 358 38944
65351 37 22668 91 49073 369 33054 252 15647 277 38944
65351 37 22668 91 30294 42 25220 330 9875 80 38944
65351 37 22668 91 30294 42 25220 330 9875 37 38944
65351 37 22668 91 47691 384 38325 123 7149 80 38944
65351 37 22668 91 47691 384 38325 123 7149 37 38944
65351 37 22668 91 41792 265 482 231 47842 107 38944
65351 37 22668 91 45256 269 67541 399 7033 80 38944
65351 37 22668 91 45256 269 67541 399 7033 37 38944
65351 37 22668 91 45256 269 67541 399 53495 80 38944
65351 37 22668 91 45256 269 67541 399 53495 37 38944
65351 37 22668 91 54168 254 72079 271 67659 80 38944
65351 37 22668 91 54168 254 72079 271 67659 37 38944
65351 37 22668 91 54168 254 72079 271 51246 80 38944
65351 37 22668 91 54168 254 72079 271 51246 37 38944
65351 37 22668 91 54168 254 28376 32 41458 383 38944
65351 37 22668 91 54168 254 29427 114 55497 80 38944
65351 37 22668 91 54168 254 29427 114 55497 37 38944
65351 37 22668 91 67508 220 62856 218 74194 80 38944
65351 37 22668 91 67508 220 62856 218 74194 37 38944
65351 37 22668 91 33377 147 39108 5 43021 80 38944
65351 37 22668 91 33377 147 39108 5 43021 37 38944
65351 37 22668 91 33377 398 45455 270 24454 80 38944
65351 37 22668 91 33377 398 45455 270 24454 37 38944
65351 37 22668 91 19849 281 72687 390 43065 37 38944
65351 37 22668 91 3463 46 38349 56 65916 80 38944
65351 37 22668 91 3463 296 51775 99 41848 37 38944
65351 37 22668 91 32844 292 52898 338 22927 80 38944
65351 37 22668 91 32844 292 52898 338 22927 37 38944
65351 37 22668 28 25961 32 36301 75 9767 37 38944
65351 37 22668 28 25961 32 14858 75 52109 80 38944
65351 37 22668 28 25961 32 14858 75 52109 37 38944
65351 37 22668 28 11028 8 61259 248 3497 25 38944
65351 37 22668 75 69092 75 53751 151 6609 252 38944
65351 37 22668 75 69092 75 53751 151 6609 22 38944
65351 37 22668 75 69092 75 34480 91 60665 80 38944
65351 37 22668 75 69092 277 38500 75 14932 80 38944
65351 37 22668 32 67410 114 15084 209 21265 80 38944
65351 37 22668 32 67410 114 15084 209 21265 37 38944
65351 37 22668 91 44825 117 3580 334 12538 27 48499 80 38944
65351 37 22668 91 44825 117 3580 334 12538 27 48499 37 38944
65351 37 22668 91 45843 217 50790 96 66781 385 316 80 38944
65351 37 22668 91 45843 217 50790 96 66781 385 316 37 38944
65351 37 22668 91 45843 217 9911 119 62986 295 34744 63 38944
65351 37 22668 91 45843 217 9911 119 62986 295 44326 63 38944
65351 37 22668 91 15252 15 63319 398 67509 14 35314 80 38944
65351 37 22668 91 15252 15 63319 398 67509 14 35314 37 38944
65351 37 22668 91 32101 300 62434 211 18792 256 1474 37 38944
65351 37 22668 91 49073 332 65857 31 22487 334 68133 80 38944
65351 37 22668 91 49073 332 65857 31 22487 334 68133 37 38944
65351 37 22668 91 49073 332 23453 31 40460 123 5818 80 38944
65351 37 22668 91 49073 332 23453 31 40460 123 5818 37 38944
65351 37 22668 91 54168 254 73838 52 46068 123 14132 37 38944
65351 37 22668 28 25961 32 14858 277 37729 222 26121 80 38944
65351 37 22668 28 25961 32 14858 277 37729 222 26121 37 38944
65351 37 22668 75 69092 294 73559 277 25962 315 49385 37 38944
65351 37 22668 32 32131 26 24357 372 46804 6 10772 80 38944
65351 37 22668 32 32131 26 24357 372 46804 6 10772 37 38944
65351 37 22668 91 45843 85 19354 356 51755 373 10766 256 54717 80 38944
65351 37 22668 91 45843 85 19354 356 51755 373 10766 256 54717 37 38944
65351 37 22668 91 21064 265 19933 64 30262 296 50774 99 32001 80 38944
65351 37 22668 91 21064 265 19933 64 30262 296 50774 99 32001 37 38944
65351 37 22668 91 21064 265 19933 252 63382 5 22068 15 16131 80 38944
65351 37 22668 91 21064 265 19933 252 63382 5 22068 15 16131 37 38944
65351 37 22668 91 15252 194 53214 369 40754 277 18673 151 7080 80 38944
65351 37 22668 91 15252 296 20492 99 23271 148 28535 289 69259 80 38944
65351 37 22668 91 15252 296 20492 99 23271 148 28535 289 69259 37 38944
65351 37 22668 91 26998 67 29793 330 11092 42 29715 14 2940 80 38944
65351 37 22668 91 26998 67 29793 330 11092 42 29715 14 2940 37 38944
65351 37 22668 383 40134 32 27894 153 55364 0 69067 359 73304 80 38944
65351 37 22668 383 40134 32 27894 153 55364 0 69067 359 73304 37 38944
65351 37 22668 75 69092 294 60562 277 59023 256 52176 15 3090 80 38944
65351 37 22668 75 69092 294 60562 277 59023 256 52176 15 3090 37 38944
65351 37 22668 75 69092 294 59204 256 25487 254 36773 256 21726 80 38944
