9911 5 38128
9911 5 13437 80 38944 315 38128
9911 5 13437 80 38944 91 38128
9911 5 13437 85 17058 112 38128
9911 5 13437 85 17058 191 38128
9911 5 13437 85 64632 112 38128
9911 5 13437 85 64632 191 38128
9911 5 10896 265 60841 64 38128
9911 5 48029 85 19769 191 38128
9911 5 52094 147 31011 385 38128
9911 5 47560 296 30382 99 38128
9911 5 8511 382 2748 6 38128
9911 5 44022 15 63319 15 38128
9911 5 44022 15 63319 398 38128
9911 5 44022 379 1483 88 38128
9911 5 10519 35 60073 372 38128
9911 5 10519 35 60073 396 38128
9911 5 32101 300 62434 211 38128
9911 5 72687 130 63974 271 38128
9911 5 72687 130 63974 385 38128
9911 5 6983 6 22928 398 38128
9911 5 6983 6 22928 382 38128
9911 5 48065 254 70550 15 38128
9911 5 48065 254 70550 6 38128
9911 5 48065 254 70550 398 38128
9911 249 53751 155 69092 142 38128
9911 249 53751 382 8039 6 38128
9911 249 53751 255 69443 6 38128
9911 5 13437 85 17058 112 52008 15 38128
9911 5 13437 85 17058 112 52008 6 38128
9911 5 48029 296 20492 99 45713 15 38128
9911 5 44022 15 63319 398 28806 6 38128
9911 5 15254 15 54359 32 69931 64 38128
9911 5 10519 35 60073 342 28644 6 38128
9911 5 10519 35 60073 342 21632 252 38128
9911 5 10519 35 60073 342 21632 28 38128
9911 5 10519 35 60073 342 21632 151 38128
9911 5 10519 35 60073 342 21632 396 38128
9911 5 10519 35 60073 102 17727 6 38128
9911 5 10519 35 60073 102 29897 6 38128
9911 5 10519 35 60073 266 39181 6 38128
9911 5 10519 35 60073 303 28772 6 38128
9911 5 10519 35 60073 303 28772 277 38128
9911 5 10519 35 60073 303 28772 28 38128
9911 5 10519 35 60073 277 28376 398 38128
9911 5 32101 300 62434 211 66245 385 38128
9911 5 32101 300 62434 211 52920 385 38128
9911 5 32101 300 62434 211 599 15 38128
9911 5 11756 300 59812 211 10306 271 38128
9911 5 11756 300 59812 211 5256 385 38128
9911 5 11756 300 59812 211 11658 385 38128
9911 5 11756 300 59812 211 11658 398 38128
9911 5 11756 300 59812 211 39896 15 38128
9911 5 11756 300 59812 211 39896 6 38128
9911 5 11756 300 59812 211 39896 398 38128
9911 5 11756 332 65853 31 15024 6 38128
9911 5 11756 332 65853 31 26151 6 38128
9911 5 11756 332 65853 31 31066 6 38128
9911 5 11756 332 65853 31 14736 385 38128
9911 5 11756 332 65853 31 59433 6 38128
9911 5 11756 332 65853 31 41162 6 38128
9911 5 11756 332 65853 31 73145 6 38128
9911 5 11756 332 65853 31 48224 6 38128
9911 5 11756 332 65853 31 24596 6 38128
9911 5 11756 332 65853 31 30522 6 38128
9911 5 11756 332 65853 31 23393 6 38128
9911 5 11756 332 29065 31 1823 15 38128
9911 5 11756 332 29065 31 1823 6 38128
9911 5 11756 332 29065 31 4399 6 38128
9911 5 11756 332 29065 31 42173 385 38128
9911 5 11756 332 29065 31 15471 6 38128
9911 5 11756 332 29065 31 20905 6 38128
9911 5 11756 345 58414 150 1334 15 38128
9911 5 11756 345 58414 150 1334 398 38128
9911 5 11756 265 23785 20 29827 64 38128
9911 5 72687 130 63974 271 586 6 38128
9911 249 53751 28 73592 277 26569 385 38128
9911 249 53751 28 73592 277 26569 398 38128
9911 249 53751 382 8039 6 65553 6 38128
9911 249 53751 382 8039 6 65553 277 38128
9911 249 53751 382 8039 6 65553 151 38128
9911 249 53751 255 6780 336 27108 385 38128
9911 249 53751 255 32685 336 7417 6 38128
9911 5 13437 80 38944 310 15756 271 55887 15 38128
9911 5 13437 80 38944 310 15756 271 55887 6 38128
9911 5 13437 80 38944 310 15756 271 55887 398 38128
9911 5 13437 80 38944 75 33054 277 40018 6 38128
9911 5 13437 85 17058 112 54168 254 20749 385 38128
9911 5 13437 85 17058 112 54168 254 14297 164 38128
9911 5 13437 85 17058 112 52008 15 32129 398 38128
9911 5 13437 85 17058 112 52008 15 32129 382 38128
9911 5 13437 85 17058 112 52008 141 73982 385 38128
9911 5 13437 265 19933 332 29052 31 7103 15 38128
9911 5 13437 265 19933 332 29052 31 7103 6 38128
9911 5 13437 265 19933 332 29064 31 26339 6 38128
9911 5 10896 85 74615 116 41876 23 53219 112 38128
9911 5 45843 37 22668 91 31083 217 29947 5 38128
9911 5 8511 382 2748 332 40313 31 17875 15 38128
9911 5 8511 382 2748 332 40313 31 17875 6 38128
9911 5 8511 382 2748 332 40313 31 17875 398 38128
9911 5 44022 15 63319 382 10141 6 59072 6 38128
9911 5 44022 15 63319 382 10141 6 32864 15 38128
9911 5 44022 15 63319 382 10141 6 32864 6 38128
9911 5 44022 15 63319 382 10141 6 12035 6 38128
9911 5 44022 15 63319 382 10141 6 12035 385 38128
9911 5 44022 15 63319 382 10141 6 44869 15 38128
9911 5 44022 15 63319 382 10141 6 44869 6 38128
9911 5 44022 15 63319 382 10141 6 68855 6 38128
9911 5 15254 15 1105 105 27339 172 12246 6 38128
9911 5 15254 15 1105 105 27339 172 12246 398 38128
9911 5 10519 203 15433 336 37269 97 75055 15 38128
9911 5 10519 203 15433 336 37269 97 75055 6 38128
9911 5 36348 80 32131 126 6576 356 51294 271 38128
9911 5 36348 80 32131 126 6576 356 51294 385 38128
9911 249 53751 252 6067 32 23798 75 322 6 38128
9911 249 53751 252 6067 32 23798 75 322 385 38128
9911 249 53751 252 6067 32 23798 75 322 398 38128
9911 249 53751 255 52103 398 5135 358 42522 6 38128
