9911 5 10896
9911 5 13437 80 38944 315 10896
9911 5 13437 80 38944 91 10896
9911 5 13437 85 17058 112 10896
9911 5 13437 85 17058 191 10896
9911 5 13437 85 64632 112 10896
9911 5 13437 85 64632 191 10896
9911 5 13437 265 19933 64 10896
9911 5 38128 265 60841 64 10896
9911 5 45843 83 3650 123 10896
9911 5 5190 85 74615 112 10896
9911 5 5190 85 74615 191 10896
9911 5 5190 384 25456 123 10896
9911 5 5190 117 3580 334 10896
9911 5 8511 296 48786 99 10896
9911 5 15254 265 62261 64 10896
9911 5 71797 265 20249 64 10896
9911 5 11756 358 4148 64 10896
9911 5 23800 384 6901 123 10896
9911 5 38128 104 69092 294 73103 123 10896
9911 5 15254 265 62261 161 23640 64 10896
9911 5 13437 80 38944 315 7149 384 61656 123 10896
