10896 85 74615
10896 374 74615
10896 217 9911 5 5190 85 74615
10896 217 9911 5 5190 374 74615
10896 217 9911 5 72687 85 74615
10896 217 9911 5 28573 85 74615
10896 217 9911 5 28573 374 74615
10896 296 48786 99 22832 85 74615
10896 85 17058 112 48177 85 74615
10896 85 17058 214 29425 158 74615
10896 85 17058 214 61779 158 74615
10896 85 17058 214 34791 158 74615
10896 85 17058 214 65296 158 74615
10896 85 17058 214 18731 158 74615
10896 85 17058 214 34951 158 74615
10896 85 17058 214 10558 158 74615
10896 85 64632 214 61068 158 74615
10896 85 64632 116 31606 23 74615
10896 384 3650 45 41876 23 74615
10896 265 60841 222 47100 85 74615
10896 217 9911 5 72687 15 39737 85 74615
10896 80 38944 354 57047 142 33691 85 74615
10896 85 64632 249 20622 116 16249 23 74615
10896 85 64632 249 20622 116 26883 23 74615
10896 85 64632 249 20622 116 74348 23 74615
10896 85 64632 249 48669 191 65265 374 74615
10896 384 25456 237 69083 45 45318 23 74615
10896 265 20249 392 63974 28 13492 85 74615
10896 265 20249 392 63974 28 13492 374 74615
10896 217 9911 5 5190 85 13698 116 64864 23 74615
10896 217 9911 5 5190 85 13698 116 10859 23 74615
10896 217 9911 249 53751 255 32685 151 70723 85 74615
