38128 85 17058
38128 374 17058
38128 398 52008 85 17058
38128 398 52008 374 17058
38128 15 63319 15 44022 85 17058
38128 15 63319 15 44022 374 17058
38128 15 63319 15 69304 85 17058
38128 15 63319 15 69304 374 17058
38128 15 63319 15 1293 85 17058
38128 15 63319 15 1293 374 17058
38128 15 63319 15 26509 85 17058
38128 15 63319 15 26509 374 17058
38128 15 63319 15 45970 85 17058
38128 15 63319 15 45970 374 17058
38128 15 63319 15 49641 85 17058
38128 15 63319 15 74368 85 17058
38128 15 63319 15 65877 85 17058
38128 15 63319 15 65877 374 17058
38128 15 63319 15 9678 85 17058
38128 15 63319 15 9678 374 17058
38128 15 70550 256 48065 85 17058
38128 15 70550 256 54168 85 17058
38128 15 70550 256 54168 374 17058
38128 15 22928 15 58113 85 17058
38128 15 22928 15 17215 85 17058
38128 15 22928 398 3890 85 17058
38128 15 22928 398 3890 374 17058
38128 15 22928 398 72849 85 17058
38128 15 22928 382 54070 85 17058
38128 15 22928 382 16174 85 17058
38128 15 22928 382 6422 85 17058
38128 15 22928 382 6983 85 17058
38128 15 22928 382 6983 374 17058
38128 252 21632 213 50130 158 17058
38128 382 2748 6 8511 85 17058
38128 382 2748 6 8511 374 17058
38128 382 2748 6 15254 85 17058
38128 382 2748 6 15254 374 17058
38128 382 2748 6 3354 85 17058
38128 382 2748 6 3354 374 17058
38128 382 2748 6 7077 85 17058
38128 382 2748 6 7077 374 17058
38128 382 2748 6 71797 85 17058
38128 382 2748 6 71797 374 17058
38128 382 2748 6 11756 85 17058
38128 382 2748 6 11756 374 17058
38128 382 2748 6 15104 85 17058
38128 382 2748 6 15104 374 17058
38128 382 2748 6 48679 85 17058
38128 382 2748 6 54296 85 17058
38128 382 2748 6 54296 374 17058
38128 382 2748 6 64733 85 17058
38128 382 2748 6 27545 85 17058
38128 382 2748 6 14148 85 17058
38128 382 69443 213 31702 158 17058
38128 300 62434 211 32101 85 17058
38128 300 62434 211 72687 85 17058
38128 300 62434 211 72687 374 17058
38128 217 9911 5 13437 85 17058
38128 217 9911 5 10896 85 17058
38128 217 9911 5 10896 374 17058
38128 217 9911 5 48029 85 17058
38128 217 9911 5 40683 374 17058
38128 217 9911 5 52094 85 17058
38128 217 9911 5 48195 85 17058
38128 217 9911 5 45843 85 17058
38128 217 9911 5 45843 374 17058
38128 217 9911 5 1834 85 17058
38128 217 9911 5 1834 374 17058
38128 217 9911 5 27648 85 17058
38128 217 9911 5 69613 85 17058
38128 217 9911 5 5190 85 17058
38128 217 9911 5 21064 85 17058
38128 217 9911 5 42549 85 17058
38128 217 9911 5 8059 85 17058
38128 217 9911 5 336 85 17058
38128 217 9911 5 32276 85 17058
38128 217 9911 5 32276 374 17058
38128 217 9911 5 35283 85 17058
38128 217 9911 5 47937 85 17058
38128 217 9911 5 2913 85 17058
38128 217 9911 5 2913 374 17058
38128 217 9911 5 40993 85 17058
38128 217 9911 5 40993 374 17058
38128 217 9911 5 18482 85 17058
38128 217 9911 5 60675 85 17058
38128 217 9911 5 56943 85 17058
38128 217 9911 5 56943 374 17058
38128 217 9911 5 34882 85 17058
38128 217 9911 5 69324 85 17058
38128 217 9911 5 69324 374 17058
38128 217 9911 5 8593 85 17058
38128 217 9911 5 8593 374 17058
38128 217 9911 5 25205 85 17058
38128 217 9911 5 42467 85 17058
38128 217 9911 5 42467 374 17058
38128 217 9911 5 27581 85 17058
38128 217 9911 5 11635 85 17058
38128 217 9911 5 11635 374 17058
38128 217 9911 5 36348 85 17058
38128 217 9911 5 36348 374 17058
38128 217 9911 5 51442 85 17058
38128 217 9911 5 11783 85 17058
38128 217 9911 5 39066 85 17058
38128 217 9911 5 39066 374 17058
38128 217 9911 5 28573 85 17058
38128 217 9911 5 28573 374 17058
38128 217 9911 5 55218 85 17058
38128 217 9911 5 23800 85 17058
38128 217 9911 5 23800 374 17058
38128 217 9911 5 10797 85 17058
38128 217 9911 5 17439 85 17058
38128 217 9911 5 30988 85 17058
38128 217 9911 5 30988 374 17058
38128 217 9911 5 33316 85 17058
38128 217 9911 5 22471 85 17058
38128 217 9911 5 52707 85 17058
38128 217 9911 5 68577 85 17058
38128 217 9911 5 8318 85 17058
38128 217 9911 5 50547 85 17058
38128 217 9911 5 71904 85 17058
38128 217 9911 5 17712 85 17058
38128 217 9911 5 65682 85 17058
38128 217 9911 5 60434 85 17058
38128 217 9911 5 50538 85 17058
38128 217 9911 5 66068 85 17058
38128 217 9911 5 2372 85 17058
38128 217 9911 5 23327 85 17058
38128 217 9911 5 57982 85 17058
38128 217 9911 5 69700 85 17058
38128 217 9911 5 69700 374 17058
38128 217 9911 5 71447 85 17058
38128 217 9911 5 50683 85 17058
38128 217 9911 5 20363 85 17058
38128 217 9911 5 52278 85 17058
38128 217 9911 5 15495 85 17058
38128 217 9911 5 56811 85 17058
38128 217 9911 5 59497 85 17058
38128 80 38944 315 44827 85 17058
38128 80 38944 315 44827 374 17058
38128 80 38944 315 74415 85 17058
38128 80 38944 315 74415 374 17058
38128 80 38944 315 4484 85 17058
38128 80 38944 315 379 85 17058
38128 80 38944 315 43442 85 17058
38128 80 38944 315 43442 374 17058
38128 80 38944 315 30008 85 17058
38128 80 38944 315 37321 85 17058
38128 80 38944 315 37321 374 17058
38128 80 38944 315 29895 85 17058
38128 80 38944 315 74833 85 17058
38128 80 38944 315 74833 374 17058
38128 80 38944 315 51641 85 17058
38128 80 38944 315 63596 85 17058
38128 80 38944 315 28869 85 17058
38128 80 38944 315 20414 85 17058
38128 80 38944 315 8648 85 17058
38128 80 38944 315 59184 85 17058
38128 80 38944 315 59184 374 17058
38128 80 38944 315 38183 85 17058
38128 80 38944 315 38183 374 17058
38128 80 38944 315 73929 85 17058
38128 80 38944 315 6225 85 17058
38128 80 38944 315 41106 85 17058
38128 80 38944 315 27206 374 17058
38128 80 38944 315 53895 85 17058
38128 80 38944 315 46565 85 17058
38128 80 38944 315 14942 85 17058
38128 80 38944 315 14942 374 17058
38128 80 38944 315 59147 85 17058
38128 80 38944 315 59147 374 17058
38128 80 38944 315 35347 85 17058
38128 80 38944 315 35347 374 17058
38128 80 38944 315 51254 85 17058
38128 80 38944 315 34523 85 17058
38128 80 38944 315 58671 85 17058
38128 80 38944 315 67299 85 17058
38128 80 38944 315 67299 374 17058
38128 80 38944 315 35333 85 17058
38128 80 38944 315 53965 85 17058
38128 80 38944 315 53965 374 17058
38128 80 38944 315 41435 85 17058
38128 80 38944 315 60451 85 17058
38128 80 38944 315 56083 85 17058
38128 80 38944 315 23721 85 17058
38128 80 38944 315 34230 85 17058
38128 80 38944 315 34230 374 17058
38128 80 38944 315 47612 85 17058
38128 80 38944 315 44372 85 17058
38128 80 38944 315 18896 85 17058
38128 80 38944 315 18896 374 17058
38128 80 38944 315 1927 85 17058
38128 80 38944 315 15778 85 17058
38128 80 38944 315 48284 85 17058
38128 80 38944 315 48284 374 17058
38128 80 38944 315 49811 85 17058
38128 80 38944 315 66141 85 17058
38128 80 38944 315 29777 85 17058
38128 80 38944 315 29777 374 17058
38128 80 38944 315 39576 374 17058
38128 80 38944 315 20839 85 17058
38128 80 38944 315 17077 85 17058
38128 80 38944 315 49068 85 17058
38128 80 38944 315 50899 85 17058
38128 80 38944 315 50899 374 17058
38128 80 38944 315 69960 85 17058
38128 80 38944 315 69960 374 17058
38128 80 38944 315 32059 85 17058
38128 80 38944 315 4901 85 17058
38128 80 38944 315 4901 374 17058
38128 80 38944 315 33067 85 17058
38128 80 38944 315 72185 85 17058
38128 80 38944 315 72185 374 17058
38128 80 38944 315 63292 85 17058
38128 80 38944 315 22955 85 17058
38128 80 38944 315 13352 85 17058
38128 80 38944 315 52017 85 17058
38128 80 38944 315 11018 85 17058
38128 80 38944 315 11018 374 17058
38128 80 38944 315 46327 85 17058
38128 80 38944 315 46327 374 17058
38128 80 38944 315 45342 85 17058
38128 80 38944 315 40647 85 17058
38128 80 38944 315 40647 374 17058
38128 80 38944 315 28684 85 17058
38128 80 38944 315 28684 374 17058
38128 80 38944 315 19858 85 17058
38128 80 38944 315 19858 374 17058
38128 80 38944 315 50871 85 17058
38128 80 38944 315 38996 85 17058
38128 80 38944 315 41863 85 17058
38128 80 38944 315 21419 85 17058
38128 80 38944 315 41792 85 17058
38128 80 38944 315 17660 85 17058
38128 80 38944 315 43370 85 17058
38128 80 38944 315 29273 85 17058
38128 80 38944 315 64860 85 17058
38128 80 38944 315 27576 85 17058
38128 80 38944 315 75039 85 17058
38128 80 38944 315 75039 374 17058
38128 80 38944 315 42081 85 17058
38128 80 38944 315 42081 374 17058
38128 80 38944 315 44353 85 17058
38128 80 38944 315 44353 374 17058
38128 80 38944 315 68309 85 17058
38128 80 38944 315 43599 85 17058
38128 80 38944 315 43599 374 17058
38128 80 38944 315 15555 85 17058
38128 80 38944 315 71212 85 17058
38128 80 38944 315 38408 85 17058
38128 80 38944 315 72323 85 17058
38128 80 38944 315 43072 85 17058
38128 80 38944 315 49263 85 17058
38128 80 38944 315 19849 85 17058
38128 80 38944 315 42552 85 17058
38128 80 38944 315 58754 85 17058
38128 80 38944 315 34512 85 17058
38128 80 38944 315 47716 85 17058
38128 80 38944 315 47716 374 17058
38128 80 38944 315 64542 85 17058
38128 80 38944 315 57926 85 17058
38128 80 38944 315 57926 374 17058
38128 80 38944 315 70937 85 17058
38128 80 38944 315 70937 374 17058
38128 80 38944 315 6444 85 17058
38128 80 38944 315 6444 374 17058
38128 80 38944 315 36746 85 17058
38128 80 38944 315 32844 85 17058
38128 80 38944 315 54397 85 17058
38128 80 38944 315 54397 374 17058
38128 80 38944 315 67057 85 17058
38128 80 38944 91 68320 85 17058
38128 80 38944 91 68320 374 17058
38128 80 38944 91 17171 85 17058
38128 80 38944 91 17171 374 17058
38128 80 38944 91 32904 85 17058
38128 80 38944 91 32904 374 17058
38128 80 38944 91 54351 85 17058
38128 80 38944 91 35279 85 17058
38128 80 38944 91 66933 85 17058
38128 80 38944 91 66933 374 17058
38128 80 38944 91 62641 85 17058
38128 80 38944 91 62758 85 17058
38128 80 38944 91 16744 85 17058
38128 379 1483 88 8260 85 17058
38128 379 1483 88 8260 374 17058
38128 379 1483 88 47423 85 17058
38128 379 1483 88 49073 374 17058
38128 379 1483 88 11324 85 17058
38128 379 1483 88 11324 374 17058
38128 379 1483 88 68575 85 17058
38128 379 1483 88 41507 374 17058
38128 379 1483 88 7244 85 17058
38128 379 1483 88 7244 374 17058
38128 379 1483 88 55846 85 17058
38128 85 64632 112 26733 85 17058
38128 85 64632 112 37778 85 17058
38128 85 64632 112 10965 85 17058
38128 85 64632 112 45692 85 17058
38128 85 64632 112 51109 85 17058
38128 85 64632 112 51109 374 17058
38128 85 64632 112 26998 85 17058
38128 85 64632 112 18499 85 17058
38128 85 64632 112 10503 85 17058
38128 85 64632 112 55784 85 17058
38128 85 64632 112 55784 374 17058
38128 85 64632 112 45305 85 17058
38128 85 64632 112 38197 85 17058
38128 85 64632 303 50565 374 17058
38128 85 64632 214 48411 158 17058
38128 85 64632 214 65046 158 17058
38128 85 64632 214 62073 158 17058
38128 85 64632 214 69052 158 17058
38128 85 64632 214 45336 158 17058
38128 85 64632 214 16108 158 17058
38128 85 64632 214 2535 158 17058
38128 85 64632 214 40424 158 17058
38128 85 64632 214 55642 158 17058
38128 85 64632 214 12019 158 17058
38128 85 64632 214 22378 158 17058
38128 85 64632 214 26912 158 17058
38128 85 64632 214 177 158 17058
38128 85 64632 214 33131 158 17058
38128 85 64632 214 34893 158 17058
38128 85 64632 214 64129 158 17058
38128 85 64632 214 35752 158 17058
38128 85 64632 214 42464 158 17058
38128 85 64632 214 9086 158 17058
38128 85 64632 214 32090 158 17058
38128 85 64632 214 24485 158 17058
38128 85 64632 214 32466 158 17058
38128 85 64632 214 9905 158 17058
38128 85 64632 214 70711 158 17058
38128 85 64632 214 43843 158 17058
38128 85 64632 214 3178 158 17058
38128 85 64632 214 23888 158 17058
38128 85 64632 214 27223 158 17058
38128 85 64632 214 49013 158 17058
38128 85 64632 214 70255 158 17058
38128 85 64632 214 46057 158 17058
38128 85 64632 214 38039 158 17058
38128 85 64632 214 34246 158 17058
38128 85 64632 214 38812 158 17058
38128 85 64632 214 42171 158 17058
38128 85 64632 214 9481 158 17058
38128 85 64632 214 24114 158 17058
38128 85 64632 214 22268 158 17058
38128 85 64632 214 38952 158 17058
38128 85 64632 214 63269 158 17058
38128 85 64632 214 34791 158 17058
38128 85 64632 214 49558 158 17058
38128 85 64632 214 36298 158 17058
38128 85 64632 214 55514 158 17058
38128 85 64632 214 48327 158 17058
38128 85 64632 214 34432 158 17058
38128 85 64632 214 59783 158 17058
38128 85 64632 214 15175 158 17058
38128 85 64632 214 41889 158 17058
38128 85 64632 214 32615 158 17058
38128 85 64632 214 53789 158 17058
38128 85 64632 214 5288 158 17058
38128 85 64632 214 40785 158 17058
38128 85 64632 214 1669 158 17058
38128 85 64632 214 64390 158 17058
38128 85 64632 214 58834 158 17058
38128 85 64632 214 47180 158 17058
38128 85 64632 214 38314 158 17058
38128 85 64632 214 33097 158 17058
38128 85 64632 214 48408 158 17058
38128 85 64632 214 54644 158 17058
38128 85 64632 214 37498 158 17058
38128 85 64632 214 22193 158 17058
38128 85 64632 214 47736 158 17058
38128 85 64632 214 28367 158 17058
38128 85 64632 214 24238 158 17058
38128 85 64632 214 53395 158 17058
38128 85 64632 214 35205 158 17058
38128 85 64632 214 57645 158 17058
38128 85 64632 214 13998 158 17058
38128 85 64632 214 18246 158 17058
38128 85 64632 214 68537 158 17058
38128 85 64632 214 41057 158 17058
38128 85 64632 214 2657 158 17058
38128 85 64632 214 73845 158 17058
38128 85 64632 214 33757 158 17058
38128 85 64632 214 32889 158 17058
38128 85 64632 214 71711 158 17058
38128 85 64632 214 41420 158 17058
38128 85 64632 214 27841 158 17058
38128 85 64632 214 61038 158 17058
38128 85 64632 214 51634 158 17058
38128 85 64632 214 46426 158 17058
38128 85 64632 214 44331 158 17058
38128 85 64632 214 40535 158 17058
38128 85 64632 214 51590 158 17058
38128 85 64632 214 28485 158 17058
38128 85 64632 214 50243 158 17058
38128 85 64632 214 72257 158 17058
38128 85 64632 214 5497 158 17058
38128 85 64632 214 8796 158 17058
38128 85 64632 214 57000 158 17058
38128 85 64632 214 54621 158 17058
38128 85 64632 214 25970 158 17058
38128 85 64632 214 3806 158 17058
38128 85 64632 214 21487 158 17058
38128 85 64632 214 11626 158 17058
38128 85 64632 214 10558 158 17058
38128 85 64632 214 73303 158 17058
38128 85 64632 214 9840 158 17058
38128 85 64632 214 27532 158 17058
38128 85 64632 214 32127 158 17058
38128 85 64632 214 11977 158 17058
38128 85 64632 214 45841 158 17058
38128 85 64632 214 53038 158 17058
38128 85 64632 214 2523 158 17058
38128 85 64632 214 8170 158 17058
38128 85 64632 214 69214 158 17058
38128 85 64632 214 66928 158 17058
38128 85 64632 214 41980 158 17058
38128 85 64632 214 20966 158 17058
38128 85 64632 214 51063 158 17058
38128 85 64632 214 65892 158 17058
38128 85 64632 214 56651 158 17058
38128 85 64632 214 61992 158 17058
38128 85 64632 214 22477 158 17058
38128 85 64632 214 43365 158 17058
38128 85 64632 214 26135 158 17058
38128 374 19769 112 22832 85 17058
38128 265 69931 64 57647 85 17058
38128 141 14736 385 38490 85 17058
38128 15 70550 332 1705 31 15838 158 17058
38128 15 70550 332 65855 31 41526 158 17058
38128 15 70550 75 33054 277 48177 85 17058
38128 15 26569 194 70065 239 53084 374 17058
38128 15 322 252 23798 28 22156 374 17058
38128 15 28376 294 50528 28 6706 374 17058
38128 252 21632 213 5320 44 23871 158 17058
38128 252 21632 213 5320 44 38741 158 17058
38128 252 21632 213 5320 44 31647 158 17058
38128 252 21632 213 5320 44 8645 158 17058
38128 252 21632 213 5320 44 43734 158 17058
38128 252 21632 213 5320 44 67798 158 17058
38128 398 52008 217 17518 5 370 374 17058
38128 398 52008 217 17518 5 57132 374 17058
38128 398 45713 296 20492 99 6654 85 17058
38128 382 8039 303 25928 338 5567 85 17058
38128 382 8039 303 25928 338 5567 374 17058
38128 382 2748 6 3354 330 20834 85 17058
38128 382 69443 336 41015 213 51108 158 17058
38128 382 69443 336 38002 213 1592 158 17058
38128 300 62434 211 31485 91 73553 85 17058
38128 300 62434 211 31485 91 73553 374 17058
38128 300 62434 211 3650 123 13120 85 17058
38128 300 62434 211 3650 124 58864 374 17058
38128 217 9911 5 28573 46 55281 85 17058
38128 217 9911 249 61067 256 69422 85 17058
38128 80 38944 315 21419 281 12908 85 17058
38128 85 64632 249 4114 5 47016 85 17058
38128 85 64632 249 4114 5 47016 374 17058
38128 85 64632 214 9086 210 65966 158 17058
38128 85 64632 214 9086 210 68831 158 17058
38128 85 64632 214 9086 210 44548 158 17058
38128 85 64632 214 9086 210 17209 158 17058
38128 85 64632 214 9086 210 32257 158 17058
38128 85 64632 214 9086 210 69957 158 17058
38128 85 64632 214 9086 210 10744 158 17058
38128 85 64632 214 9086 210 57311 158 17058
38128 85 64632 214 9086 210 3189 158 17058
38128 85 64632 214 9086 210 53222 158 17058
38128 85 64632 214 9086 210 58097 158 17058
38128 85 64632 214 9086 210 71374 158 17058
38128 85 64632 214 9086 210 32713 158 17058
38128 85 64632 214 9086 210 64418 158 17058
38128 85 64632 214 9086 210 24728 158 17058
38128 85 64632 214 9086 210 56397 158 17058
38128 85 64632 214 9086 210 39904 158 17058
38128 85 64632 214 9086 210 61044 158 17058
38128 85 64632 214 9086 210 28808 158 17058
38128 85 64632 214 9086 210 50920 158 17058
38128 85 64632 214 9086 210 40385 158 17058
38128 85 64632 214 9086 210 74253 158 17058
38128 85 64632 214 9086 210 65576 158 17058
38128 85 64632 214 9086 210 34593 158 17058
38128 85 64632 214 9086 210 946 158 17058
38128 85 64632 214 9086 210 39452 158 17058
38128 85 64632 214 9086 210 23075 158 17058
38128 85 64632 214 9086 210 60844 158 17058
38128 85 64632 214 9086 210 29066 158 17058
38128 85 64632 214 9086 210 23626 158 17058
38128 85 64632 214 9086 210 22672 158 17058
38128 85 64632 214 9086 210 31698 158 17058
38128 85 64632 214 9086 210 58879 158 17058
38128 85 64632 214 9086 210 57901 158 17058
38128 85 64632 214 9086 210 72094 158 17058
38128 85 64632 214 9086 210 52563 158 17058
38128 85 64632 214 9086 210 13132 158 17058
38128 85 64632 214 9086 210 6006 158 17058
38128 85 64632 214 9086 210 57246 158 17058
38128 85 64632 214 9086 210 18731 158 17058
38128 85 64632 214 70255 144 54194 158 17058
38128 85 64632 214 63269 210 48349 158 17058
38128 85 64632 214 63269 210 22633 158 17058
38128 85 64632 214 63269 210 63908 158 17058
38128 85 64632 214 63269 210 29425 158 17058
38128 85 64632 214 63269 210 74249 158 17058
38128 85 64632 214 63269 210 52333 158 17058
38128 85 64632 214 63269 210 52797 158 17058
38128 85 64632 214 63269 210 8399 158 17058
38128 85 64632 214 63269 210 64176 158 17058
38128 85 64632 214 63269 210 2023 158 17058
38128 85 64632 214 63269 210 24539 158 17058
38128 85 64632 214 63269 210 25052 158 17058
38128 85 64632 214 63269 210 2458 158 17058
38128 85 64632 214 63269 210 22740 158 17058
38128 85 64632 214 63269 210 42852 158 17058
38128 85 64632 214 63269 210 40511 158 17058
38128 85 64632 214 24238 355 12274 158 17058
38128 85 64632 214 13998 210 18320 158 17058
38128 85 64632 214 13998 210 44259 158 17058
38128 85 64632 214 13998 210 15540 158 17058
38128 85 64632 214 13998 210 39988 158 17058
38128 85 64632 214 13998 210 51404 158 17058
38128 85 64632 214 13998 210 70375 158 17058
38128 85 64632 214 13998 210 61779 158 17058
38128 85 64632 214 13998 210 73578 158 17058
38128 85 64632 214 73845 210 38346 158 17058
38128 85 64632 214 44331 210 12847 158 17058
38128 85 64632 214 44331 210 51306 158 17058
38128 85 64632 214 44331 210 23926 158 17058
38128 85 64632 214 10558 355 14771 158 17058
38128 85 64632 214 10558 355 32716 158 17058
38128 85 64632 214 41980 144 65521 158 17058
38128 265 69931 147 17373 164 14651 374 17058
38128 265 69931 147 17373 105 32058 374 17058
38128 104 69092 75 22668 91 15494 85 17058
38128 104 69092 75 22668 91 16049 85 17058
38128 104 69092 75 22668 91 47449 85 17058
38128 104 69092 75 22668 91 47449 374 17058
38128 104 69092 75 22668 91 61001 85 17058
38128 104 69092 75 22668 91 61001 374 17058
38128 104 69092 75 22668 91 51290 85 17058
38128 104 69092 75 22668 91 70540 374 17058
38128 104 69092 75 22668 91 15282 85 17058
38128 104 69092 75 22668 91 3463 374 17058
38128 104 69092 75 22668 91 44735 85 17058
38128 104 69092 75 22668 91 44735 374 17058
38128 104 69092 294 48279 75 63098 374 17058
38128 104 69092 294 19933 64 8489 85 17058
38128 15 63319 15 44022 85 13535 191 7397 374 17058
38128 15 63319 15 44022 117 3580 334 69541 85 17058
38128 15 63319 15 44022 117 3580 334 69541 374 17058
38128 15 63319 15 44022 117 3580 334 46614 85 17058
38128 15 63319 15 1293 85 11175 214 1069 158 17058
38128 15 63319 15 1293 85 11175 214 42936 158 17058
38128 15 63319 15 1293 85 11175 214 34951 158 17058
38128 15 63319 15 1293 85 11175 214 44619 158 17058
38128 15 63319 15 1293 85 11175 214 11661 158 17058
38128 15 63319 15 1293 85 11175 214 51733 158 17058
38128 15 63319 15 1293 85 11175 214 61494 158 17058
38128 15 63319 15 1293 292 52898 338 6836 85 17058
38128 15 63319 15 26509 296 73136 99 74695 85 17058
38128 15 63319 15 26509 296 73136 99 74695 374 17058
38128 15 63319 398 15252 194 53214 239 67592 374 17058
38128 15 70550 300 59812 110 22834 256 71517 85 17058
38128 15 70550 300 59812 110 22834 256 71517 374 17058
38128 15 70550 300 59812 110 74047 381 16345 374 17058
38128 15 70550 332 65855 31 38325 123 45221 85 17058
38128 15 70550 332 65853 31 20513 44 67963 158 17058
38128 15 70550 332 65857 31 34687 303 43598 158 17058
38128 15 22928 15 17215 345 12551 150 54774 85 17058
38128 15 22928 15 17215 345 12551 150 54774 374 17058
38128 300 62434 211 72687 85 74615 214 65296 158 17058
38128 80 38944 315 16193 209 13892 390 18764 85 17058
38128 80 38944 315 34625 292 44302 338 72023 374 17058
38128 80 38944 315 39226 296 49789 99 39606 85 17058
38128 85 53219 116 41876 23 3033 214 53674 158 17058
38128 85 64632 214 48411 158 30818 214 68083 158 17058
38128 85 64632 214 48411 158 30818 214 10590 158 17058
38128 85 64632 214 48411 158 30818 214 32002 158 17058
38128 85 64632 214 48411 158 30818 214 58722 158 17058
38128 85 64632 214 48411 158 30818 214 50001 158 17058
38128 85 64632 214 48411 158 30818 214 23602 158 17058
38128 85 64632 214 48411 158 30818 214 55043 158 17058
38128 85 64632 214 48411 158 30818 214 29927 158 17058
38128 85 64632 214 48411 158 30818 214 53124 158 17058
38128 85 64632 214 42464 355 54505 44 30049 158 17058
38128 85 64632 214 9086 210 62860 210 61537 158 17058
38128 85 64632 214 9086 210 67443 144 34104 158 17058
38128 85 64632 214 32889 121 29392 213 17361 158 17058
38128 15 70550 297 61222 231 2168 75 53196 162 55045 85 17058
38128 15 70550 297 61222 231 53060 392 35308 213 59174 158 17058
38128 300 62434 211 21109 155 39783 151 28250 35 12053 213 31828 158 17058
