48029 85 19769
48029 217 9911 5 38128 374 19769
48029 217 9911 5 5190 85 19769
48029 217 9911 5 8511 85 19769
48029 217 9911 5 15254 85 19769
48029 217 9911 5 15254 374 19769
48029 217 9911 5 7077 85 19769
48029 217 9911 5 3217 85 19769
48029 217 9911 5 71797 85 19769
48029 217 9911 5 47937 85 19769
48029 217 9911 5 2913 85 19769
48029 217 9911 5 2913 374 19769
48029 217 9911 5 72687 85 19769
48029 217 9911 5 72687 374 19769
48029 217 9911 5 6983 85 19769
48029 217 9911 5 6983 374 19769
48029 217 9911 5 54296 85 19769
48029 217 9911 5 37057 85 19769
48029 217 9911 5 71447 85 19769
48029 217 9911 5 9678 85 19769
48029 80 38944 315 15778 85 19769
48029 80 38944 315 41792 85 19769
48029 85 17058 112 22832 85 19769
48029 85 17058 112 22832 374 19769
48029 85 17058 214 73845 158 19769
48029 85 64632 112 22868 85 19769
