8078 292 52898
8078 379 66239 88 69820 352 52898
8078 379 66239 88 8487 352 52898
8078 379 66239 88 35110 352 52898
8078 379 66239 88 36992 352 52898
8078 379 66239 88 65618 117 52898
8078 379 66239 88 67892 117 52898
8078 379 66239 88 69820 15 39737 292 52898
8078 379 66239 88 69820 257 61599 292 52898
8078 379 66239 88 69820 257 35542 352 52898
8078 379 66239 88 69820 257 64351 117 52898
8078 379 66239 88 69820 270 30647 352 52898
8078 379 66239 88 24437 257 58242 352 52898
8078 379 66239 88 8487 270 9624 352 52898
8078 379 66239 88 8487 270 12244 352 52898
8078 379 66239 88 8487 270 12323 352 52898
8078 379 66239 88 8487 270 35743 292 52898
8078 379 66239 88 8487 257 47100 352 52898
8078 379 66239 88 5496 358 17726 28 52898
8078 379 66239 88 36227 257 55597 352 52898
8078 379 66239 88 70739 270 36669 352 52898
8078 379 66239 88 65618 270 54654 352 52898
8078 379 66239 88 65618 270 22142 292 52898
8078 379 66239 88 65618 270 54934 292 52898
8078 379 66239 88 65618 270 35187 352 52898
8078 379 66239 88 65618 270 10987 352 52898
8078 379 66239 88 65618 270 21633 352 52898
8078 379 66239 88 65618 270 17545 352 52898
8078 379 66239 88 65618 270 38553 292 52898
8078 379 66239 88 65618 270 4791 292 52898
8078 379 66239 88 65618 270 12674 292 52898
8078 379 66239 88 65618 270 70326 292 52898
8078 379 66239 88 65618 270 68694 352 52898
8078 379 66239 88 65618 270 70304 292 52898
8078 379 66239 88 65618 270 66795 292 52898
8078 379 66239 88 65618 270 69539 292 52898
8078 379 66239 88 65618 270 66926 292 52898
8078 379 66239 88 65618 270 15758 352 52898
8078 379 66239 88 65618 270 30990 292 52898
8078 379 66239 88 65618 270 37305 292 52898
8078 379 66239 88 65618 270 75270 352 52898
8078 379 66239 88 65618 270 21859 352 52898
8078 379 66239 88 3193 15 32963 292 52898
8078 379 66239 88 3193 270 48666 352 52898
8078 379 66239 88 3193 270 26673 352 52898
8078 379 66239 88 3193 270 50031 352 52898
8078 379 66239 88 3193 270 48340 292 52898
8078 379 66239 88 3193 270 69084 352 52898
8078 379 66239 88 3193 270 58424 352 52898
8078 379 66239 88 3193 270 22706 352 52898
8078 379 66239 88 3193 270 1173 352 52898
8078 379 66239 88 3193 270 43496 352 52898
8078 379 66239 88 3193 270 42130 292 52898
8078 379 66239 88 3193 270 3600 292 52898
8078 379 66239 88 3193 270 37360 352 52898
8078 379 66239 88 3193 270 9488 292 52898
8078 379 66239 88 3193 270 60216 352 52898
8078 379 66239 88 3193 270 63831 352 52898
8078 379 66239 88 3193 270 9272 292 52898
8078 379 66239 88 3193 270 70124 352 52898
8078 379 66239 88 3193 270 10969 352 52898
8078 379 66239 88 3193 270 24454 352 52898
8078 379 66239 88 3193 270 16436 292 52898
8078 379 66239 88 3193 270 63177 352 52898
8078 379 66239 88 3193 270 23983 352 52898
8078 379 66239 88 3193 270 53582 352 52898
8078 379 66239 88 3193 270 39102 292 52898
8078 379 66239 88 3193 270 19669 352 52898
8078 379 66239 88 3193 270 66036 352 52898
8078 379 66239 88 3193 270 65036 352 52898
8078 379 66239 88 3193 270 18746 352 52898
8078 379 66239 88 3193 270 10347 352 52898
8078 379 66239 88 3193 270 57213 352 52898
8078 379 66239 88 3193 270 33691 117 52898
8078 379 66239 88 3193 270 33691 352 52898
8078 379 66239 211 12741 369 33054 277 52898
8078 379 66239 211 12741 369 33054 151 52898
8078 379 66239 211 1444 222 70261 292 52898
8078 379 66239 211 1444 142 50194 292 52898
8078 379 66239 211 1444 142 37564 352 52898
8078 379 66239 211 1444 142 44202 352 52898
8078 379 66239 211 1444 142 31733 292 52898
8078 379 66239 211 1444 142 56983 352 52898
8078 379 66239 211 1444 142 28487 292 52898
8078 379 66239 211 1444 142 24185 117 52898
8078 379 66239 211 1444 142 14907 292 52898
8078 379 66239 211 1444 142 71632 352 52898
8078 379 66239 211 1444 142 28111 292 52898
8078 379 66239 211 1444 142 34645 292 52898
8078 379 66239 211 1444 142 50447 352 52898
8078 379 66239 211 1444 142 70085 292 52898
8078 379 66239 211 1444 142 6260 292 52898
8078 379 66239 211 1444 142 48160 352 52898
8078 379 66239 211 1444 142 58385 352 52898
8078 379 66239 211 1444 142 48321 352 52898
8078 379 66239 211 1444 142 60345 352 52898
8078 379 66239 211 1444 142 50950 352 52898
8078 379 66239 211 1444 142 50967 352 52898
8078 379 66239 211 1444 142 38769 352 52898
8078 379 66239 211 1444 142 7919 292 52898
8078 379 66239 211 1444 142 31534 292 52898
8078 379 66239 211 1444 142 29474 352 52898
8078 379 66239 211 1444 142 51242 352 52898
8078 379 66239 211 1444 142 10087 352 52898
8078 379 66239 211 1444 142 39258 292 52898
8078 379 66239 211 1444 142 17015 292 52898
8078 379 66239 211 1444 142 66635 292 52898
8078 379 66239 211 1444 142 47953 292 52898
8078 379 66239 211 1444 142 24957 292 52898
8078 379 66239 211 1444 142 45478 292 52898
8078 379 66239 211 67791 15 22177 117 52898
8078 379 66239 211 67791 15 58565 292 52898
8078 379 66239 211 15756 142 37275 117 52898
8078 379 66239 211 15756 142 2859 292 52898
8078 379 66239 88 6330 379 1483 88 38464 292 52898
8078 379 66239 88 6330 379 1483 88 57273 292 52898
8078 379 66239 88 6330 296 20492 99 5889 352 52898
8078 379 66239 88 6330 296 20492 99 51209 352 52898
8078 379 66239 88 6330 296 20492 99 17494 352 52898
8078 379 66239 88 6330 296 20492 99 1970 352 52898
8078 379 66239 88 50323 382 42248 6 55965 117 52898
8078 379 66239 88 50323 217 59220 5 69085 292 52898
8078 379 66239 88 50323 217 59220 5 50070 292 52898
8078 379 66239 88 50323 217 59220 5 38169 292 52898
8078 379 66239 88 50323 217 59220 361 60743 292 52898
8078 379 66239 88 20839 80 38944 315 1293 292 52898
8078 379 66239 88 20839 80 38944 315 32059 292 52898
8078 379 66239 88 20839 80 38944 315 22927 292 52898
8078 379 66239 88 20839 80 38944 315 32844 292 52898
8078 379 66239 88 20839 80 38944 91 26212 352 52898
8078 379 66239 88 20839 80 38944 91 56811 292 52898
8078 379 66239 88 20839 85 17058 112 38490 292 52898
8078 379 66239 88 20839 85 17058 112 5567 292 52898
8078 379 66239 88 20839 85 17058 112 6836 292 52898
8078 379 66239 88 34418 15 44125 15 31592 292 52898
8078 379 66239 88 69820 15 39737 15 50552 292 52898
8078 379 66239 88 69820 332 29065 31 51218 292 52898
8078 379 66239 88 69820 292 59060 338 33124 292 52898
8078 379 66239 88 69820 292 25928 338 11410 292 52898
8078 379 66239 88 69820 292 25928 338 71695 292 52898
8078 379 66239 88 69820 292 25928 65 70394 352 52898
8078 379 66239 88 69820 292 44302 338 15627 292 52898
8078 379 66239 88 69820 104 61222 142 17285 292 52898
8078 379 66239 88 69820 104 61222 142 63348 352 52898
8078 379 66239 88 69820 104 61222 142 28489 292 52898
8078 379 66239 88 69820 104 61222 142 45047 292 52898
8078 379 66239 88 69820 257 59591 270 68307 292 52898
8078 379 66239 88 69820 257 28020 270 14450 352 52898
8078 379 66239 88 69820 257 28020 257 12358 292 52898
8078 379 66239 88 69820 257 28020 257 49754 292 52898
8078 379 66239 88 69820 352 64473 65 57721 292 52898
8078 379 66239 88 69820 352 64473 65 13185 292 52898
8078 379 66239 88 8487 270 35743 270 11304 292 52898
8078 379 66239 88 8487 270 64441 270 1073 292 52898
8078 379 66239 88 8487 292 48947 65 57803 352 52898
8078 379 66239 88 8487 104 71850 142 8204 292 52898
8078 379 66239 88 8487 104 71850 142 34896 292 52898
8078 379 66239 88 8487 352 10680 338 68724 292 52898
8078 379 66239 88 8487 352 10680 338 46622 292 52898
8078 379 66239 88 8487 352 10680 338 28097 292 52898
8078 379 66239 88 5496 384 11708 142 52832 292 52898
8078 379 66239 88 36992 292 41716 338 36067 292 52898
8078 379 66239 88 36992 292 41716 338 26690 292 52898
8078 379 66239 88 65618 270 18549 15 54873 292 52898
8078 379 66239 88 4070 254 55044 5 7231 292 52898
8078 379 66239 88 4070 254 55044 361 67187 292 52898
8078 379 66239 211 24058 196 8453 151 6254 117 52898
8078 379 66239 211 24058 196 8453 151 6254 292 52898
8078 379 66239 211 47724 237 69083 142 52851 352 52898
8078 379 66239 211 47724 115 8335 142 18532 292 52898
8078 379 66239 211 31910 52 22368 142 43355 292 52898
8078 379 66239 88 20839 80 38944 315 6444 209 394 292 52898
8078 379 66239 88 69820 15 39737 37 34480 142 60343 292 52898
8078 379 66239 88 69820 15 39737 37 34480 142 34766 292 52898
8078 379 66239 88 69820 15 39737 85 13535 191 56018 292 52898
8078 379 66239 88 69820 332 65855 31 65908 142 31321 292 52898
8078 379 66239 88 69820 332 65855 31 53927 271 27372 117 52898
8078 379 66239 88 69820 332 65855 31 53927 271 27372 292 52898
8078 379 66239 88 69820 332 65855 31 56435 222 6838 292 52898
8078 379 66239 88 69820 332 65855 31 46820 123 29497 292 52898
8078 379 66239 88 69820 332 65855 31 1879 142 29561 292 52898
8078 379 66239 88 69820 332 29065 31 50192 151 48806 117 52898
8078 379 66239 88 69820 332 29065 31 28122 271 15857 292 52898
8078 379 66239 88 69820 104 61222 231 65574 142 11169 292 52898
8078 379 66239 88 69820 104 61222 231 31011 164 44680 352 52898
8078 379 66239 88 69820 104 69092 114 41494 385 1433 117 52898
8078 379 66239 211 72079 300 62434 211 63319 15 24712 292 52898
8078 379 66239 211 12741 336 53751 255 2482 385 73869 292 52898
8078 379 66239 211 64590 123 22832 296 48786 99 49398 292 52898
8078 379 66239 88 6330 379 1483 88 48065 254 448 5 20251 117 52898
8078 379 66239 88 20839 80 38944 315 54296 296 48791 99 2742 352 52898
8078 379 66239 211 15756 339 30796 75 16672 26 22914 372 63078 117 52898
