10896 296 48786
10896 217 9911 5 8511 296 48786
10896 217 9911 5 28511 296 48786
10896 217 9911 5 9678 296 48786
10896 85 17058 112 22832 296 48786
10896 80 38944 315 16193 209 13892 296 48786
10896 80 38944 315 68576 27 55098 296 48786
10896 80 38944 315 63292 56 2105 296 48786
10896 80 38944 315 21419 56 21243 296 48786
10896 80 38944 315 17660 330 55097 296 48786
10896 217 9911 5 38128 15 63319 15 44680 296 48786
10896 217 9911 5 45843 37 22668 91 48220 296 48786
10896 217 9911 5 1293 292 52898 338 49398 296 48786
10896 217 9911 5 1293 292 52898 65 57803 296 48786
10896 217 9911 5 17712 269 20609 399 48432 296 48786
10896 217 9911 5 44022 141 21356 385 58467 193 67575 230 37418 296 48786
