25170 296 1819
25170 382 24058 196 56660 361 57213 296 1819
25170 382 24058 196 2748 6 44022 296 1819
25170 382 24058 196 2748 6 3354 296 1819
25170 382 24058 196 2748 6 69304 296 1819
25170 382 24058 196 2748 6 57080 296 1819
25170 382 24058 196 2748 6 64733 296 1819
25170 382 24058 196 2748 6 14148 296 1819
25170 382 24058 196 2748 6 65877 296 1819
25170 382 24058 196 59220 5 72687 296 1819
25170 382 24058 196 50614 42 69700 296 1819
25170 382 24058 196 26742 64 69635 296 1819
25170 382 24058 196 26742 64 34437 296 1819
25170 382 24058 196 9132 222 70326 296 1819
25170 382 24058 196 74024 64 56943 296 1819
25170 382 24058 196 19933 64 40683 296 1819
25170 382 24058 196 19933 64 59147 296 1819
25170 382 24058 196 19933 64 58671 296 1819
25170 382 24058 196 19933 64 36374 296 1819
25170 382 24058 196 19933 64 60675 296 1819
25170 382 24058 196 19933 64 18499 296 1819
25170 382 24058 196 19933 64 50547 296 1819
25170 382 24058 196 19933 64 66068 296 1819
25170 382 24058 196 19933 64 56866 296 1819
25170 382 24058 196 19933 64 54397 296 1819
25170 382 24058 196 73217 342 37302 28 9037 296 1819
25170 382 24058 196 59220 5 39737 15 64579 296 1819
25170 382 24058 196 50614 117 3580 334 5411 296 1819
25170 382 24058 196 66047 114 21356 15 38490 296 1819
25170 382 24058 196 66047 114 21356 164 3553 296 1819
25170 382 24058 196 6534 143 67541 399 2277 296 1819
25170 382 24058 196 6534 143 67541 399 25913 296 1819
25170 382 24058 196 6534 143 67541 399 35501 296 1819
25170 382 24058 196 51420 75 38944 315 4421 296 1819
25170 382 24058 196 51420 75 38944 315 45843 296 1819
25170 382 24058 196 51420 75 38944 315 40993 296 1819
25170 382 24058 196 51420 75 38944 315 72300 296 1819
25170 382 24058 196 51420 75 38944 315 49068 296 1819
25170 382 24058 196 51420 75 38944 315 11018 296 1819
25170 382 24058 196 51420 75 38944 315 30988 296 1819
25170 382 24058 196 51420 75 38944 315 27576 296 1819
25170 382 24058 196 51420 75 38944 315 43599 296 1819
25170 382 24058 196 51420 75 38944 91 40144 296 1819
25170 382 24058 196 51420 277 70102 5 38086 296 1819
25170 382 24058 196 4148 249 64632 112 37778 296 1819
25170 382 24058 196 38619 161 23785 64 63316 296 1819
25170 382 24058 196 74024 75 26998 56 31784 296 1819
25170 382 24058 196 19847 290 37269 372 15867 296 1819
25170 382 24058 196 19847 310 3650 124 16542 296 1819
25170 382 24058 6 44438 227 32131 315 70828 296 1819
25170 382 24058 336 53751 101 9911 5 57428 296 1819
25170 382 24058 332 65855 31 8597 150 74147 296 1819
25170 382 24058 196 2748 6 3354 46 32288 27 13112 296 1819
25170 382 24058 196 2748 6 11756 345 12551 150 8189 296 1819
25170 382 24058 196 2748 6 11756 345 12551 150 72523 296 1819
25170 382 24058 196 59220 5 72687 46 19849 56 8539 296 1819
25170 382 24058 196 26742 64 69635 309 73723 182 2278 296 1819
