40683 296 1819
40683 281 57080 296 1819
40683 217 17518 5 44022 296 1819
40683 217 17518 5 5411 296 1819
40683 217 17518 5 3354 296 1819
40683 217 17518 5 69304 296 1819
40683 217 17518 5 59147 296 1819
40683 217 17518 5 58671 296 1819
40683 217 17518 5 40993 296 1819
40683 217 17518 5 56943 296 1819
40683 217 17518 5 72687 296 1819
40683 217 17518 5 30988 296 1819
40683 217 17518 5 64733 296 1819
40683 217 17518 5 50547 296 1819
40683 217 17518 5 69700 296 1819
40683 217 17518 5 65877 296 1819
40683 217 17518 5 40144 296 1819
40683 217 17518 164 38490 296 1819
40683 217 9911 5 45843 296 1819
40683 217 9911 5 36374 296 1819
40683 217 9911 5 60675 296 1819
40683 217 9911 5 66068 296 1819
40683 217 9911 5 57428 296 1819
40683 80 38944 315 4421 296 1819
40683 80 38944 315 72300 296 1819
40683 80 38944 315 49068 296 1819
40683 80 38944 315 11018 296 1819
40683 80 38944 315 27576 296 1819
40683 80 38944 315 43599 296 1819
40683 80 38944 315 14148 296 1819
40683 80 38944 315 54397 296 1819
40683 374 64632 112 37778 296 1819
40683 374 64632 112 18499 296 1819
40683 265 19933 64 56866 296 1819
40683 265 19933 64 34437 296 1819
40683 217 9911 82 2759 287 16542 296 1819
40683 80 38944 315 19849 56 8539 296 1819
40683 374 64632 112 26998 56 31784 296 1819
40683 374 17058 112 20834 209 2277 296 1819
40683 265 19933 161 56340 64 69635 296 1819
40683 265 19933 321 24058 6 25170 296 1819
40683 217 17518 5 44022 141 21356 164 3553 296 1819
40683 217 17518 5 3354 46 32288 27 13112 296 1819
40683 217 17518 5 72687 15 45455 270 57213 296 1819
40683 217 17518 5 72687 15 39737 15 64579 296 1819
40683 217 17518 5 36348 80 32131 315 70828 296 1819
40683 217 17518 5 32059 292 52898 338 70326 296 1819
40683 217 17518 5 10280 309 73723 182 74147 296 1819
40683 217 17518 5 10280 309 73723 182 2278 296 1819
40683 217 17518 5 10280 309 73723 218 38086 296 1819
40683 217 17518 5 10280 345 38563 150 8189 296 1819
40683 217 17518 5 10280 345 38563 150 72523 296 1819
40683 217 17518 5 17712 269 20609 399 35501 296 1819
40683 217 17518 5 17712 269 70047 399 25913 296 1819
40683 217 17518 5 27545 265 23785 64 63316 296 1819
40683 80 38944 155 69092 294 37269 372 15867 296 1819
40683 374 17058 112 54168 254 37302 28 9037 296 1819
