4421 296 1819
4421 80 38944 315 40683 296 1819
4421 80 38944 315 45843 296 1819
4421 80 38944 315 44022 296 1819
4421 80 38944 315 3354 296 1819
4421 80 38944 315 69304 296 1819
4421 80 38944 315 59147 296 1819
4421 80 38944 315 58671 296 1819
4421 80 38944 315 36374 296 1819
4421 80 38944 315 40993 296 1819
4421 80 38944 315 56943 296 1819
4421 80 38944 315 57080 296 1819
4421 80 38944 315 72300 296 1819
4421 80 38944 315 49068 296 1819
4421 80 38944 315 72687 296 1819
4421 80 38944 315 11018 296 1819
4421 80 38944 315 30988 296 1819
4421 80 38944 315 64733 296 1819
4421 80 38944 315 50547 296 1819
4421 80 38944 315 27576 296 1819
4421 80 38944 315 66068 296 1819
4421 80 38944 315 43599 296 1819
4421 80 38944 315 69700 296 1819
4421 80 38944 315 14148 296 1819
4421 80 38944 315 65877 296 1819
4421 80 38944 315 54397 296 1819
4421 80 38944 91 60675 296 1819
4421 80 38944 91 40144 296 1819
4421 37 22668 91 18499 296 1819
4421 85 64632 112 37778 296 1819
4421 80 38944 315 3509 56 34437 296 1819
4421 80 38944 315 19849 56 8539 296 1819
4421 37 22668 91 26998 56 31784 296 1819
4421 37 22668 32 32131 315 70828 296 1819
4421 85 64632 249 17518 5 5411 296 1819
4421 85 64632 249 17518 164 38490 296 1819
4421 80 38944 315 13437 217 9911 5 57428 296 1819
4421 80 38944 315 13437 265 19933 64 56866 296 1819
4421 80 38944 315 10896 384 3650 124 16542 296 1819
4421 80 38944 315 74194 220 62856 218 69635 296 1819
4421 80 38944 315 74194 220 62856 218 8189 296 1819
4421 80 38944 315 74194 220 62856 218 74147 296 1819
4421 80 38944 315 74194 220 62856 218 38086 296 1819
4421 80 38944 315 74194 220 62856 218 72523 296 1819
4421 80 38944 315 44022 141 21356 164 3553 296 1819
4421 80 38944 315 3354 46 32288 27 13112 296 1819
4421 80 38944 315 3354 330 20834 209 2277 296 1819
4421 80 38944 315 25116 217 59220 361 57213 296 1819
4421 80 38944 315 11756 265 23785 64 63316 296 1819
4421 80 38944 315 1293 292 52898 338 70326 296 1819
4421 80 38944 315 72687 15 39737 15 64579 296 1819
4421 80 38944 315 17712 269 20609 399 35501 296 1819
4421 80 38944 315 17712 269 70047 399 25913 296 1819
4421 80 38944 315 16377 309 73723 182 2278 296 1819
4421 80 38944 155 69092 294 24058 6 25170 296 1819
4421 80 38944 155 69092 294 37269 372 15867 296 1819
4421 37 22668 91 54168 254 37302 28 9037 296 1819
