6654 296 20492
6654 85 17058 112 48029 296 20492
6654 85 17058 112 5190 296 20492
6654 85 17058 112 15254 296 20492
6654 85 17058 112 71797 296 20492
6654 85 17058 112 47937 296 20492
6654 85 17058 112 32101 296 20492
6654 85 17058 112 29777 296 20492
6654 85 17058 112 45970 296 20492
6654 85 17058 112 28573 296 20492
6654 85 17058 112 49641 296 20492
6654 85 17058 112 26998 296 20492
6654 85 17058 112 17439 296 20492
6654 85 17058 112 21419 296 20492
6654 85 17058 112 17712 296 20492
6654 85 17058 112 74368 296 20492
6654 85 17058 112 20363 296 20492
6654 85 17058 112 64542 296 20492
6654 85 17058 191 49073 296 20492
6654 85 17058 112 38128 398 45713 296 20492
6654 85 17058 112 15494 56 21195 296 20492
6654 85 17058 112 54351 14 43544 296 20492
6654 85 17058 112 69324 56 72365 296 20492
6654 85 17058 112 66141 46 8533 296 20492
6654 85 17058 112 4901 46 61975 296 20492
6654 85 17058 112 68577 46 48743 296 20492
6654 85 17058 112 27545 56 15486 296 20492
6654 85 17058 112 58754 281 2768 296 20492
6654 85 17058 112 13437 217 9911 5 18169 296 20492
6654 85 17058 112 13437 217 9911 5 29074 296 20492
6654 85 17058 112 13437 217 9911 5 17898 296 20492
6654 85 17058 112 13437 217 9911 5 71812 296 20492
6654 85 17058 112 13437 80 38944 315 58437 296 20492
6654 85 17058 112 13437 80 38944 315 72371 296 20492
6654 85 17058 112 13437 80 38944 315 20779 296 20492
6654 85 17058 112 13437 80 38944 315 20633 296 20492
6654 85 17058 112 13437 80 38944 315 14295 296 20492
6654 85 17058 112 13437 85 64632 112 13235 296 20492
6654 85 17058 112 13437 85 64632 112 61387 296 20492
6654 85 17058 112 13437 265 19933 64 47691 296 20492
6654 85 17058 112 10896 384 3650 123 60314 296 20492
6654 85 17058 112 10896 384 3650 123 20538 296 20492
6654 85 17058 112 10896 117 3580 334 62978 296 20492
6654 85 17058 112 44827 67 19702 127 15252 296 20492
6654 85 17058 112 38128 15 63319 15 51209 296 20492
6654 85 17058 112 38128 15 63319 398 67509 296 20492
6654 85 17058 112 38128 382 2748 6 49642 296 20492
6654 85 17058 112 38128 379 1483 88 6330 296 20492
6654 85 17058 112 26733 37 14614 91 68382 296 20492
6654 85 17058 112 15254 141 64119 230 72845 296 20492
6654 85 17058 112 15254 386 39423 73 66663 296 20492
6654 85 17058 112 3354 140 11899 162 48756 296 20492
6654 85 17058 112 51254 332 29065 31 47938 296 20492
6654 85 17058 112 51254 369 33054 277 72003 296 20492
6654 85 17058 112 38490 292 52898 65 5889 296 20492
6654 85 17058 112 38490 292 52898 65 17494 296 20492
6654 85 17058 112 38490 292 52898 65 1970 296 20492
6654 85 17058 112 11756 345 12551 150 16092 296 20492
6654 85 17058 112 11756 345 12551 150 16032 296 20492
6654 85 17058 112 11756 345 12551 150 23212 296 20492
6654 85 17058 112 11756 345 12551 150 39251 296 20492
6654 85 17058 112 11756 345 58414 150 2039 296 20492
6654 85 17058 112 50899 384 40460 123 49712 296 20492
6654 85 17058 112 36348 80 32131 315 67039 296 20492
6654 85 17058 112 17712 269 20609 399 505 296 20492
6654 85 17058 112 17712 269 32890 399 32932 296 20492
6654 85 17058 112 13437 80 38944 315 453 148 28535 289 23271 296 20492
6654 85 17058 112 10896 384 3650 123 3850 14 14954 27 45275 296 20492
