29692 303 27580
29692 303 34178 342 61915 303 27580
29692 303 34178 382 8152 6 27580
29692 303 34178 382 8152 252 27580
29692 303 34178 342 61915 6 46753 369 27580
29692 303 34178 342 61915 6 46753 141 27580
29692 303 34178 342 61915 332 29052 31 72079 297 61222 20 27580
29692 303 34178 342 61915 332 29052 31 59413 282 69071 356 27580
29692 303 34178 342 61915 6 46753 130 74519 396 57107 217 27580
29692 303 34178 342 61915 6 46753 130 74519 396 3855 15 27580
29692 303 34178 342 61915 6 46753 130 74519 396 3855 217 27580
29692 303 34178 342 61915 332 29052 31 6905 300 59812 211 56001 356 27580
