65814 303 12956
65814 342 12956
65814 332 3992 31 12956
65814 151 33054 277 12956
65814 151 33054 277 43655 28 12956
65814 151 33054 277 40846 52 12956
65814 151 33054 277 6452 2 12956
65814 151 33054 277 6452 234 12956
65814 151 33054 277 37839 234 12956
65814 151 33054 252 40313 31 12956
65814 151 33054 252 68339 31 12956
65814 151 33054 252 51355 31 12956
65814 151 33054 252 51358 31 12956
65814 151 33054 252 51352 31 12956
65814 151 33054 252 65861 31 12956
65814 151 33054 252 65856 31 12956
65814 151 33054 252 65857 31 12956
65814 151 33054 332 29052 31 12956
65814 151 33054 32 26627 52 12956
65814 303 23029 383 69092 294 12956
65814 303 23029 383 71850 294 12956
65814 303 23029 332 65853 31 12956
65814 303 23029 332 65855 31 12956
65814 303 23029 332 1707 31 12956
65814 303 23029 332 10045 31 12956
65814 303 23029 332 1705 31 12956
65814 303 23029 332 23453 31 12956
65814 303 23029 332 29065 31 12956
65814 303 23029 332 29064 31 12956
65814 303 23029 332 29061 31 12956
65814 303 23029 332 32380 31 12956
65814 303 23029 332 68337 31 12956
65814 303 23029 294 73838 52 12956
65814 303 23029 297 61222 231 12956
65814 303 37302 332 68805 31 12956
65814 303 37302 332 26184 31 12956
65814 303 58769 332 68334 31 12956
65814 303 58769 332 68336 31 12956
65814 303 73217 332 23887 31 12956
65814 303 52672 332 48570 31 12956
65814 303 19515 332 6058 31 12956
65814 303 46670 332 68803 31 12956
65814 303 4445 332 68807 31 12956
65814 303 4445 332 14964 31 12956
65814 303 4445 332 71061 31 12956
65814 303 11708 123 29094 384 12956
65814 303 11708 123 23800 384 12956
65814 303 11708 123 43544 384 12956
65814 303 11708 237 69083 237 12956
65814 303 11708 237 69083 115 12956
65814 303 11708 90 48141 157 12956
65814 303 11708 93 3109 52 12956
65814 303 11708 93 31910 52 12956
65814 303 11708 93 72089 52 12956
65814 303 11708 93 60920 52 12956
65814 303 11708 285 69264 2 12956
65814 303 11708 285 69264 234 12956
65814 303 11708 285 48074 234 12956
65814 303 11708 285 11544 2 12956
65814 303 11708 285 11544 234 12956
65814 303 11708 229 53497 370 12956
65814 303 11708 288 47908 166 12956
65814 303 11708 288 58488 166 12956
65814 303 11708 288 49024 166 12956
65814 303 1444 114 72858 397 12956
65814 303 1444 332 23890 31 12956
65814 303 40496 95 31376 261 12956
65814 303 73875 288 10528 166 12956
65814 342 59413 285 18017 2 12956
65814 332 3992 31 72079 332 35877 31 12956
65814 332 3992 31 18715 332 26181 31 12956
65814 332 3992 31 32357 332 71055 31 12956
65814 332 3992 31 32357 332 23892 31 12956
65814 332 3992 31 27960 332 31717 31 12956
65814 332 3992 31 3650 282 45401 397 12956
65814 332 3992 31 32937 24 39045 2 12956
65814 332 3992 31 32937 229 18699 370 12956
65814 151 33054 277 67332 311 39456 370 12956
65814 151 33054 277 60841 242 33554 18 12956
65814 151 33054 252 65861 31 44472 294 12956
65814 151 33054 252 65857 31 19733 354 12956
65814 151 33054 332 29052 31 17563 354 12956
65814 151 33054 32 38944 315 7149 384 12956
65814 303 23029 332 29065 31 12492 294 12956
65814 303 23029 332 29065 31 12492 369 12956
65814 303 46670 397 47724 322 20467 18 12956
65814 303 67308 332 12808 31 5244 354 12956
65814 303 1444 297 26742 242 5979 18 12956
65814 303 1444 297 26742 242 5979 397 12956
65814 332 3992 31 18715 348 57047 24 56610 234 12956
65814 332 3992 31 18715 348 57047 45 43895 317 12956
65814 151 33054 277 7419 52 62831 288 72701 166 12956
65814 151 33054 277 48177 85 41363 116 74348 317 12956
65814 151 33054 277 6452 122 24535 277 34156 354 12956
65814 303 23029 151 28384 290 49452 100 37060 354 12956
65814 303 23029 75 27067 32 66059 25 43344 354 12956
65814 303 11708 123 5190 117 3580 334 14437 384 12956
65814 303 73559 277 25962 114 46903 155 3513 354 12956
65814 303 73559 277 25962 114 46903 155 16986 294 12956
65814 151 33054 252 68339 31 16722 8 70436 25 18518 354 12956
65814 151 33054 252 65861 31 44472 8 54541 25 7060 294 12956
65814 151 33054 252 65861 31 44472 8 54541 25 53247 294 12956
