65814 303 58769
65814 342 58769
65814 151 33054 252 68338 31 58769
65814 151 33054 252 65856 31 58769
65814 151 33054 252 65857 31 58769
65814 151 33054 332 29052 31 58769
65814 303 23029 332 65853 31 58769
65814 303 23029 332 65855 31 58769
65814 303 23029 332 10045 31 58769
65814 303 23029 332 23453 31 58769
65814 303 23029 332 29065 31 58769
65814 303 23029 332 29064 31 58769
65814 303 23029 332 29061 31 58769
65814 303 23029 332 32380 31 58769
65814 303 37302 332 12340 31 58769
65814 303 12956 332 68334 31 58769
65814 303 12956 332 68336 31 58769
