65814 303 67308
65814 342 67308
65814 151 33054 252 67308
65814 151 33054 252 23447 31 67308
65814 151 33054 252 51358 31 67308
65814 151 33054 252 51356 31 67308
65814 151 33054 252 65856 31 67308
65814 151 33054 252 65857 31 67308
65814 151 33054 332 29052 31 67308
65814 303 23029 332 65855 31 67308
65814 303 23029 332 10045 31 67308
65814 303 23029 332 1705 31 67308
65814 303 23029 332 23453 31 67308
65814 303 23029 332 29065 31 67308
65814 303 23029 332 29061 31 67308
65814 303 23029 332 32380 31 67308
65814 303 23029 332 68337 31 67308
65814 303 37302 332 60306 31 67308
65814 303 37302 332 12802 31 67308
65814 303 12956 332 68334 31 67308
65814 303 52672 369 40754 277 67308
65814 303 11708 332 60031 31 67308
65814 303 1444 332 12808 31 67308
65814 303 1444 332 12801 31 67308
65814 303 1444 332 12805 31 67308
65814 303 1444 332 65526 31 67308
65814 151 33054 332 29052 31 71051 369 67308
