65814 303 73217
65814 342 73217
65814 151 33054 252 73217
65814 151 33054 151 73217
65814 303 37302 342 73217
65814 303 37302 303 73217
65814 303 32824 342 73217
65814 303 32824 303 73217
65814 303 1444 342 73217
65814 303 1444 303 73217
65814 151 33054 252 40313 31 73217
65814 151 33054 252 65861 31 73217
65814 151 33054 252 65856 31 73217
65814 151 33054 252 65857 31 73217
65814 151 33054 369 25489 277 73217
65814 303 23029 332 65853 31 73217
65814 303 23029 332 65855 31 73217
65814 303 23029 332 10045 31 73217
65814 303 23029 332 23453 31 73217
65814 303 23029 332 29065 31 73217
65814 303 23029 332 29064 31 73217
65814 303 23029 332 29061 31 73217
65814 303 23029 332 32380 31 73217
65814 303 12956 332 23887 31 73217
65814 303 12956 332 68334 31 73217
65814 303 13839 332 62503 31 73217
65814 303 11708 332 4454 31 73217
65814 332 3992 31 32357 332 14968 31 73217
65814 332 3992 31 32357 321 24058 196 73217
65814 332 3992 31 28376 32 41458 342 73217
65814 332 3992 31 28376 32 41458 303 73217
65814 332 3992 31 28376 294 47842 342 73217
65814 332 3992 31 28376 294 47842 303 73217
65814 151 33054 277 66132 151 45996 358 73217
65814 151 33054 252 65857 31 69494 342 73217
65814 151 33054 252 65857 31 62426 303 73217
65814 303 46670 397 47724 271 11785 382 73217
65814 303 46670 397 47724 271 11785 369 73217
65814 303 46670 397 47724 271 11785 358 73217
65814 303 46670 397 47724 271 61009 382 73217
65814 303 46670 397 47724 271 61009 369 73217
65814 151 33054 252 40309 31 4892 332 51823 31 73217
