65814 303 11708
65814 342 11708
65814 332 3992 31 11708
65814 151 33054 277 11708
65814 303 4445 383 11708
65814 151 33054 277 11637 52 11708
65814 151 33054 277 40846 52 11708
65814 151 33054 277 6452 2 11708
65814 151 33054 277 6452 234 11708
65814 151 33054 277 37839 234 11708
65814 151 33054 252 40309 31 11708
65814 151 33054 252 68338 31 11708
65814 151 33054 252 68339 31 11708
65814 151 33054 252 23447 31 11708
65814 151 33054 252 51356 31 11708
65814 151 33054 252 65861 31 11708
65814 151 33054 252 65856 31 11708
65814 151 33054 252 65857 31 11708
65814 151 33054 332 29052 31 11708
65814 151 33054 32 26627 52 11708
65814 151 33054 32 73556 294 11708
65814 303 23029 383 69092 75 11708
65814 303 23029 332 65853 31 11708
65814 303 23029 332 65855 31 11708
65814 303 23029 332 1707 31 11708
65814 303 23029 332 10045 31 11708
65814 303 23029 332 1705 31 11708
65814 303 23029 332 23453 31 11708
65814 303 23029 332 29065 31 11708
65814 303 23029 332 29064 31 11708
65814 303 23029 332 29061 31 11708
65814 303 23029 332 32380 31 11708
65814 303 23029 332 68337 31 11708
65814 303 23029 294 73838 52 11708
65814 303 23029 297 61222 231 11708
65814 303 23029 297 61222 52 11708
65814 303 37302 332 12802 31 11708
65814 303 37302 332 68805 31 11708
65814 303 37302 332 26184 31 11708
65814 303 12956 123 29094 384 11708
65814 303 12956 123 23800 384 11708
65814 303 12956 123 43544 384 11708
65814 303 12956 237 69083 237 11708
65814 303 12956 237 69083 115 11708
65814 303 12956 332 68807 31 11708
65814 303 12956 332 68803 31 11708
65814 303 12956 332 6058 31 11708
65814 303 12956 332 68336 31 11708
65814 303 12956 332 14964 31 11708
65814 303 12956 332 71061 31 11708
65814 303 12956 90 48141 157 11708
65814 303 12956 93 3109 52 11708
65814 303 12956 93 31910 52 11708
65814 303 12956 93 72089 52 11708
65814 303 12956 93 60920 52 11708
65814 303 12956 285 69264 2 11708
65814 303 12956 285 11544 2 11708
65814 303 12956 24 48074 2 11708
65814 303 12956 24 48074 234 11708
65814 303 12956 229 53497 370 11708
65814 303 12956 288 47908 166 11708
65814 303 12956 288 58488 166 11708
65814 303 12956 288 49024 166 11708
65814 303 73217 332 4454 31 11708
65814 303 67308 332 60031 31 11708
65814 303 1444 75 41897 32 11708
65814 303 1444 332 10188 31 11708
65814 303 1444 332 40315 31 11708
65814 303 1444 222 33377 384 11708
65814 303 40496 123 57989 384 11708
65814 303 73875 45 16249 317 11708
65814 332 3992 31 67997 332 51803 31 11708
65814 332 3992 31 32357 332 48557 31 11708
65814 332 3992 31 27960 332 17034 31 11708
65814 332 3992 31 3650 123 19728 384 11708
65814 332 3992 31 3650 123 7077 384 11708
65814 332 3992 31 3650 123 13120 384 11708
65814 332 3992 31 3650 123 53445 384 11708
65814 332 3992 31 3650 123 35230 384 11708
65814 332 3992 31 3650 123 14454 384 11708
65814 332 3992 31 3650 24 60697 2 11708
65814 332 3992 31 3650 24 60697 234 11708
65814 332 3992 31 3650 288 43611 166 11708
65814 332 3992 31 3650 95 3223 261 11708
65814 332 3992 31 32937 229 63213 370 11708
65814 332 3992 31 26710 332 54453 31 11708
65814 151 33054 277 21109 155 38882 354 11708
65814 151 33054 277 40298 229 61279 370 11708
65814 151 33054 277 52898 338 52832 104 11708
65814 151 33054 252 17726 28 5496 384 11708
65814 151 33054 32 38944 315 38273 384 11708
65814 151 33054 32 38944 315 5190 384 11708
65814 151 33054 32 38944 315 54965 384 11708
65814 151 33054 32 38944 315 34691 384 11708
65814 151 33054 32 38944 315 41435 202 11708
65814 151 33054 32 38944 315 50899 384 11708
65814 151 33054 32 38944 315 68542 384 11708
65814 151 33054 151 62434 211 7339 52 11708
65814 303 23029 383 69092 294 26002 52 11708
65814 303 23029 332 23453 31 57616 391 11708
65814 303 23029 332 23453 31 57616 354 11708
65814 303 23029 332 29065 31 26913 52 11708
65814 303 23029 297 61222 231 17099 52 11708
65814 303 12956 285 18017 287 43684 384 11708
65814 303 46670 397 47724 24 36903 234 11708
65814 303 1444 107 24879 315 15252 384 11708
65814 303 1444 297 25986 75 11110 354 11708
65814 342 59413 237 15756 45 2556 317 11708
65814 342 59413 288 50942 33 43182 166 11708
65814 332 3992 31 65908 290 66455 100 52052 294 11708
65814 332 3992 31 23889 391 73560 93 26541 52 11708
65814 151 33054 277 11637 52 22368 123 43329 384 11708
65814 151 33054 277 11637 52 5466 45 55108 317 11708
65814 151 33054 277 22024 52 19694 123 47960 384 11708
65814 151 33054 277 6452 2 29452 123 62491 384 11708
65814 151 33054 277 6452 234 40460 123 31432 384 11708
65814 151 33054 277 37839 2 67239 123 23536 384 11708
65814 151 33054 252 65861 31 63843 91 24660 384 11708
65814 151 33054 332 29052 31 70778 123 57675 384 11708
65814 303 12956 123 14437 117 3580 334 48307 384 11708
65814 332 3992 31 3650 277 35524 290 36030 100 42408 294 11708
65814 332 3992 205 8122 34 3955 8 3846 25 66640 354 11708
65814 303 1444 222 33377 80 22537 8 38960 25 7073 294 11708
