65814 303 13839
65814 342 13839
65814 151 33054 277 13839
65814 151 33054 277 30480 358 13839
65814 151 33054 277 43655 28 13839
65814 151 33054 252 68338 31 13839
65814 151 33054 252 68339 31 13839
65814 151 33054 252 65861 31 13839
65814 151 33054 252 65856 31 13839
65814 151 33054 252 65857 31 13839
65814 151 33054 332 29052 31 13839
65814 303 23029 332 65853 31 13839
65814 303 23029 332 65855 31 13839
65814 303 23029 332 1707 31 13839
65814 303 23029 332 10045 31 13839
65814 303 23029 332 1705 31 13839
65814 303 23029 332 32380 31 13839
65814 303 23029 332 68337 31 13839
65814 303 12956 332 6058 31 13839
65814 303 12956 332 68334 31 13839
65814 303 12956 332 68336 31 13839
65814 303 12956 332 71061 31 13839
65814 303 73217 332 62503 31 13839
65814 332 3992 31 32357 300 5604 211 13839
65814 332 3992 31 3650 332 11331 31 13839
65814 151 33054 277 30480 358 57818 342 13839
