65814 303 23029
65814 342 23029
65814 151 33054 277 43655 28 23029
65814 151 33054 252 65861 31 23029
65814 151 33054 252 65857 31 23029
65814 151 33054 332 29052 31 23029
65814 303 37302 332 65855 31 23029
65814 303 37302 332 65853 31 23029
65814 303 37302 332 23453 31 23029
65814 303 37302 332 29065 31 23029
65814 303 12956 383 69092 294 23029
65814 303 12956 383 71850 294 23029
65814 303 12956 297 61222 231 23029
65814 303 12956 332 1707 31 23029
65814 303 12956 332 10045 31 23029
65814 303 12956 332 1705 31 23029
65814 303 12956 332 29064 31 23029
65814 303 12956 332 29061 31 23029
65814 303 12956 332 32380 31 23029
65814 303 12956 332 68337 31 23029
65814 303 12956 93 73838 383 23029
65814 303 1444 75 27067 32 23029
65814 303 1444 147 14461 164 23029
65814 303 1444 300 55657 211 23029
65814 332 3992 31 65908 369 53811 277 23029
65814 151 33054 332 29052 31 28384 252 23029
65814 151 33054 332 29052 31 28384 369 23029
65814 151 33054 277 37839 234 1274 240 1877 294 23029
65814 151 33054 277 37839 234 1274 240 25383 294 23029
65814 151 33054 277 37839 234 1274 240 50580 294 23029
