65814 303 4445
65814 342 4445
65814 151 33054 32 4445
65814 303 11708 294 4445
65814 151 33054 277 69841 32 4445
65814 151 33054 277 30480 358 4445
65814 151 33054 277 59599 32 4445
65814 151 33054 252 40313 31 4445
65814 151 33054 252 68338 31 4445
65814 151 33054 252 15647 32 4445
65814 151 33054 252 65861 31 4445
65814 151 33054 252 65857 31 4445
65814 151 33054 332 29052 31 4445
65814 303 23029 383 69092 294 4445
65814 303 23029 383 71850 294 4445
65814 303 23029 332 65853 31 4445
65814 303 23029 332 1707 31 4445
65814 303 23029 332 10045 31 4445
65814 303 23029 332 1705 31 4445
65814 303 23029 332 23453 31 4445
65814 303 23029 332 29065 31 4445
65814 303 23029 332 29064 31 4445
65814 303 23029 332 29061 31 4445
65814 303 23029 332 32380 31 4445
65814 303 37302 28 73592 277 4445
65814 303 37302 28 73592 358 4445
65814 303 37302 332 74810 31 4445
65814 303 37302 332 26184 31 4445
65814 303 37302 332 12340 31 4445
65814 303 12956 332 68807 31 4445
65814 303 12956 332 23887 31 4445
65814 303 12956 332 6058 31 4445
65814 303 12956 332 68334 31 4445
65814 303 12956 332 68336 31 4445
65814 303 12956 332 14964 31 4445
65814 303 12956 332 71061 31 4445
65814 303 1444 332 40308 31 4445
65814 332 3992 31 58806 75 31324 155 4445
65814 332 3992 31 32937 114 72717 155 4445
65814 151 33054 277 9782 252 58089 155 4445
65814 151 33054 277 9782 252 10037 32 4445
65814 151 33054 277 25328 252 39971 32 4445
65814 151 33054 277 30480 32 34150 155 4445
65814 151 33054 252 64725 252 15276 155 4445
65814 151 33054 32 2532 114 24640 155 4445
65814 151 33054 32 2532 75 4818 32 4445
