65814 303 32824
65814 342 32824
65814 151 33054 252 32824
65814 151 33054 151 32824
65814 303 73217 342 32824
65814 303 73217 303 32824
65814 332 3992 31 28376 358 32824
65814 151 33054 277 51875 369 32824
65814 151 33054 252 51352 31 32824
65814 151 33054 252 65861 31 32824
65814 151 33054 252 65856 31 32824
65814 151 33054 252 65857 31 32824
65814 151 33054 332 29052 31 32824
65814 151 33054 32 38944 358 32824
65814 151 33054 32 29427 369 32824
65814 151 33054 32 29427 358 32824
65814 303 23029 332 65855 31 32824
65814 303 23029 332 1705 31 32824
65814 303 23029 332 23453 31 32824
65814 303 23029 332 29065 31 32824
65814 303 23029 332 29064 31 32824
65814 303 23029 332 29061 31 32824
65814 303 23029 332 32380 31 32824
65814 303 37302 28 616 358 32824
65814 303 12956 332 68336 31 32824
65814 303 52672 369 40754 277 32824
65814 303 1444 332 40312 31 32824
65814 151 33054 358 30109 28 36574 358 32824
