65814 303 37302
65814 342 37302
65814 369 22958 277 37302
65814 303 73217 342 37302
65814 303 73217 303 37302
65814 303 22772 22 37302
65814 332 3992 31 28376 358 37302
65814 151 33054 277 11436 358 37302
65814 151 33054 277 51875 369 37302
65814 151 33054 277 33701 358 37302
65814 151 33054 252 40309 31 37302
65814 151 33054 252 68338 31 37302
65814 151 33054 252 65861 31 37302
65814 151 33054 252 65856 31 37302
65814 151 33054 252 65857 31 37302
65814 151 33054 32 29427 369 37302
65814 151 33054 32 29427 358 37302
65814 151 33054 151 62434 211 37302
65814 303 23029 332 65853 31 37302
65814 303 23029 332 65855 31 37302
65814 303 23029 332 23453 31 37302
65814 303 23029 332 29065 31 37302
65814 303 12956 332 68805 31 37302
65814 303 12956 332 26184 31 37302
65814 303 58769 332 12340 31 37302
65814 303 67308 332 12802 31 37302
65814 303 67308 332 60306 31 37302
65814 303 4445 28 73592 358 37302
65814 303 4445 332 74810 31 37302
65814 303 32824 28 616 358 37302
65814 303 1444 300 66239 211 37302
65814 303 1444 332 40770 31 37302
65814 303 1444 256 54168 254 37302
65814 303 1444 396 54516 35 37302
65814 303 1444 373 26494 356 37302
65814 303 73559 332 59840 31 37302
65814 332 3992 31 69984 332 69354 31 37302
65814 332 3992 31 32357 332 57026 31 37302
65814 332 3992 31 33132 252 24578 252 37302
65814 332 3992 31 33132 252 24578 151 37302
65814 332 3992 31 28376 57 64354 31 37302
65814 332 3992 31 28376 57 32706 31 37302
65814 151 33054 277 44125 15 18045 217 37302
65814 151 33054 277 44125 15 59591 15 37302
65814 151 33054 32 70550 256 16487 254 37302
65814 151 33054 32 70550 256 16487 141 37302
65814 303 1444 256 54168 254 10048 356 37302
65814 342 59413 237 15756 256 50775 254 37302
65814 342 59413 237 15756 256 50775 141 37302
65814 342 59413 237 15756 271 55887 254 37302
65814 342 59413 237 15756 271 55887 130 37302
65814 342 59413 237 15756 271 12848 130 37302
65814 342 59413 237 15756 271 36164 254 37302
65814 342 59413 237 15756 271 36164 130 37302
65814 332 3992 31 3650 124 45843 296 1819 99 9037 358 37302
