65814 303 40496
65814 342 40496
65814 151 33054 277 7419 52 40496
65814 151 33054 252 68338 31 40496
65814 151 33054 252 65861 31 40496
65814 151 33054 252 65856 31 40496
65814 151 33054 252 65857 31 40496
65814 151 33054 332 29052 31 40496
65814 303 23029 383 69092 294 40496
65814 303 23029 383 71850 294 40496
65814 303 23029 332 65853 31 40496
65814 303 23029 332 65855 31 40496
65814 303 23029 332 10045 31 40496
65814 303 23029 332 23453 31 40496
65814 303 23029 332 29065 31 40496
65814 303 23029 332 29064 31 40496
65814 303 23029 332 32380 31 40496
65814 303 23029 332 68337 31 40496
65814 303 23029 294 73838 52 40496
65814 303 23029 297 61222 231 40496
65814 303 12956 123 29094 384 40496
65814 303 12956 282 72858 397 40496
65814 303 12956 237 69083 237 40496
65814 303 12956 237 69083 115 40496
65814 303 12956 332 68334 31 40496
65814 303 12956 332 68336 31 40496
65814 303 12956 285 69264 2 40496
65814 303 12956 285 11544 2 40496
65814 303 12956 288 49024 166 40496
65814 303 12956 95 31376 261 40496
65814 303 11708 123 57989 384 40496
65814 342 68560 95 52940 261 40496
65814 151 33054 277 2588 28 56438 354 40496
65814 151 33054 277 40298 285 15877 2 40496
65814 303 23029 332 29061 31 706 294 40496
65814 303 23029 297 61222 231 15878 52 40496
65814 303 23029 297 61222 20 71482 231 40496
65814 151 33054 277 7419 52 62831 288 5521 166 40496
65814 151 33054 277 7419 52 12505 45 26395 317 40496
65814 151 33054 277 6452 122 4056 277 58427 354 40496
65814 151 33054 277 6452 234 40460 123 29536 384 40496
65814 303 23029 297 61222 20 71482 186 73841 354 40496
65814 151 33054 277 2588 28 56438 291 6126 291 10523 354 40496
