65814 303 1444
65814 342 1444
65814 332 3992 31 1444
65814 151 33054 277 1444
65814 303 73217 342 1444
65814 303 73217 303 1444
65814 332 3992 31 28376 32 1444
65814 332 3992 31 28376 358 1444
65814 151 33054 277 51394 155 1444
65814 151 33054 277 53499 32 1444
65814 151 33054 277 30480 32 1444
65814 151 33054 277 30480 358 1444
65814 151 33054 277 55065 202 1444
65814 151 33054 277 21890 294 1444
65814 151 33054 252 24865 32 1444
65814 151 33054 252 40313 31 1444
65814 151 33054 252 40309 31 1444
65814 151 33054 252 68338 31 1444
65814 151 33054 252 68339 31 1444
65814 151 33054 252 51355 31 1444
65814 151 33054 252 51358 31 1444
65814 151 33054 252 65861 31 1444
65814 151 33054 252 65856 31 1444
65814 151 33054 252 65857 31 1444
65814 151 33054 252 44233 32 1444
65814 151 33054 332 29052 31 1444
65814 151 33054 32 28806 6 1444
65814 151 33054 32 47902 294 1444
65814 151 33054 32 38055 294 1444
65814 151 33054 32 38944 310 1444
65814 151 33054 32 38944 294 1444
65814 151 33054 32 38944 358 1444
65814 151 33054 32 29427 310 1444
65814 151 33054 32 29427 294 1444
65814 151 33054 32 29427 369 1444
65814 151 33054 32 29427 358 1444
65814 151 33054 151 62434 211 1444
65814 303 23029 383 69092 294 1444
65814 303 23029 383 71850 294 1444
65814 303 23029 147 14461 164 1444
65814 303 23029 300 55657 211 1444
65814 303 23029 332 65853 31 1444
65814 303 23029 332 65855 31 1444
65814 303 23029 332 1707 31 1444
65814 303 23029 332 10045 31 1444
65814 303 23029 332 1705 31 1444
65814 303 23029 332 23453 31 1444
65814 303 23029 332 29065 31 1444
65814 303 23029 332 29064 31 1444
65814 303 23029 332 29061 31 1444
65814 303 23029 332 32380 31 1444
65814 303 23029 332 68337 31 1444
65814 303 23029 75 27067 32 1444
65814 303 23029 297 61222 231 1444
65814 303 37302 28 616 358 1444
65814 303 37302 373 26494 356 1444
65814 303 37302 300 66239 211 1444
65814 303 37302 332 60306 31 1444
65814 303 37302 332 40770 31 1444
65814 303 37302 332 12802 31 1444
65814 303 37302 332 68805 31 1444
65814 303 37302 332 26184 31 1444
65814 303 37302 332 12340 31 1444
65814 303 37302 256 54168 254 1444
65814 303 37302 396 54516 35 1444
65814 303 12956 282 72858 155 1444
65814 303 12956 332 23890 31 1444
65814 303 12956 332 68807 31 1444
65814 303 12956 332 68803 31 1444
65814 303 12956 332 23887 31 1444
65814 303 12956 332 6058 31 1444
65814 303 12956 332 68334 31 1444
65814 303 12956 332 68336 31 1444
65814 303 12956 332 14964 31 1444
65814 303 12956 332 71061 31 1444
65814 303 73217 332 4454 31 1444
65814 303 67308 332 12801 31 1444
65814 303 67308 332 12805 31 1444
65814 303 67308 332 12808 31 1444
65814 303 67308 332 60031 31 1444
65814 303 67308 332 65526 31 1444
65814 303 4445 332 40308 31 1444
65814 303 11708 123 33377 202 1444
65814 303 11708 75 41897 32 1444
65814 303 11708 75 41897 358 1444
65814 303 11708 332 10188 31 1444
65814 303 11708 332 40315 31 1444
65814 303 32824 332 40312 31 1444
65814 342 59413 339 69931 294 1444
65814 342 59413 332 31874 31 1444
65814 342 59413 332 54136 31 1444
65814 342 59413 332 54134 31 1444
65814 332 3992 31 72079 332 31869 31 1444
65814 332 3992 31 72079 332 3980 31 1444
65814 332 3992 31 72079 373 39260 294 1444
65814 332 3992 31 72079 268 63472 101 1444
65814 332 3992 31 65908 332 60309 31 1444
65814 332 3992 31 65908 332 40319 31 1444
65814 332 3992 31 65908 396 58146 35 1444
65814 332 3992 31 68049 332 51359 31 1444
65814 332 3992 31 32357 332 32341 31 1444
65814 332 3992 31 32357 332 54139 31 1444
65814 332 3992 31 32357 332 6696 31 1444
65814 332 3992 31 32357 332 12804 31 1444
65814 332 3992 31 32357 332 14966 31 1444
65814 332 3992 31 32357 332 42993 31 1444
65814 332 3992 31 32357 332 36617 31 1444
65814 332 3992 31 32357 271 21435 22 1444
65814 332 3992 31 32357 271 21435 130 1444
65814 332 3992 31 31636 252 19933 294 1444
65814 332 3992 31 27960 332 5471 31 1444
65814 332 3992 31 28376 103 19194 268 1444
65814 332 3992 31 28376 356 18597 155 1444
65814 332 3992 31 58806 72 45397 231 1444
65814 332 3992 31 3650 222 12599 202 1444
65814 332 3992 31 17630 114 49880 155 1444
65814 332 3992 31 17630 114 27376 155 1444
65814 151 33054 277 10514 32 59204 231 1444
65814 151 33054 277 44125 15 58424 104 1444
65814 151 33054 277 44125 15 47100 104 1444
65814 151 33054 277 44125 15 55302 104 1444
65814 151 33054 277 44125 80 24879 310 1444
65814 151 33054 277 70644 32 54177 294 1444
65814 151 33054 277 9747 32 18556 294 1444
65814 151 33054 277 40730 105 45914 172 1444
65814 151 33054 277 42961 32 40417 231 1444
65814 151 33054 277 36156 359 18645 172 1444
65814 151 33054 277 21109 155 69099 294 1444
65814 151 33054 277 21109 155 38619 231 1444
65814 151 33054 277 21109 155 44477 310 1444
65814 151 33054 277 25928 338 48666 104 1444
65814 151 33054 277 25928 338 54654 104 1444
65814 151 33054 277 25928 338 50194 104 1444
65814 151 33054 277 25928 338 54934 104 1444
65814 151 33054 277 25928 338 64351 104 1444
65814 151 33054 277 25928 338 12323 104 1444
65814 151 33054 277 25928 338 22706 104 1444
65814 151 33054 277 25928 338 8487 104 1444
65814 151 33054 277 25928 338 17545 104 1444
65814 151 33054 277 25928 338 55597 104 1444
65814 151 33054 277 25928 338 14885 104 1444
65814 151 33054 277 25928 338 50447 104 1444
65814 151 33054 277 25928 338 58385 104 1444
65814 151 33054 277 25928 338 50950 104 1444
65814 151 33054 277 25928 338 70124 104 1444
65814 151 33054 277 25928 338 38769 104 1444
65814 151 33054 277 25928 338 63177 104 1444
65814 151 33054 277 25928 338 51242 104 1444
65814 151 33054 277 25928 338 66036 104 1444
65814 151 33054 277 25928 338 10347 104 1444
65814 151 33054 277 25928 338 21859 104 1444
65814 151 33054 277 25928 338 33691 104 1444
65814 151 33054 277 25928 338 32963 104 1444
65814 151 33054 277 25928 338 55950 104 1444
65814 151 33054 277 25928 338 70261 202 1444
65814 151 33054 277 25928 338 45478 104 1444
65814 151 33054 277 60841 161 62261 231 1444
65814 151 33054 277 52898 338 31733 104 1444
65814 151 33054 277 52898 338 28487 104 1444
65814 151 33054 277 52898 338 14907 104 1444
65814 151 33054 277 52898 338 28111 104 1444
65814 151 33054 277 52898 338 34645 104 1444
65814 151 33054 277 52898 338 9488 104 1444
65814 151 33054 277 52898 338 70085 104 1444
65814 151 33054 277 52898 338 6260 104 1444
65814 151 33054 277 52898 338 7919 104 1444
65814 151 33054 277 52898 338 31534 104 1444
65814 151 33054 277 52898 338 39258 104 1444
65814 151 33054 277 52898 338 17015 104 1444
65814 151 33054 277 52898 338 66635 104 1444
65814 151 33054 277 52898 338 47953 104 1444
65814 151 33054 277 52898 338 24957 104 1444
65814 151 33054 277 52898 334 24185 104 1444
65814 151 33054 277 52898 65 37564 104 1444
65814 151 33054 277 52898 65 44202 104 1444
65814 151 33054 277 52898 65 56983 104 1444
65814 151 33054 277 52898 65 71632 104 1444
65814 151 33054 277 52898 65 1173 104 1444
65814 151 33054 277 52898 65 48160 104 1444
65814 151 33054 277 52898 65 48321 104 1444
65814 151 33054 277 52898 65 60345 104 1444
65814 151 33054 277 52898 65 50967 104 1444
65814 151 33054 277 52898 65 29474 104 1444
65814 151 33054 277 52898 65 10087 104 1444
65814 151 33054 277 52898 65 75270 104 1444
65814 151 33054 277 52667 202 29827 294 1444
65814 151 33054 277 36335 202 74024 231 1444
65814 151 33054 252 65856 31 25110 294 1444
65814 151 33054 252 65857 31 5319 294 1444
65814 151 33054 332 29052 31 56340 231 1444
65814 151 33054 32 65545 252 33630 32 1444
65814 151 33054 32 17020 294 46511 231 1444
65814 151 33054 32 2215 72 482 231 1444
65814 151 33054 32 29427 32 61102 294 1444
65814 151 33054 32 29427 32 56734 294 1444
65814 303 23029 383 69092 294 42634 294 1444
65814 303 23029 383 69092 294 40455 231 1444
65814 303 23029 383 69092 294 25986 231 1444
65814 303 23029 383 69092 277 33297 231 1444
65814 303 23029 383 69092 277 38500 294 1444
65814 303 23029 383 71850 142 15727 104 1444
65814 303 23029 383 71850 142 12711 104 1444
65814 303 23029 383 71850 294 26742 231 1444
65814 303 23029 332 10045 369 6003 231 1444
65814 303 23029 332 23453 31 52660 32 1444
65814 303 23029 332 29061 31 36583 231 1444
65814 303 23029 297 61222 142 45355 104 1444
65814 303 23029 297 61222 142 17022 104 1444
65814 303 23029 297 61222 142 35849 104 1444
65814 303 23029 297 61222 142 419 104 1444
65814 303 23029 297 61222 142 37518 104 1444
65814 303 23029 297 61222 142 63011 104 1444
65814 303 23029 297 61222 142 9117 104 1444
65814 303 23029 297 61222 142 41221 104 1444
65814 303 23029 297 61222 142 37 104 1444
65814 303 23029 297 61222 231 36029 294 1444
65814 303 23029 297 61222 20 74017 294 1444
65814 303 23029 297 61222 20 62834 231 1444
65814 303 23029 297 61222 20 74165 231 1444
65814 303 37302 256 54168 254 9367 147 1444
65814 303 11708 229 61279 245 13183 231 1444
65814 332 3992 31 72079 373 59220 361 23261 104 1444
65814 332 3992 31 72079 373 59220 361 20210 104 1444
65814 332 3992 31 18715 348 57047 142 44663 104 1444
65814 332 3992 31 58806 359 57906 102 21303 342 1444
65814 151 33054 277 44125 15 47100 270 29507 104 1444
65814 151 33054 277 44125 15 69820 352 64473 65 38438 104 1444
