65814 303 33971
65814 342 33971
65814 277 24817 369 33971
65814 151 33054 252 68338 31 33971
65814 151 33054 252 65861 31 33971
65814 151 33054 252 65856 31 33971
65814 151 33054 252 65857 31 33971
65814 151 33054 332 29052 31 33971
65814 151 33054 369 25489 277 33971
65814 303 23029 332 65853 31 33971
65814 303 23029 332 65855 31 33971
65814 303 23029 332 10045 31 33971
65814 303 23029 332 23453 31 33971
65814 303 23029 332 29065 31 33971
65814 303 23029 332 29064 31 33971
65814 303 23029 332 29061 31 33971
65814 303 23029 332 32380 31 33971
65814 303 12956 332 68334 31 33971
65814 151 33054 277 6452 2 65907 383 205 369 33971
