65814 303 52672
65814 342 52672
65814 151 33054 252 65861 31 52672
65814 151 33054 252 65856 31 52672
65814 151 33054 252 65857 31 52672
65814 151 33054 332 29052 31 52672
65814 303 23029 332 65853 31 52672
65814 303 23029 332 65855 31 52672
65814 303 23029 332 10045 31 52672
65814 303 23029 332 23453 31 52672
65814 303 23029 332 29065 31 52672
65814 303 23029 332 29064 31 52672
65814 303 23029 332 29061 31 52672
65814 303 23029 332 32380 31 52672
65814 303 12956 332 48570 31 52672
65814 303 12956 332 68336 31 52672
65814 303 19515 369 40754 277 52672
65814 332 3992 31 32357 332 14973 31 52672
65814 151 33054 252 65856 31 56435 332 64602 31 52672
