65814 303 73875
65814 342 73875
65814 151 33054 252 65861 31 73875
65814 151 33054 332 29052 31 73875
65814 151 33054 32 2532 52 73875
65814 303 23029 332 65853 31 73875
65814 303 23029 332 1707 31 73875
65814 303 23029 332 23453 31 73875
65814 303 23029 332 29065 31 73875
65814 303 23029 332 29064 31 73875
65814 303 23029 294 73838 52 73875
65814 303 23029 297 61222 231 73875
65814 303 12956 282 72858 397 73875
65814 303 12956 237 69083 237 73875
65814 303 12956 237 69083 115 73875
65814 303 12956 332 68336 31 73875
65814 303 12956 288 10528 166 73875
65814 303 12956 95 31376 261 73875
65814 303 11708 45 16249 317 73875
65814 332 3992 31 3650 45 41876 317 73875
65814 303 23029 294 73838 52 71881 237 73875
65814 303 23029 294 73838 52 71881 115 73875
