65814 303 22772
65814 342 22772
65814 303 37302 60 22772
65814 332 3992 31 18715 60 22772
65814 151 33054 277 23655 151 22772
65814 151 33054 277 34555 60 22772
65814 151 33054 252 65857 31 22772
65814 151 33054 252 15927 60 22772
65814 151 33054 332 29052 31 22772
65814 303 23029 332 65853 31 22772
65814 303 23029 332 65855 31 22772
65814 303 23029 332 23453 31 22772
65814 303 23029 332 29065 31 22772
65814 303 23029 332 29064 31 22772
65814 303 37302 332 59840 31 22772
65814 303 12956 332 68334 31 22772
65814 303 67308 332 60031 31 22772
65814 332 3992 31 72079 271 67659 382 22772
65814 332 3992 31 18715 268 63530 60 22772
65814 332 3992 31 18715 268 63530 271 22772
65814 332 3992 31 18715 268 63530 151 22772
65814 151 33054 252 68338 31 25025 151 22772
65814 151 33054 252 65857 31 35957 382 22772
65814 151 33054 252 65857 31 35957 151 22772
65814 303 23029 383 71850 294 30705 60 22772
65814 303 23029 332 65855 31 53352 60 22772
65814 303 23029 332 65855 31 53352 271 22772
65814 303 23029 297 61222 231 42770 151 22772
65814 303 23029 297 61222 231 42770 271 22772
