65814 303 19515
65814 342 19515
65814 151 33054 252 19515
65814 151 33054 277 25328 277 19515
65814 151 33054 277 25328 151 19515
65814 151 33054 252 65861 31 19515
65814 151 33054 252 65856 31 19515
65814 151 33054 332 29052 31 19515
65814 303 23029 383 69092 75 19515
65814 303 23029 332 65853 31 19515
65814 303 23029 332 65855 31 19515
65814 303 23029 332 23453 31 19515
65814 303 23029 332 29065 31 19515
65814 303 23029 332 29064 31 19515
65814 303 12956 332 6058 31 19515
65814 303 52672 369 40754 277 19515
