65814 303 73559
65814 342 73559
65814 151 33054 277 73559
65814 151 33054 277 10933 369 73559
65814 151 33054 277 10933 358 73559
65814 151 33054 277 10933 252 73559
65814 151 33054 277 43452 369 73559
65814 151 33054 277 43452 252 73559
65814 151 33054 277 54871 294 73559
65814 151 33054 252 65861 31 73559
65814 151 33054 252 65856 31 73559
65814 151 33054 252 65857 31 73559
65814 151 33054 332 29052 31 73559
65814 303 23029 383 69092 294 73559
65814 303 23029 383 71850 294 73559
65814 303 23029 332 65853 31 73559
65814 303 23029 332 65855 31 73559
65814 303 23029 332 23453 31 73559
65814 303 23029 332 29065 31 73559
65814 303 23029 332 29064 31 73559
65814 303 23029 332 29061 31 73559
65814 303 23029 297 61222 231 73559
65814 303 37302 332 26184 31 73559
65814 303 37302 332 59840 31 73559
65814 303 37302 332 12340 31 73559
65814 303 12956 332 68807 31 73559
65814 303 12956 332 6058 31 73559
65814 303 12956 332 68334 31 73559
65814 303 12956 332 68336 31 73559
65814 151 33054 277 21109 155 44184 369 73559
65814 151 33054 332 29052 31 59909 294 73559
65814 332 3992 31 65908 290 21553 100 30771 310 73559
65814 151 33054 277 6452 122 21124 382 46126 6 73559
65814 151 33054 277 6452 122 21124 382 57348 6 73559
65814 151 33054 32 38944 91 49385 80 25962 369 73559
65814 303 23029 151 28384 290 49452 100 61897 310 73559
