13644 350 16633
13644 241 16633
13644 311 39456 380 16633
13644 328 2161 187 35345 177 16633
13644 328 2161 187 35345 341 16633
13644 328 2161 187 53539 350 16633
13644 350 54601 109 67332 241 16633
13644 350 54601 109 67332 350 16633
13644 350 54601 109 67332 341 16633
13644 350 54601 109 67332 12 16633
13644 350 54601 109 30652 241 16633
13644 350 54601 109 30652 350 16633
13644 350 54601 109 41559 177 16633
13644 350 54601 109 74359 350 16633
13644 350 54601 109 47900 350 16633
13644 350 54601 109 47627 350 16633
13644 350 54601 109 54184 350 16633
13644 350 54601 109 70708 241 16633
13644 350 54601 109 70708 350 16633
13644 350 54601 109 70708 341 16633
13644 350 54601 109 48190 177 16633
13644 350 54601 241 7279 241 16633
13644 350 54601 241 7279 177 16633
13644 350 54601 241 51434 58 16633
13644 350 54601 241 51434 216 16633
13644 350 54601 241 51434 341 16633
13644 350 54601 300 62434 211 16633
13644 350 54601 350 17259 109 16633
13644 350 54601 350 17259 216 16633
13644 350 54601 350 17259 58 16633
13644 350 54601 341 6841 109 16633
13644 350 54601 341 6841 241 16633
13644 350 54601 341 6841 350 16633
13644 350 54601 341 6841 341 16633
13644 350 54601 341 56026 109 16633
13644 350 54601 341 56026 241 16633
13644 350 54601 341 56026 177 16633
13644 350 54601 353 36523 216 16633
13644 350 54601 353 36523 58 16633
13644 350 54601 353 41181 58 16633
13644 350 54601 353 41181 109 16633
13644 350 54601 353 41181 216 16633
13644 350 54601 353 41181 341 16633
13644 350 54601 353 34677 216 16633
13644 350 54601 353 34677 58 16633
13644 350 54601 353 48172 216 16633
13644 350 54601 353 48172 58 16633
13644 350 54601 353 72256 216 16633
13644 350 54601 353 18883 216 16633
13644 350 54601 353 18883 58 16633
13644 350 54601 138 48426 241 16633
13644 350 54601 138 48426 350 16633
13644 350 54601 138 48426 341 16633
13644 350 54601 327 601 58 16633
13644 350 54601 327 62961 350 16633
13644 350 54601 327 62961 341 16633
13644 350 54601 327 62961 58 16633
13644 350 67909 109 71754 341 16633
13644 350 67909 109 71754 12 16633
13644 350 67909 341 70530 12 16633
13644 311 39456 187 21202 241 16633
13644 311 39456 187 21202 109 16633
13644 311 39456 187 21202 350 16633
13644 311 39456 187 21202 341 16633
13644 311 39456 181 7721 204 16633
13644 311 39456 181 61405 204 16633
13644 311 39456 380 26253 350 16633
13644 311 39456 380 26253 341 16633
13644 311 39456 380 61040 241 16633
13644 311 39456 380 61040 350 16633
13644 311 39456 380 61040 341 16633
13644 311 39456 380 2433 241 16633
13644 311 39456 380 2433 350 16633
13644 311 39456 380 2834 350 16633
13644 311 39456 380 45228 341 16633
13644 311 39456 380 10874 341 16633
13644 311 39456 380 45320 241 16633
13644 311 39456 380 45320 350 16633
13644 311 39456 380 37841 350 16633
13644 311 39456 380 21526 350 16633
13644 311 39456 380 58802 350 16633
13644 311 39456 380 58504 350 16633
13644 311 39456 380 11231 241 16633
13644 311 39456 380 11231 350 16633
13644 311 39456 380 553 241 16633
13644 311 39456 380 553 341 16633
13644 311 39456 380 553 12 16633
13644 311 39456 380 62549 350 16633
13644 311 39456 380 32749 12 16633
13644 311 39456 380 34363 241 16633
13644 311 39456 380 34363 350 16633
13644 311 39456 380 34363 341 16633
13644 311 39456 380 16500 241 16633
13644 311 39456 380 16500 109 16633
13644 311 39456 380 16500 350 16633
13644 311 39456 380 16500 341 16633
13644 311 39456 380 12032 241 16633
13644 311 39456 380 12032 350 16633
13644 311 39456 380 13782 241 16633
13644 311 39456 380 13782 350 16633
13644 311 39456 380 13782 341 16633
13644 311 39456 380 53282 241 16633
13644 311 39456 380 53282 350 16633
13644 311 39456 380 53282 341 16633
13644 311 39456 380 22078 350 16633
13644 311 39456 380 22078 341 16633
13644 311 39456 380 22078 241 16633
13644 311 39456 380 27546 350 16633
13644 311 39456 380 27546 341 16633
13644 311 39456 380 69894 241 16633
13644 311 39456 380 69894 350 16633
13644 311 39456 380 69894 341 16633
13644 311 39456 380 216 204 16633
13644 311 39456 380 33305 350 16633
13644 328 2161 187 35345 341 39042 109 16633
13644 328 2161 187 35345 341 39042 241 16633
13644 328 2161 187 35345 341 39042 350 16633
13644 328 2161 187 35345 341 39042 341 16633
13644 328 2161 187 53539 371 6173 177 16633
13644 328 2161 187 53539 371 5141 177 16633
13644 350 54601 109 67908 109 67186 350 16633
13644 350 54601 109 67908 109 67186 241 16633
13644 350 54601 109 67908 109 41184 350 16633
13644 350 54601 109 67908 109 7613 350 16633
13644 350 54601 109 67908 109 21 350 16633
13644 350 54601 109 67908 109 55022 241 16633
13644 350 54601 109 67908 109 55022 350 16633
13644 350 54601 109 67908 109 74995 216 16633
13644 350 54601 109 67908 241 13996 12 16633
13644 350 54601 109 67908 241 45279 350 16633
13644 350 54601 109 67908 350 73563 109 16633
13644 350 54601 109 67908 350 73563 241 16633
13644 350 54601 109 67908 350 73563 177 16633
13644 350 54601 109 67908 350 73563 341 16633
13644 350 54601 109 67908 341 54950 216 16633
13644 350 54601 109 67908 341 54950 58 16633
13644 350 54601 109 67908 98 68528 204 16633
13644 350 54601 109 67908 98 24406 350 16633
13644 350 54601 109 67908 353 8263 58 16633
13644 350 54601 109 67908 353 46065 216 16633
13644 350 54601 109 67908 353 46065 58 16633
13644 350 54601 109 67908 138 59212 177 16633
13644 350 54601 109 67332 172 74099 350 16633
13644 350 54601 109 67332 241 38796 241 16633
13644 350 54601 109 67332 241 38796 350 16633
13644 350 54601 109 67332 241 7379 241 16633
13644 350 54601 109 67332 241 7379 350 16633
13644 350 54601 109 67332 241 7379 341 16633
13644 350 54601 109 67332 241 1729 350 16633
13644 350 54601 109 67332 241 41910 109 16633
13644 350 54601 109 67332 241 41910 241 16633
13644 350 54601 109 67332 241 41910 350 16633
13644 350 54601 109 67332 241 41910 341 16633
13644 350 54601 109 67332 241 14689 350 16633
13644 350 54601 109 67332 241 14689 12 16633
13644 350 54601 109 67332 109 1740 241 16633
13644 350 54601 109 67332 109 1740 350 16633
13644 350 54601 109 67332 109 40233 109 16633
13644 350 54601 109 67332 109 40233 241 16633
13644 350 54601 109 67332 109 40233 350 16633
13644 350 54601 109 67332 109 40233 341 16633
13644 350 54601 109 67332 109 119 241 16633
13644 350 54601 109 67332 109 119 350 16633
13644 350 54601 109 67332 109 21208 109 16633
13644 350 54601 109 67332 109 21208 241 16633
13644 350 54601 109 67332 109 21208 350 16633
13644 350 54601 109 67332 109 16921 241 16633
13644 350 54601 109 67332 109 16921 350 16633
13644 350 54601 109 67332 109 16921 341 16633
13644 350 54601 109 67332 109 26247 241 16633
13644 350 54601 109 67332 109 26247 350 16633
13644 350 54601 109 22667 98 64184 204 16633
13644 350 54601 109 17172 350 44206 241 16633
13644 350 54601 109 17172 350 44206 350 16633
13644 350 54601 109 17172 168 23964 350 16633
13644 350 54601 109 30652 168 53698 109 16633
13644 350 54601 109 30652 168 53698 241 16633
13644 350 54601 109 30652 168 53698 350 16633
13644 350 54601 109 30652 168 53698 341 16633
13644 350 54601 109 41559 177 74726 350 16633
13644 350 54601 109 41559 138 824 350 16633
13644 350 54601 109 74359 13 7177 12 16633
13644 350 54601 109 70708 241 31012 109 16633
13644 350 54601 109 70708 241 31012 241 16633
13644 350 54601 109 70708 241 31012 350 16633
13644 350 54601 109 70708 241 31012 341 16633
13644 350 54601 109 70708 241 11927 241 16633
13644 350 54601 109 70708 241 11927 350 16633
13644 350 54601 109 70708 320 39509 241 16633
13644 350 54601 109 70708 320 39509 350 16633
13644 350 54601 109 70708 320 39509 341 16633
13644 350 54601 109 70708 320 39509 12 16633
13644 350 54601 241 36280 177 877 350 16633
13644 350 54601 241 36280 177 38666 109 16633
13644 350 54601 241 36280 177 38666 350 16633
13644 350 54601 241 36280 177 9474 241 16633
13644 350 54601 241 36280 177 9474 350 16633
13644 350 54601 241 36280 177 9474 341 16633
13644 350 54601 241 36280 177 9474 12 16633
13644 350 54601 241 36280 177 48955 109 16633
13644 350 54601 241 36280 177 48955 241 16633
13644 350 54601 241 36280 177 48955 350 16633
13644 350 54601 241 36280 177 47277 241 16633
13644 350 54601 241 36280 177 47277 350 16633
13644 350 54601 241 36280 98 64484 204 16633
13644 350 54601 241 51434 58 3139 58 16633
13644 350 54601 241 51434 216 10108 241 16633
13644 350 54601 241 51434 216 10108 177 16633
13644 350 54601 241 51434 216 63980 58 16633
13644 350 54601 241 51434 216 63980 350 16633
13644 350 54601 241 51434 216 53616 216 16633
13644 350 54601 241 51434 216 53616 58 16633
13644 350 54601 241 51434 216 46015 216 16633
13644 350 54601 241 51434 216 46015 58 16633
13644 350 54601 241 51434 216 19173 58 16633
13644 350 54601 241 51434 177 35706 216 16633
13644 350 54601 241 51434 177 35706 58 16633
13644 350 54601 241 51434 177 58787 216 16633
13644 350 54601 241 51434 353 67869 177 16633
13644 350 54601 241 51434 353 67869 58 16633
13644 350 54601 241 51434 353 19564 216 16633
13644 350 54601 241 51434 276 22571 241 16633
13644 350 54601 241 51434 276 22571 177 16633
13644 350 54601 300 62434 211 70964 241 16633
13644 350 54601 300 62434 211 70964 350 16633
13644 350 54601 300 62434 211 45370 241 16633
13644 350 54601 300 62434 211 45370 350 16633
13644 350 54601 300 62434 211 45370 341 16633
13644 350 54601 300 62434 211 1838 350 16633
13644 350 54601 300 62434 211 14245 350 16633
13644 350 54601 300 62434 211 59036 241 16633
13644 350 54601 300 62434 211 59036 350 16633
13644 350 54601 341 15401 241 51390 241 16633
13644 350 54601 341 15401 241 51390 350 16633
13644 350 54601 341 15401 241 22185 109 16633
13644 350 54601 341 15401 241 22185 241 16633
13644 350 54601 341 15401 241 22185 350 16633
13644 350 54601 341 15401 241 22185 341 16633
13644 350 54601 341 15401 241 63168 241 16633
13644 350 54601 341 15401 241 63168 350 16633
13644 350 54601 341 15401 241 63168 341 16633
13644 350 54601 341 15401 241 56695 241 16633
13644 350 54601 341 15401 241 56695 350 16633
13644 350 54601 341 15401 241 66182 241 16633
13644 350 54601 341 15401 241 66182 204 16633
13644 350 54601 341 15401 241 66182 341 16633
13644 350 54601 341 15401 241 32520 350 16633
13644 350 54601 341 15401 109 8664 350 16633
13644 350 54601 341 15401 109 23481 241 16633
13644 350 54601 341 15401 109 23481 350 16633
13644 350 54601 341 15401 109 23481 341 16633
13644 350 54601 341 15401 109 7026 241 16633
13644 350 54601 341 15401 109 7026 350 16633
13644 350 54601 341 15401 109 7026 341 16633
13644 350 54601 353 29271 109 52911 109 16633
13644 350 54601 353 29271 109 52911 241 16633
13644 350 54601 353 29271 109 52911 350 16633
13644 350 54601 353 29271 109 52911 341 16633
13644 350 54601 353 46884 58 17268 58 16633
13644 350 67909 241 42732 241 23815 350 16633
13644 350 67909 311 3668 195 39841 241 16633
13644 350 67909 311 3668 195 39841 109 16633
13644 350 67909 311 3668 195 39841 350 16633
13644 311 39456 187 21202 241 3065 350 16633
13644 311 39456 187 21202 241 3065 341 16633
13644 311 39456 380 36020 300 59812 211 16633
13644 328 2161 187 35345 177 65379 109 18614 350 16633
13644 328 2161 187 35345 341 39042 109 25165 350 16633
13644 328 2161 187 35345 341 39042 109 25165 341 16633
13644 328 2161 187 35345 341 39042 109 9575 350 16633
13644 328 2161 187 35345 341 39042 109 9596 12 16633
13644 328 2161 187 35345 341 39042 109 56949 350 16633
13644 328 2161 187 35345 341 39042 109 57985 350 16633
13644 328 2161 187 35345 341 39042 109 21929 350 16633
13644 328 2161 187 35345 341 39042 109 16693 350 16633
13644 328 2161 187 35345 341 39042 109 44497 350 16633
13644 328 2161 187 35345 341 39042 109 58024 350 16633
13644 328 2161 187 35345 341 39042 109 27678 204 16633
13644 328 2161 187 35345 341 39042 109 38918 350 16633
13644 328 2161 187 35345 341 39042 13 15441 109 16633
13644 328 2161 187 35345 341 39042 13 15441 350 16633
13644 328 2161 187 35345 341 39042 13 62061 241 16633
13644 328 2161 187 53539 177 13050 138 25993 177 16633
13644 350 54601 109 67908 98 24406 109 63005 350 16633
13644 350 54601 109 67908 138 59212 177 48042 58 16633
13644 350 54601 109 67332 172 74099 109 53512 350 16633
13644 350 54601 109 67332 172 74099 109 53512 341 16633
13644 350 54601 109 67332 172 74099 109 28643 241 16633
13644 350 54601 109 67332 172 74099 109 28643 350 16633
13644 350 54601 109 67332 172 74099 109 28643 341 16633
13644 350 54601 109 67332 313 29580 323 72578 350 16633
13644 350 54601 109 67332 341 9366 350 9952 109 16633
13644 350 54601 109 67332 341 9366 350 9952 241 16633
13644 350 54601 109 67332 341 9366 350 9952 350 16633
13644 350 54601 109 67332 341 9366 350 9952 341 16633
13644 350 54601 109 67332 109 119 109 31044 241 16633
13644 350 54601 109 67332 109 119 109 31044 350 16633
13644 350 54601 109 67332 109 119 109 31044 341 16633
13644 350 54601 109 17172 168 23964 320 54840 350 16633
13644 350 54601 109 41559 177 64886 98 73825 204 16633
13644 350 54601 109 41559 177 64312 138 220 177 16633
13644 350 54601 109 70708 241 31012 109 65164 350 16633
