13644 350 54601
13644 328 2161 187 2634 350 54601
13644 328 2161 187 35345 350 54601
13644 328 2161 187 35345 341 54601
13644 350 16633 109 62961 58 54601
13644 350 16633 109 67332 241 54601
13644 350 16633 109 67332 350 54601
13644 350 16633 109 6841 241 54601
13644 350 16633 109 30652 241 54601
13644 350 16633 109 30652 350 54601
13644 350 16633 109 74359 350 54601
13644 350 16633 109 47900 350 54601
13644 350 16633 109 47627 350 54601
13644 350 16633 109 48426 177 54601
13644 350 16633 109 54184 350 54601
13644 350 16633 109 70708 241 54601
13644 350 16633 109 70708 350 54601
13644 350 16633 109 70708 341 54601
13644 350 16633 241 51434 58 54601
13644 350 16633 241 51434 216 54601
13644 350 16633 241 51434 341 54601
13644 350 16633 241 41181 216 54601
13644 350 16633 300 62434 211 54601
13644 350 16633 350 56026 241 54601
13644 350 16633 350 56026 177 54601
13644 350 16633 350 17259 109 54601
13644 350 16633 350 17259 216 54601
13644 350 16633 350 17259 58 54601
13644 350 16633 341 7279 241 54601
13644 350 16633 341 7279 177 54601
13644 350 16633 341 7279 341 54601
13644 350 16633 353 36523 216 54601
13644 350 16633 353 36523 58 54601
13644 350 16633 353 48172 216 54601
13644 350 16633 353 48172 58 54601
13644 350 16633 353 18883 216 54601
13644 350 16633 353 18883 58 54601
13644 350 16633 353 34677 216 54601
13644 350 16633 353 34677 58 54601
13644 350 16633 353 72256 216 54601
13644 350 16633 353 72256 58 54601
13644 350 16633 138 48190 350 54601
13644 350 16633 138 41559 350 54601
13644 350 16633 327 601 58 54601
13644 350 67909 109 22667 350 54601
13644 350 67909 341 17172 241 54601
13644 350 67909 341 17172 350 54601
13644 328 2161 187 35345 13 43295 350 54601
13644 328 2161 187 35345 350 66042 350 54601
13644 328 2161 187 53539 371 57649 350 54601
13644 328 2161 187 53539 350 67908 241 54601
13644 328 2161 187 53539 350 67908 350 54601
13644 328 2161 187 53539 350 67908 341 54601
13644 328 2161 187 53539 74 63105 177 54601
13644 350 16633 109 67186 341 15401 241 54601
13644 350 16633 109 41184 350 36280 177 54601
13644 350 16633 109 41184 350 36280 241 54601
13644 350 16633 109 41184 350 36280 341 54601
13644 350 16633 109 6841 241 29271 58 54601
13644 350 16633 109 6841 241 29271 216 54601
13644 350 16633 109 48426 74 68371 58 54601
13644 350 16633 241 51434 58 24889 58 54601
13644 350 16633 241 51434 353 46884 216 54601
13644 350 16633 241 51434 353 46884 58 54601
13644 350 16633 241 51434 138 37659 177 54601
13644 350 67909 109 22667 138 28793 350 54601
13644 350 16633 109 72578 313 16619 323 65013 177 54601
