66826 350 67908
66826 350 36280 177 67908
66826 350 36280 241 67908
66826 350 36280 341 67908
66826 350 36280 109 39940 105 67908
66826 350 36280 109 39940 350 67908
66826 350 36280 109 39940 12 67908
66826 350 36280 109 39940 241 67908
66826 350 36280 109 41184 350 67908
66826 350 36280 109 41184 341 67908
66826 350 36280 109 41184 241 67908
66826 350 36280 109 41184 12 67908
66826 350 36280 109 41184 109 67908
66826 350 36280 109 4974 241 67908
66826 350 36280 109 4974 350 67908
66826 350 36280 109 4974 341 67908
66826 350 36280 109 49185 109 67908
66826 350 36280 109 49185 241 67908
66826 350 36280 109 49185 177 67908
66826 350 36280 109 49185 341 67908
66826 350 36280 109 67331 172 67908
66826 350 36280 109 67331 13 67908
66826 350 36280 109 67331 105 67908
66826 350 36280 109 67331 350 67908
66826 350 36280 109 16344 241 67908
66826 350 36280 109 16344 177 67908
66826 350 36280 109 16344 341 67908
66826 350 36280 109 60699 216 67908
66826 350 36280 109 29087 241 67908
66826 350 36280 109 29087 177 67908
66826 350 36280 109 29087 341 67908
66826 350 36280 109 15139 109 67908
66826 350 36280 109 15139 216 67908
66826 350 36280 109 15139 58 67908
66826 350 36280 109 15139 341 67908
66826 350 36280 177 6991 350 67908
66826 350 36280 177 6991 341 67908
66826 350 36280 177 6991 12 67908
66826 350 36280 177 6991 241 67908
66826 350 36280 177 39427 241 67908
66826 350 36280 177 39427 341 67908
66826 350 36280 177 26195 241 67908
66826 350 36280 177 26195 341 67908
66826 350 36280 177 54601 109 67908
66826 350 36280 177 54601 241 67908
66826 350 36280 177 54601 341 67908
66826 350 36280 241 3718 241 67908
66826 350 36280 241 3718 341 67908
66826 350 36280 105 28215 172 67908
66826 350 36280 105 28215 105 67908
66826 350 36280 353 51434 172 67908
66826 350 36280 353 51434 109 67908
66826 350 36280 353 51434 216 67908
66826 350 36280 353 51434 177 67908
66826 350 36280 353 51434 341 67908
66826 350 36280 138 45684 241 67908
66826 350 36280 138 45684 177 67908
66826 350 36280 138 45684 341 67908
66826 350 36280 109 39940 328 70355 187 67908
66826 350 36280 109 39940 350 11400 241 67908
66826 350 36280 109 39940 350 11400 350 67908
66826 350 36280 109 39940 183 49598 187 67908
66826 350 36280 109 41184 300 62434 211 67908
66826 350 36280 109 41184 241 61256 341 67908
66826 350 36280 109 4974 241 67470 350 67908
66826 350 36280 109 67331 172 67186 350 67908
66826 350 36280 109 67331 172 67186 341 67908
66826 350 36280 109 67331 172 67186 109 67908
66826 350 36280 109 67331 172 67186 241 67908
66826 350 36280 109 67331 172 10652 105 67908
66826 350 36280 109 67331 172 10652 172 67908
66826 350 36280 109 67331 172 18162 105 67908
66826 350 36280 109 67331 172 18162 350 67908
66826 350 36280 109 67331 109 46665 12 67908
66826 350 36280 109 67331 109 65602 350 67908
66826 350 36280 109 67331 341 48172 216 67908
66826 350 36280 109 67331 341 48172 58 67908
66826 350 36280 109 67331 341 18883 216 67908
66826 350 36280 109 67331 341 18883 58 67908
66826 350 36280 109 67331 341 18883 341 67908
66826 350 36280 109 16344 12 56851 172 67908
66826 350 36280 109 16344 12 56851 105 67908
66826 350 36280 177 39427 204 70447 350 67908
66826 350 36280 177 71754 241 8220 350 67908
66826 350 36280 177 71754 241 8220 12 67908
66826 350 36280 177 71754 241 74817 350 67908
66826 350 36280 177 71754 328 64499 187 67908
66826 350 36280 177 21202 241 14691 341 67908
66826 350 36280 177 21202 313 25802 323 67908
66826 350 36280 177 54601 109 43295 350 67908
66826 350 36280 177 54601 109 41559 350 67908
66826 350 36280 177 54601 109 74359 350 67908
66826 350 36280 177 54601 109 66042 350 67908
66826 350 36280 177 54601 109 47627 350 67908
66826 350 36280 177 54601 109 28793 177 67908
66826 350 36280 177 54601 109 48190 350 67908
66826 350 36280 177 54601 109 48190 341 67908
66826 350 36280 177 54601 241 7279 241 67908
66826 350 36280 177 54601 241 7279 177 67908
66826 350 36280 177 54601 350 17259 109 67908
66826 350 36280 177 54601 350 17259 241 67908
66826 350 36280 177 54601 350 17259 216 67908
66826 350 36280 177 54601 341 56026 109 67908
66826 350 36280 177 54601 341 56026 241 67908
66826 350 36280 177 54601 341 56026 177 67908
66826 350 36280 177 54601 353 41181 58 67908
66826 350 36280 177 54601 353 34677 216 67908
66826 350 36280 177 54601 353 72256 216 67908
66826 350 36280 177 54601 353 72256 341 67908
66826 350 36280 177 54601 138 63105 216 67908
66826 350 36280 177 54601 138 63105 58 67908
66826 350 36280 177 54601 138 48426 109 67908
66826 350 36280 177 54601 138 48426 241 67908
66826 350 36280 177 54601 138 48426 177 67908
66826 350 36280 177 54601 138 48426 341 67908
66826 350 36280 177 54601 327 601 177 67908
66826 350 36280 177 54601 327 601 58 67908
66826 350 36280 177 54601 327 62961 350 67908
66826 350 36280 177 54601 327 62961 341 67908
66826 350 36280 177 54601 327 62961 12 67908
66826 350 36280 177 54601 327 62961 58 67908
66826 350 36280 353 51434 58 46065 216 67908
66826 350 36280 353 51434 58 13050 216 67908
66826 350 36280 353 51434 216 59212 177 67908
66826 350 36280 353 51434 216 74995 350 67908
66826 350 36280 353 51434 216 54950 241 67908
66826 350 36280 353 51434 216 54950 216 67908
66826 350 36280 353 51434 216 8263 216 67908
66826 350 36280 353 51434 341 73563 109 67908
66826 350 36280 353 51434 341 73563 241 67908
66826 350 36280 353 51434 341 73563 177 67908
66826 350 36280 353 51434 183 15803 187 67908
66826 350 36280 353 51434 183 4515 187 67908
66826 350 36280 109 39940 328 22737 187 42977 241 67908
66826 350 36280 109 39940 328 22737 187 42977 350 67908
66826 350 36280 109 39940 328 22737 187 42977 341 67908
66826 350 36280 109 39940 350 11400 371 53539 350 67908
66826 350 36280 109 39940 350 29271 183 47036 187 67908
66826 350 36280 109 39940 183 49598 347 69930 177 67908
66826 350 36280 109 41184 300 62434 211 9942 105 67908
66826 350 36280 109 41184 300 62434 211 69510 172 67908
66826 350 36280 109 41184 300 62434 211 69510 105 67908
66826 350 36280 109 41184 300 62434 211 16371 105 67908
66826 350 36280 109 41184 300 62434 211 18745 105 67908
66826 350 36280 109 41184 300 62434 211 26159 172 67908
66826 350 36280 109 41184 300 62434 211 26159 105 67908
66826 350 36280 109 41184 350 68898 98 68528 204 67908
66826 350 36280 109 41184 350 16633 109 45279 241 67908
66826 350 36280 109 41184 350 16633 109 45279 177 67908
66826 350 36280 109 41184 350 16633 109 45279 341 67908
66826 350 36280 109 41184 350 16633 109 24406 204 67908
66826 350 36280 109 41184 350 16633 109 7613 350 67908
66826 350 36280 109 41184 350 16633 109 21 350 67908
66826 350 36280 109 41184 350 16633 109 55022 350 67908
66826 350 36280 109 41184 350 16633 13 13996 241 67908
66826 350 36280 109 41184 350 16633 13 13996 341 67908
66826 350 36280 109 41184 350 16633 98 7721 204 67908
66826 350 36280 109 41184 350 16633 138 5141 177 67908
66826 350 36280 109 16344 177 15401 327 26294 350 67908
66826 350 36280 177 39427 204 70447 109 41442 350 67908
66826 350 36280 177 71754 109 67909 105 22800 105 67908
66826 350 36280 177 71754 109 67909 341 74312 341 67908
66826 350 36280 177 71754 109 67909 341 1554 341 67908
66826 350 36280 177 71754 109 67909 341 23299 341 67908
66826 350 36280 177 51144 341 39042 341 13970 105 67908
66826 350 36280 177 21202 241 14691 313 18855 323 67908
66826 350 36280 177 21202 241 23815 313 73732 323 67908
66826 350 36280 177 21202 313 29580 323 70485 241 67908
66826 350 36280 177 21202 313 29580 323 70485 350 67908
66826 350 36280 177 21202 313 29580 323 70485 341 67908
66826 350 36280 177 26247 184 65923 195 26862 187 67908
66826 350 36280 177 54601 109 22667 138 6349 350 67908
66826 350 36280 177 54601 109 41559 138 61421 177 67908
66826 350 36280 353 51434 58 13050 216 62537 350 67908
66826 350 36280 353 51434 58 13050 138 36204 350 67908
66826 350 36280 353 51434 183 64381 69 42578 187 67908
66826 350 36280 109 39940 328 377 318 63315 69 14375 187 67908
66826 350 36280 109 41184 300 62434 211 53175 96 75078 105 67908
66826 350 36280 109 41184 350 16633 300 59812 110 19365 172 67908
66826 350 36280 109 41184 350 16633 300 59812 110 19365 105 67908
66826 350 36280 177 21202 313 29580 323 70485 350 42011 241 67908
66826 350 36280 177 21202 313 29580 323 70485 350 42011 350 67908
66826 350 36280 177 21202 313 29580 323 70485 350 42011 341 67908
66826 350 36280 177 54601 138 63105 183 57413 187 58928 177 67908
66826 350 36280 109 39940 350 11400 98 16856 81 43747 181 28894 204 67908
