66826 350 36280
66826 350 67908 241 36280
66826 350 67908 341 36280
66826 350 67908 138 36280
66826 350 67908 109 6991 138 36280
66826 350 67908 109 6991 241 36280
66826 350 67908 109 6991 177 36280
66826 350 67908 109 39940 350 36280
66826 350 67908 109 39940 341 36280
66826 350 67908 109 39940 12 36280
66826 350 67908 109 39940 241 36280
66826 350 67908 109 41184 350 36280
66826 350 67908 109 41184 241 36280
66826 350 67908 109 4974 241 36280
66826 350 67908 109 4974 350 36280
66826 350 67908 109 4974 341 36280
66826 350 67908 109 4974 138 36280
66826 350 67908 109 67331 350 36280
66826 350 67908 109 67331 138 36280
66826 350 67908 241 39427 204 36280
66826 350 67908 241 39427 341 36280
66826 350 67908 241 39427 138 36280
66826 350 67908 241 3718 341 36280
66826 350 67908 241 49185 241 36280
66826 350 67908 241 49185 350 36280
66826 350 67908 241 16344 241 36280
66826 350 67908 241 16344 350 36280
66826 350 67908 241 16344 341 36280
66826 350 67908 241 16344 138 36280
66826 350 67908 241 29087 350 36280
66826 350 67908 241 29087 341 36280
66826 350 67908 241 45684 177 36280
66826 350 67908 241 26195 241 36280
66826 350 67908 241 26195 341 36280
66826 350 67908 241 26195 138 36280
66826 350 67908 241 51434 216 36280
66826 350 67908 241 54601 241 36280
66826 350 67908 241 54601 341 36280
66826 350 67908 241 54601 138 36280
66826 350 67908 241 15139 241 36280
66826 350 67908 241 15139 350 36280
66826 350 67908 241 15139 341 36280
66826 350 67908 241 15139 138 36280
66826 350 67908 172 28215 172 36280
66826 350 67908 172 28215 105 36280
66826 350 67908 353 60699 350 36280
66826 350 67908 109 70447 98 37372 204 36280
66826 350 67908 109 70447 98 64484 204 36280
66826 350 67908 109 8220 350 6841 138 36280
66826 350 67908 109 8220 341 71754 138 36280
66826 350 67908 109 67470 109 21202 138 36280
66826 350 67908 109 67470 109 1740 138 36280
66826 350 67908 109 67470 109 55136 138 36280
66826 350 67908 109 67470 109 48955 138 36280
66826 350 67908 109 67470 109 119 138 36280
66826 350 67908 109 67470 109 16500 138 36280
66826 350 67908 109 67470 109 16921 138 36280
66826 350 67908 109 67470 109 47277 138 36280
66826 350 67908 241 54601 109 70708 138 36280
66826 350 67908 300 62434 211 877 138 36280
66826 350 67908 300 62434 211 9474 138 36280
66826 350 67908 313 25802 323 41910 138 36280
66826 350 67908 109 67186 350 16633 109 38666 138 36280
66826 350 67908 109 67186 350 16633 109 26247 138 36280
66826 350 67908 109 67186 350 16633 109 1729 138 36280
66826 350 67908 109 70447 98 37372 204 51144 138 36280
66826 350 67908 109 67470 109 16921 241 65748 138 36280
