56638 172 23142
56638 249 23142
56638 105 23142
56638 96 62223 172 23142
56638 96 62223 105 23142
56638 96 62223 303 23142
56638 96 25762 172 23142
56638 300 13797 211 23142
56638 393 67410 392 23142
56638 119 25720 373 23142
56638 119 25720 398 23142
56638 38 59812 211 23142
56638 96 62223 385 58887 254 23142
56638 96 20410 119 14472 382 23142
56638 96 63705 256 20817 254 23142
56638 96 63705 256 20817 141 23142
56638 96 25762 172 13855 172 23142
56638 96 25762 172 13855 303 23142
56638 119 25720 333 36469 217 23142
56638 385 25431 254 13658 256 4429 254 23142
56638 38 59812 211 70550 300 15652 211 23142
56638 96 62223 385 58887 254 43936 256 69974 254 23142
