64632 249 40401
64632 112 53965 172 17373 373 40401
64632 112 53965 172 17373 105 40401
64632 369 41897 252 53751 151 40401
64632 112 13437 85 17058 191 58864 217 40401
64632 112 74415 265 67410 294 6168 252 40401
64632 112 13437 217 9911 163 70719 267 43419 254 40401
64632 112 13437 85 17058 191 58864 141 25518 385 50489 254 40401
64632 112 38128 104 69092 294 65139 358 73954 15 20712 256 24028 254 40401
64632 112 38128 104 69092 294 65139 358 73954 15 20712 256 34300 254 40401
64632 112 38128 104 69092 294 65139 358 73954 15 20712 256 34300 141 40401
