27108 385 38128
27108 372 59072 6 38128
27108 255 69443 6 38128
27108 385 31083 217 29947 5 38128
27108 255 37269 383 69092 142 38128
27108 255 37269 97 75055 15 38128
27108 255 37269 97 75055 6 38128
27108 255 69443 372 586 6 38128
27108 385 31083 292 25928 342 8039 6 38128
27108 372 59072 382 10141 6 63319 15 38128
27108 372 59072 382 10141 6 63319 398 38128
27108 372 59072 382 10141 6 32864 15 38128
27108 372 59072 382 10141 6 32864 6 38128
27108 372 59072 382 10141 6 70550 15 38128
27108 372 59072 382 10141 6 70550 6 38128
27108 372 59072 382 10141 6 70550 398 38128
27108 372 59072 382 10141 6 12035 6 38128
27108 372 59072 382 10141 6 12035 385 38128
27108 372 59072 382 10141 6 39896 15 38128
27108 372 59072 382 10141 6 39896 6 38128
27108 372 59072 382 10141 6 39896 398 38128
27108 372 59072 382 10141 6 28376 398 38128
27108 372 59072 382 10141 6 44869 15 38128
27108 372 59072 382 10141 6 44869 6 38128
27108 372 59072 382 10141 6 68855 6 38128
27108 372 59072 382 10141 369 63974 271 38128
27108 372 59072 382 10141 369 63974 385 38128
27108 372 59072 382 10141 369 20905 6 38128
27108 336 41015 213 50130 121 60073 372 38128
27108 336 41015 213 50130 121 60073 396 38128
27108 336 41015 213 50130 121 21632 252 38128
27108 336 41015 213 50130 121 21632 28 38128
27108 336 41015 213 50130 121 21632 151 38128
27108 336 41015 213 50130 121 21632 396 38128
27108 336 41015 213 50130 158 17058 112 38128
27108 336 41015 213 50130 158 17058 191 38128
27108 336 41015 255 53794 255 20749 385 38128
27108 336 41015 227 29427 114 31011 385 38128
27108 336 41015 227 29427 369 60841 64 38128
27108 255 6780 336 53751 28 38944 315 38128
27108 255 6780 336 53751 28 38944 91 38128
27108 255 6780 336 53751 300 62434 211 38128
27108 255 6780 336 53751 101 9911 5 38128
27108 255 37269 336 30687 105 14736 385 38128
27108 255 37269 336 32685 336 7417 6 38128
27108 255 37269 336 57560 164 66245 385 38128
27108 255 37269 336 57560 105 42173 385 38128
27108 255 37269 383 69092 294 28806 6 38128
27108 255 37269 383 69092 294 59433 6 38128
27108 255 37269 383 69092 294 52920 385 38128
27108 255 37269 383 69092 294 5256 385 38128
27108 255 37269 383 69092 252 69931 64 38128
27108 255 69443 143 37487 113 73982 385 38128
27108 255 69443 143 37487 113 17875 15 38128
27108 255 69443 143 37487 113 17875 6 38128
27108 255 69443 143 37487 113 17875 398 38128
27108 255 69443 143 37487 113 1334 15 38128
27108 255 69443 143 37487 113 1334 398 38128
27108 255 69443 143 51907 358 4399 6 38128
27108 255 69443 143 69742 113 11658 385 38128
27108 255 69443 143 69742 113 11658 398 38128
27108 385 31083 37 22668 91 4421 85 64632 112 38128
27108 385 31083 37 22668 91 4421 85 64632 191 38128
27108 385 31083 37 22668 91 22832 85 19769 191 38128
27108 385 31083 37 22668 91 3354 382 2748 6 38128
27108 385 31083 37 22668 91 7077 379 1483 88 38128
27108 385 31083 37 22668 91 54070 6 22928 398 38128
27108 385 31083 37 22668 91 54070 6 22928 382 38128
27108 385 31083 37 22668 91 54168 254 14297 164 38128
27108 385 31083 37 22668 294 15756 271 55887 15 38128
27108 385 31083 37 22668 294 15756 271 55887 6 38128
27108 385 31083 37 22668 294 15756 271 55887 398 38128
27108 385 31083 292 25928 342 8039 6 65553 6 38128
27108 385 31083 292 25928 342 8039 6 65553 277 38128
27108 385 31083 292 25928 342 8039 6 65553 151 38128
27108 385 31083 292 25928 342 1524 102 23393 6 38128
27108 385 31083 292 25928 252 33054 277 40018 6 38128
27108 385 31083 292 25928 252 33054 277 73145 6 38128
27108 385 31083 292 25928 252 33054 277 48224 6 38128
27108 385 31083 292 25928 252 33054 277 30522 6 38128
27108 385 31083 292 25928 252 33054 252 31066 6 38128
27108 385 31083 292 25928 332 65855 31 15024 6 38128
27108 385 31083 292 25928 332 65855 31 26151 6 38128
27108 385 31083 292 25928 332 65855 31 41162 6 38128
27108 385 31083 292 25928 332 65855 31 599 15 38128
27108 385 31083 292 25928 332 65853 31 24596 6 38128
27108 385 31083 292 25928 332 29052 31 7103 15 38128
27108 385 31083 292 25928 332 29052 31 7103 6 38128
27108 385 31083 292 25928 332 29065 31 1823 15 38128
27108 385 31083 292 25928 332 29065 31 1823 6 38128
27108 385 31083 292 25928 332 29065 31 15471 6 38128
27108 385 31083 292 25928 332 29065 31 17727 6 38128
27108 385 31083 292 25928 332 29064 31 26339 6 38128
27108 385 31083 292 25928 28 73592 277 26569 385 38128
27108 385 31083 292 25928 28 73592 277 26569 398 38128
27108 336 41015 213 50130 121 60073 342 28644 6 38128
27108 336 41015 213 50130 121 60073 398 52008 15 38128
27108 336 41015 213 50130 121 60073 398 52008 6 38128
27108 336 41015 213 50130 121 60073 102 29897 6 38128
27108 336 41015 213 50130 121 60073 266 39181 6 38128
27108 336 41015 213 50130 121 60073 303 28772 6 38128
27108 336 41015 213 50130 121 60073 303 28772 277 38128
27108 336 41015 213 50130 121 60073 303 28772 28 38128
27108 336 41015 100 180 294 72636 339 29827 64 38128
27108 336 41015 227 29427 32 61102 75 322 6 38128
27108 336 41015 227 29427 32 61102 75 322 385 38128
27108 336 41015 227 29427 32 61102 75 322 398 38128
27108 255 6780 336 53751 300 59812 211 10306 271 38128
27108 255 37269 336 28397 385 61953 358 42522 6 38128
27108 255 37269 100 32131 126 6576 356 51294 271 38128
27108 255 37269 100 32131 126 6576 356 51294 385 38128
27108 385 31083 37 22668 91 15252 296 20492 99 45713 15 38128
27108 385 31083 37 22668 294 15756 45 41876 23 53219 112 38128
27108 385 31083 292 25928 252 33054 277 51254 296 30382 99 38128
27108 372 59072 382 10141 6 28376 105 27339 172 12246 6 38128
27108 372 59072 382 10141 6 28376 105 27339 172 12246 398 38128
27108 336 41015 213 50130 121 60073 398 52008 15 32129 398 38128
27108 336 41015 213 50130 121 60073 398 52008 15 32129 382 38128
