31011 385 38128
31011 385 54168 254 66245 385 38128
31011 385 54168 254 70550 15 38128
31011 385 54168 254 70550 6 38128
31011 385 54168 254 70550 398 38128
31011 385 54168 254 20749 385 38128
31011 385 54168 254 28806 6 38128
31011 385 54168 254 28376 398 38128
31011 385 54168 254 14297 164 38128
31011 385 54168 379 1483 88 38128
31011 385 54168 85 17058 112 38128
31011 385 54168 85 17058 191 38128
31011 164 52094 217 9911 5 38128
31011 164 52094 80 38944 315 38128
31011 164 52094 80 38944 91 38128
31011 164 52094 85 64632 112 38128
31011 164 52094 85 64632 191 38128
31011 164 5190 85 19769 191 38128
31011 164 8511 382 2748 6 38128
31011 164 8511 265 60841 64 38128
31011 164 44022 15 63319 15 38128
31011 164 44022 15 63319 398 38128
31011 164 72687 300 62434 211 38128
31011 164 72687 130 63974 271 38128
31011 164 72687 130 63974 385 38128
31011 155 29427 383 69092 142 38128
31011 396 54516 35 14736 385 38128
31011 297 61222 231 69931 64 38128
31011 383 19847 290 60073 372 38128
31011 383 19847 290 60073 396 38128
31011 60 21435 130 10306 271 38128
31011 385 54168 254 32655 398 69443 6 38128
31011 385 54168 254 70550 102 23393 6 38128
31011 385 54168 254 1444 383 29827 64 38128
31011 385 54168 254 6576 356 51294 271 38128
31011 385 54168 254 6576 356 51294 385 38128
31011 385 54168 254 24058 196 26151 6 38128
31011 385 54168 254 24058 196 24596 6 38128
31011 385 54168 254 24058 196 30522 6 38128
31011 385 54168 254 37302 256 55887 15 38128
31011 385 54168 254 37302 256 55887 6 38128
31011 385 54168 254 37302 256 55887 398 38128
31011 385 54168 254 18597 373 52920 385 38128
31011 385 54168 254 28376 252 21632 252 38128
31011 385 54168 254 28376 252 21632 28 38128
31011 385 54168 254 28376 252 21632 151 38128
31011 385 54168 254 28376 252 21632 396 38128
31011 385 54168 254 28376 382 65553 6 38128
31011 385 54168 254 28376 382 65553 277 38128
31011 385 54168 254 28376 382 65553 151 38128
31011 385 54168 254 28376 382 8039 6 38128
31011 385 54168 254 47724 282 7417 6 38128
31011 385 54168 379 1483 88 52008 15 38128
31011 385 54168 379 1483 88 52008 6 38128
31011 164 5190 296 20492 99 45713 15 38128
31011 164 44534 105 52734 172 11658 385 38128
31011 164 44534 105 52734 172 11658 398 38128
31011 164 44534 105 52734 105 39896 15 38128
31011 164 44534 105 52734 105 39896 6 38128
31011 164 44534 105 52734 105 39896 398 38128
31011 164 44534 105 52734 382 17727 6 38128
31011 164 11756 300 59812 211 5256 385 38128
31011 164 11756 332 65853 31 15024 6 38128
31011 164 11756 332 65853 31 31066 6 38128
31011 164 11756 332 65853 31 59433 6 38128
31011 164 11756 332 65853 31 41162 6 38128
31011 164 11756 332 65853 31 73145 6 38128
31011 164 11756 332 65853 31 48224 6 38128
31011 164 11756 332 29065 31 1823 15 38128
31011 164 11756 332 29065 31 1823 6 38128
31011 164 11756 332 29065 31 4399 6 38128
31011 164 11756 332 29065 31 42173 385 38128
31011 164 11756 332 29065 31 15471 6 38128
31011 164 11756 332 29065 31 20905 6 38128
31011 164 11756 345 58414 150 1334 15 38128
31011 164 11756 345 58414 150 1334 398 38128
31011 164 72687 300 62434 211 599 15 38128
31011 164 72687 130 63974 271 586 6 38128
31011 155 29427 75 33054 277 40018 6 38128
31011 155 29427 126 6780 336 27108 385 38128
31011 155 29427 28 73592 277 26569 385 38128
31011 155 29427 28 73592 277 26569 398 38128
31011 155 29427 332 29064 31 26339 6 38128
31011 155 29427 332 29052 31 7103 15 38128
31011 155 29427 332 29052 31 7103 6 38128
31011 155 29427 32 61102 75 322 6 38128
31011 155 29427 32 61102 75 322 385 38128
31011 155 29427 32 61102 75 322 398 38128
31011 396 54516 35 14736 385 75055 15 38128
31011 396 54516 35 14736 385 75055 6 38128
31011 383 19847 290 60073 342 28644 6 38128
31011 383 19847 290 60073 102 29897 6 38128
31011 383 19847 290 60073 266 39181 6 38128
31011 383 19847 290 60073 303 28772 6 38128
31011 383 19847 290 60073 303 28772 277 38128
31011 383 19847 290 60073 303 28772 28 38128
31011 383 19847 290 8607 271 44869 15 38128
31011 383 19847 290 8607 271 44869 6 38128
31011 52 5466 45 41876 23 53219 112 38128
31011 385 54168 254 72079 105 27339 172 12246 6 38128
31011 385 54168 254 72079 105 27339 172 12246 398 38128
31011 385 54168 254 30884 256 4070 15 73982 385 38128
31011 385 54168 254 15994 143 37487 113 17875 15 38128
31011 385 54168 254 15994 143 37487 113 17875 6 38128
31011 385 54168 254 15994 143 37487 113 17875 398 38128
31011 385 54168 254 70550 382 10141 6 59072 6 38128
31011 385 54168 254 70550 382 10141 6 32864 15 38128
31011 385 54168 254 70550 382 10141 6 32864 6 38128
31011 385 54168 254 70550 382 10141 6 12035 6 38128
31011 385 54168 254 70550 382 10141 6 12035 385 38128
31011 385 54168 254 70550 382 10141 6 68855 6 38128
31011 385 54168 254 70550 256 48065 15 22928 398 38128
31011 385 54168 254 70550 256 48065 15 22928 382 38128
31011 385 54168 254 37898 164 10979 296 30382 99 38128
31011 385 54168 37 22668 91 31083 217 29947 5 38128
31011 385 54168 379 1483 88 52008 15 32129 398 38128
31011 385 54168 379 1483 88 52008 15 32129 382 38128
31011 164 44534 105 52734 172 52103 398 5135 358 42522 6 38128
