52920 385 38128
52920 383 69092 142 38128
52920 300 62434 211 38128
52920 172 52734 172 14736 385 38128
52920 172 52734 172 11658 385 38128
52920 172 52734 172 11658 398 38128
52920 172 52734 105 39896 15 38128
52920 172 52734 105 39896 6 38128
52920 172 52734 105 39896 398 38128
52920 172 52734 105 28376 398 38128
52920 172 52734 105 63974 271 38128
52920 172 52734 105 63974 385 38128
52920 172 52734 382 17727 6 38128
52920 383 69092 75 38944 315 38128
52920 383 69092 75 38944 91 38128
52920 383 69092 294 70550 15 38128
52920 383 69092 294 70550 6 38128
52920 383 69092 294 70550 398 38128
52920 383 69092 294 28806 6 38128
52920 383 69092 294 59433 6 38128
52920 383 69092 294 5256 385 38128
52920 383 69092 252 69931 64 38128
52920 383 69092 252 60841 64 38128
52920 75 33054 277 66245 385 38128
52920 75 33054 277 40018 6 38128
52920 75 33054 277 73145 6 38128
52920 75 33054 277 48224 6 38128
52920 75 33054 277 30522 6 38128
52920 75 33054 252 4399 6 38128
52920 75 33054 252 31066 6 38128
52920 105 27339 172 12246 6 38128
52920 105 27339 172 12246 398 38128
52920 300 62434 211 63319 15 38128
52920 300 62434 211 63319 398 38128
52920 300 62434 211 599 15 38128
52920 332 65853 31 15024 6 38128
52920 332 65853 31 26151 6 38128
52920 332 65853 31 2748 6 38128
52920 332 65853 31 60073 372 38128
52920 332 65853 31 60073 396 38128
52920 332 65853 31 41162 6 38128
52920 332 65853 31 24596 6 38128
52920 332 65853 31 23393 6 38128
52920 332 65855 31 20905 6 38128
52920 332 65857 31 42173 385 38128
52920 332 29052 31 7417 6 38128
52920 332 29052 31 7103 15 38128
52920 332 29052 31 7103 6 38128
52920 332 29064 31 26339 6 38128
52920 332 29065 31 1823 15 38128
52920 332 29065 31 1823 6 38128
52920 332 29065 31 15471 6 38128
52920 151 41897 277 64632 112 38128
52920 151 41897 277 64632 191 38128
52920 172 52734 172 52103 336 69443 6 38128
52920 172 52734 172 44534 147 31011 385 38128
52920 172 52734 172 14736 385 75055 15 38128
52920 172 52734 172 14736 385 75055 6 38128
52920 172 52734 172 68448 379 1483 88 38128
52920 172 52734 105 28376 252 21632 252 38128
52920 172 52734 105 28376 252 21632 28 38128
52920 172 52734 105 28376 252 21632 151 38128
52920 172 52734 105 28376 252 21632 396 38128
52920 172 52734 105 28376 382 65553 6 38128
52920 172 52734 105 28376 382 65553 277 38128
52920 172 52734 105 28376 382 65553 151 38128
52920 172 52734 105 28376 382 8039 6 38128
52920 172 52734 105 63974 271 586 6 38128
52920 383 69092 75 53751 101 9911 5 38128
52920 383 69092 294 23798 75 322 6 38128
52920 383 69092 294 23798 75 322 385 38128
52920 383 69092 294 23798 75 322 398 38128
52920 383 69092 294 15756 271 55887 15 38128
52920 383 69092 294 15756 271 55887 6 38128
52920 383 69092 294 15756 271 55887 398 38128
52920 383 69092 294 72636 339 29827 64 38128
52920 383 69092 294 37269 336 27108 385 38128
52920 383 69092 252 69931 64 52008 15 38128
52920 383 69092 252 69931 64 52008 6 38128
52920 75 33054 277 51254 296 30382 99 38128
52920 75 33054 277 51254 85 17058 112 38128
52920 75 33054 277 51254 85 17058 191 38128
52920 75 33054 252 40313 31 17875 15 38128
52920 75 33054 252 40313 31 17875 6 38128
52920 75 33054 252 40313 31 17875 398 38128
52920 300 62434 211 72687 85 19769 191 38128
52920 332 65853 31 60073 342 28644 6 38128
52920 332 65853 31 60073 102 29897 6 38128
52920 332 65853 31 60073 266 39181 6 38128
52920 332 65853 31 60073 303 28772 6 38128
52920 332 65853 31 60073 303 28772 277 38128
52920 332 65853 31 60073 303 28772 28 38128
52920 332 29052 31 6576 356 51294 271 38128
52920 332 29052 31 6576 356 51294 385 38128
52920 332 29052 31 7417 6 12035 6 38128
52920 332 29052 31 7417 6 12035 385 38128
52920 332 23453 31 60837 6 59072 6 38128
52920 356 18597 256 54168 254 20749 385 38128
52920 356 18597 256 54168 254 14297 164 38128
52920 172 52734 172 52103 398 5135 358 42522 6 38128
52920 172 52734 172 52103 336 70609 271 32864 15 38128
52920 172 52734 172 52103 336 70609 271 32864 6 38128
52920 172 52734 172 1552 143 37487 113 73982 385 38128
52920 172 52734 172 1552 143 37487 113 1334 15 38128
52920 172 52734 172 1552 143 37487 113 1334 398 38128
52920 172 52734 172 52081 300 59812 211 10306 271 38128
52920 172 52734 172 51172 369 73592 277 26569 385 38128
52920 172 52734 172 51172 369 73592 277 26569 398 38128
52920 172 52734 105 39896 382 10141 6 44869 15 38128
52920 172 52734 105 39896 382 10141 6 44869 6 38128
52920 172 52734 105 39896 382 10141 6 68855 6 38128
52920 383 69092 75 14614 91 37057 6 22928 398 38128
52920 383 69092 75 14614 91 37057 6 22928 382 38128
52920 383 69092 75 3650 45 41876 23 53219 112 38128
52920 383 69092 75 22668 91 31083 217 29947 5 38128
52920 383 69092 294 19933 75 4870 26 32129 398 38128
52920 383 69092 294 19933 75 4870 26 32129 382 38128
52920 75 33054 277 72003 296 20492 99 45713 15 38128
