66245 385 38128
66245 300 62434 211 38128
66245 147 57560 172 14736 385 38128
66245 147 57560 105 42173 385 38128
66245 143 69742 113 11658 385 38128
66245 143 69742 113 11658 398 38128
66245 143 69742 113 69443 6 38128
66245 143 69742 113 28376 398 38128
66245 143 69742 113 7417 6 38128
66245 300 62434 211 63319 15 38128
66245 300 62434 211 63319 398 38128
66245 300 62434 211 70550 15 38128
66245 300 62434 211 70550 6 38128
66245 300 62434 211 70550 398 38128
66245 300 62434 211 52920 385 38128
66245 300 62434 211 28806 6 38128
66245 300 62434 211 599 15 38128
66245 332 1707 31 15024 6 38128
66245 332 1707 31 2748 6 38128
66245 332 1707 252 69092 142 38128
66245 332 10045 31 26151 6 38128
66245 332 10045 31 41162 6 38128
66245 332 10045 31 73145 6 38128
66245 332 10045 31 48224 6 38128
66245 332 10045 31 30522 6 38128
66245 332 1705 369 60841 64 38128
66245 332 65855 31 4399 6 38128
66245 332 65855 31 31066 6 38128
66245 332 65855 31 20905 6 38128
66245 332 65853 31 60073 372 38128
66245 332 65853 31 60073 396 38128
66245 332 65853 31 59433 6 38128
66245 332 65853 31 24596 6 38128
66245 332 65853 31 23393 6 38128
66245 332 29052 31 7103 15 38128
66245 332 29052 31 7103 6 38128
66245 332 29065 31 1823 15 38128
66245 332 29065 31 1823 6 38128
66245 332 29065 31 15471 6 38128
66245 332 29065 31 17727 6 38128
66245 332 29064 31 26339 6 38128
66245 256 54168 254 31011 385 38128
66245 256 54168 254 20749 385 38128
66245 256 54168 254 14297 164 38128
66245 256 54168 379 1483 88 38128
66245 256 54168 85 17058 112 38128
66245 256 54168 85 17058 191 38128
66245 369 33054 277 40018 6 38128
66245 369 33054 252 5256 385 38128
66245 369 33054 32 38944 315 38128
66245 369 33054 32 38944 91 38128
66245 147 57560 336 37269 336 27108 385 38128
66245 147 57560 336 37269 97 75055 15 38128
66245 147 57560 336 37269 97 75055 6 38128
66245 147 57560 213 50130 121 21632 252 38128
66245 147 57560 213 50130 121 21632 28 38128
66245 147 57560 213 50130 121 21632 151 38128
66245 147 57560 213 50130 121 21632 396 38128
66245 147 57560 255 52103 6 63974 271 38128
66245 147 57560 255 52103 6 63974 385 38128
66245 143 69742 113 52734 105 39896 15 38128
66245 143 69742 113 52734 105 39896 6 38128
66245 143 69742 113 52734 105 39896 398 38128
66245 143 69742 113 57906 102 28644 6 38128
66245 143 69742 113 69443 372 586 6 38128
66245 143 69742 113 28376 382 65553 6 38128
66245 143 69742 113 28376 382 65553 277 38128
66245 143 69742 113 28376 382 65553 151 38128
66245 143 69742 113 28376 382 8039 6 38128
66245 143 69742 113 7417 6 12035 6 38128
66245 143 69742 113 7417 6 12035 385 38128
66245 300 62434 211 1444 383 29827 64 38128
66245 300 62434 211 1444 383 69931 64 38128
66245 300 62434 211 53751 101 9911 5 38128
66245 300 62434 211 32101 85 64632 112 38128
66245 300 62434 211 32101 85 64632 191 38128
66245 300 62434 211 72687 85 19769 191 38128
66245 300 62434 211 37302 256 55887 15 38128
66245 300 62434 211 37302 256 55887 6 38128
66245 300 62434 211 37302 256 55887 398 38128
66245 332 65853 31 60073 398 52008 15 38128
66245 332 65853 31 60073 398 52008 6 38128
66245 332 65853 31 60073 102 29897 6 38128
66245 332 65853 31 60073 266 39181 6 38128
66245 332 65853 31 60073 303 28772 6 38128
66245 332 65853 31 60073 303 28772 277 38128
66245 332 65853 31 60073 303 28772 28 38128
66245 332 65853 31 51254 296 30382 99 38128
66245 332 29052 31 6576 356 51294 271 38128
66245 332 29052 31 6576 356 51294 385 38128
66245 332 29065 31 60837 6 59072 6 38128
66245 369 33054 277 23798 75 322 6 38128
66245 369 33054 277 23798 75 322 385 38128
66245 369 33054 277 23798 75 322 398 38128
66245 369 33054 252 40313 31 17875 15 38128
66245 369 33054 252 40313 31 17875 6 38128
66245 369 33054 252 40313 31 17875 398 38128
66245 147 40692 213 59108 121 45929 372 32864 15 38128
66245 147 40692 213 59108 121 45929 372 32864 6 38128
66245 147 40692 227 32131 290 8607 271 44869 15 38128
66245 147 40692 227 32131 290 8607 271 44869 6 38128
66245 147 57560 105 42173 5 5135 358 42522 6 38128
66245 143 69742 113 62465 143 37487 113 73982 385 38128
66245 143 69742 113 62465 143 37487 113 1334 15 38128
66245 143 69742 113 62465 143 37487 113 1334 398 38128
66245 143 69742 113 73338 105 27339 172 12246 6 38128
66245 143 69742 113 73338 105 27339 172 12246 398 38128
66245 143 69742 113 30884 300 59812 211 10306 271 38128
66245 143 69742 113 51172 369 73592 277 26569 385 38128
66245 143 69742 113 51172 369 73592 277 26569 398 38128
66245 143 69742 113 19897 98 61405 204 22928 398 38128
66245 143 69742 113 19897 98 61405 204 22928 382 38128
66245 143 69742 113 28376 382 10141 6 68855 6 38128
66245 300 62434 211 32101 296 20492 99 45713 15 38128
66245 300 62434 211 3650 45 41876 23 53219 112 38128
66245 332 1707 31 25928 338 31083 217 29947 5 38128
66245 332 1707 369 19933 75 4870 26 32129 398 38128
66245 332 1707 369 19933 75 4870 26 32129 382 38128
