26733 217 17518
26733 85 64632 249 17518
26733 85 64632 342 17518
26733 85 64632 101 17518
26733 37 14614 91 8511 217 17518
26733 85 17058 112 48195 217 17518
26733 85 17058 112 16174 217 17518
26733 85 17058 112 59184 217 17518
26733 85 17058 112 44022 217 17518
26733 85 17058 112 42549 217 17518
26733 85 17058 112 8059 217 17518
26733 85 17058 112 41106 217 17518
26733 85 17058 112 53895 217 17518
26733 85 17058 112 15254 217 17518
26733 85 17058 112 3354 217 17518
26733 85 17058 112 7077 217 17518
26733 85 17058 112 69304 217 17518
26733 85 17058 112 10965 217 17518
26733 85 17058 112 32276 217 17518
26733 85 17058 112 59147 217 17518
26733 85 17058 112 35283 217 17518
26733 85 17058 112 71797 217 17518
26733 85 17058 112 35347 217 17518
26733 85 17058 112 58671 217 17518
26733 85 17058 112 47937 217 17518
26733 85 17058 112 2913 217 17518
26733 85 17058 112 40993 217 17518
26733 85 17058 112 32101 217 17518
26733 85 17058 112 38490 147 17518
26733 85 17058 112 56943 217 17518
26733 85 17058 112 8593 217 17518
26733 85 17058 112 54070 217 17518
26733 85 17058 112 17077 217 17518
26733 85 17058 112 72687 217 17518
26733 85 17058 112 36348 217 17518
26733 85 17058 112 32059 217 17518
26733 85 17058 112 49641 217 17518
26733 85 17058 112 23800 217 17518
26733 85 17058 112 48679 217 17518
26733 85 17058 112 6422 217 17518
26733 85 17058 112 54296 217 17518
26733 85 17058 112 30988 217 17518
26733 85 17058 112 40647 217 17518
26733 85 17058 112 64733 217 17518
26733 85 17058 112 38996 217 17518
26733 85 17058 112 8318 217 17518
26733 85 17058 112 41863 217 17518
26733 85 17058 112 50547 217 17518
26733 85 17058 112 21419 217 17518
26733 85 17058 112 17712 217 17518
26733 85 17058 112 27545 217 17518
26733 85 17058 112 50538 217 17518
26733 85 17058 112 48065 217 17518
26733 85 17058 112 23327 217 17518
26733 85 17058 112 52008 217 17518
26733 85 17058 112 69700 217 17518
26733 85 17058 112 65877 217 17518
26733 85 17058 112 38197 217 17518
26733 85 17058 112 42552 217 17518
26733 85 17058 112 32844 217 17518
26733 85 17058 112 9678 217 17518
26733 85 17058 191 40683 217 17518
26733 85 17058 191 50565 217 17518
26733 85 17058 191 49073 217 17518
26733 85 17058 191 370 217 17518
26733 85 17058 191 57132 217 17518
26733 85 64632 112 28511 217 17518
26733 85 64632 112 56194 217 17518
26733 85 64632 112 26212 217 17518
26733 85 64632 303 30109 342 17518
26733 85 64632 303 30109 303 17518
26733 37 14614 369 33054 277 45649 342 17518
26733 85 17058 112 15254 330 10280 217 17518
26733 85 64632 249 4148 256 59898 217 17518
26733 80 22537 315 37529 117 3580 334 5411 217 17518
26733 80 22537 315 39870 217 59220 361 2356 217 17518
26733 80 22537 315 39870 37 38944 91 3723 217 17518
26733 80 22537 315 39870 37 38944 91 40144 217 17518
26733 80 22537 315 10979 296 30382 99 47560 217 17518
26733 80 22537 315 20363 217 13083 5 8574 141 17518
26733 37 14614 91 12546 358 17373 164 29753 147 17518
26733 37 14614 369 33054 252 3124 256 30711 254 17518
26733 37 14614 369 33054 252 3124 256 30711 217 17518
