38128 217 9911
38128 15 63319 15 44022 217 9911
38128 15 63319 15 69304 217 9911
38128 15 63319 15 10519 217 9911
38128 15 63319 15 1293 217 9911
38128 15 63319 15 74368 217 9911
38128 15 63319 15 65877 217 9911
38128 15 63319 15 9678 217 9911
38128 15 70550 256 48065 217 9911
38128 15 22928 15 17215 217 9911
38128 15 22928 382 37057 217 9911
38128 15 22928 382 6422 217 9911
38128 15 22928 382 6983 217 9911
38128 382 8039 6 53751 101 9911
38128 382 2748 6 8511 217 9911
38128 382 2748 6 15254 217 9911
38128 382 2748 6 3354 217 9911
38128 382 2748 6 7077 217 9911
38128 382 2748 6 71797 217 9911
38128 382 2748 6 11756 217 9911
38128 382 2748 6 15104 217 9911
38128 382 2748 6 48679 217 9911
38128 382 2748 6 54296 217 9911
38128 382 2748 6 64733 217 9911
38128 382 2748 6 27545 217 9911
38128 300 62434 211 32101 217 9911
38128 300 62434 211 72687 217 9911
38128 80 38944 315 13437 217 9911
38128 80 38944 315 10896 217 9911
38128 80 38944 315 48029 217 9911
38128 80 38944 315 40683 217 9911
38128 80 38944 315 52094 217 9911
38128 80 38944 315 48195 217 9911
38128 80 38944 315 45843 217 9911
38128 80 38944 315 1834 217 9911
38128 80 38944 315 27648 217 9911
38128 80 38944 315 69613 217 9911
38128 80 38944 315 5190 217 9911
38128 80 38944 315 3509 217 9911
38128 80 38944 315 28511 217 9911
38128 80 38944 315 336 217 9911
38128 80 38944 315 32276 217 9911
38128 80 38944 315 3217 217 9911
38128 80 38944 315 59143 217 9911
38128 80 38944 315 35283 217 9911
38128 80 38944 315 37047 217 9911
38128 80 38944 315 47937 217 9911
38128 80 38944 315 2913 217 9911
38128 80 38944 315 36374 217 9911
38128 80 38944 315 40993 217 9911
38128 80 38944 315 18482 217 9911
38128 80 38944 315 49651 217 9911
38128 80 38944 315 56943 217 9911
38128 80 38944 315 34882 217 9911
38128 80 38944 315 69324 217 9911
38128 80 38944 315 8593 217 9911
38128 80 38944 315 25205 217 9911
38128 80 38944 315 27581 217 9911
38128 80 38944 315 11635 217 9911
38128 80 38944 315 17898 217 9911
38128 80 38944 315 11783 217 9911
38128 80 38944 315 39066 217 9911
38128 80 38944 315 55218 217 9911
38128 80 38944 315 23800 217 9911
38128 80 38944 315 10797 217 9911
38128 80 38944 315 17439 217 9911
38128 80 38944 315 30988 217 9911
38128 80 38944 315 52707 217 9911
38128 80 38944 315 68577 217 9911
38128 80 38944 315 8318 217 9911
38128 80 38944 315 32747 217 9911
38128 80 38944 315 50547 217 9911
38128 80 38944 315 71904 217 9911
38128 80 38944 315 17712 217 9911
38128 80 38944 315 65682 217 9911
38128 80 38944 315 60434 217 9911
38128 80 38944 315 50538 217 9911
38128 80 38944 315 66068 217 9911
38128 80 38944 315 16377 217 9911
38128 80 38944 315 23327 217 9911
38128 80 38944 315 59979 217 9911
38128 80 38944 315 53399 217 9911
38128 80 38944 315 69700 217 9911
38128 80 38944 315 43709 217 9911
38128 80 38944 315 71447 217 9911
38128 80 38944 315 52278 217 9911
38128 80 38944 315 15495 217 9911
38128 80 38944 91 60675 217 9911
38128 80 38944 91 36348 217 9911
38128 80 38944 91 57982 217 9911
38128 80 38944 91 26212 217 9911
38128 80 38944 91 56811 217 9911
38128 80 38944 91 59497 217 9911
38128 80 38944 278 71484 111 9911
38128 379 1483 88 33316 217 9911
38128 296 30382 99 47560 217 9911
38128 85 17058 112 21064 217 9911
38128 85 17058 112 42549 217 9911
38128 85 17058 112 8059 217 9911
38128 85 17058 112 42467 217 9911
38128 85 17058 112 51442 217 9911
38128 85 17058 112 28573 217 9911
38128 85 17058 112 22471 217 9911
38128 85 17058 112 2372 217 9911
38128 85 17058 112 50683 217 9911
38128 85 17058 112 20363 217 9911
38128 85 64632 112 17505 217 9911
38128 85 64632 112 55961 217 9911
38128 85 64632 112 51928 217 9911
38128 85 64632 112 35258 217 9911
38128 85 64632 112 50496 217 9911
38128 85 64632 342 74693 111 9911
38128 85 64632 342 74693 163 9911
38128 141 31011 164 71812 217 9911
38128 15 70550 300 59812 110 50318 342 9911
38128 15 70550 300 5604 110 18069 111 9911
38128 15 70550 300 5604 110 18069 163 9911
38128 15 70550 332 65861 31 23605 111 9911
38128 15 1334 345 38563 150 44267 217 9911
38128 15 1334 345 38563 150 68447 217 9911
38128 398 52008 217 17518 5 5411 217 9911
38128 398 45713 217 41653 275 52706 163 9911
38128 398 45713 217 41653 119 62986 295 9911
38128 398 45713 296 20492 99 18169 217 9911
38128 398 45713 296 20492 99 29074 217 9911
38128 382 28806 6 47724 24 2759 122 9911
38128 300 62434 211 14858 114 49212 249 9911
38128 300 62434 211 14858 114 49212 342 9911
38128 300 62434 211 14858 114 49212 101 9911
38128 300 62434 211 14858 114 49212 303 9911
38128 300 62434 211 32131 278 70735 111 9911
38128 300 62434 211 32131 278 24251 111 9911
38128 85 17058 112 69422 254 61067 101 9911
38128 85 17058 112 69422 254 61067 111 9911
38128 85 64632 249 75101 278 26 163 9911
38128 85 64632 249 75101 278 51666 111 9911
38128 85 64632 342 74693 96 24573 163 9911
38128 85 64632 342 74693 96 9976 111 9911
38128 85 64632 342 74693 96 9976 163 9911
38128 85 64632 342 74693 96 9312 111 9911
38128 85 64632 342 74693 96 9312 163 9911
38128 85 64632 342 74693 275 7269 163 9911
38128 265 69931 147 17373 28 26810 163 9911
38128 265 69931 147 17373 373 30991 101 9911
38128 265 69931 147 17373 373 40151 163 9911
38128 265 69931 147 17373 373 26841 163 9911
38128 265 69931 147 17373 373 67852 342 9911
38128 265 69931 147 17373 373 67852 101 9911
38128 265 69931 147 17373 373 40562 163 9911
38128 265 69931 147 17373 373 38364 163 9911
38128 265 69931 147 17373 373 68050 111 9911
38128 265 69931 147 17373 373 38042 163 9911
38128 265 69931 147 17373 373 45465 111 9911
38128 265 69931 147 17373 373 73850 111 9911
38128 265 69931 147 17373 373 73850 163 9911
38128 265 69931 147 17373 373 65238 249 9911
38128 265 69931 147 17373 373 3155 342 9911
38128 265 69931 147 17373 373 3155 163 9911
38128 265 69931 147 17373 373 2139 163 9911
38128 265 69931 147 17373 373 16178 249 9911
38128 265 69931 147 17373 373 16178 101 9911
38128 265 69931 147 17373 373 69606 111 9911
38128 265 69931 147 17373 373 69606 163 9911
38128 265 69931 147 17373 373 16243 163 9911
38128 265 60841 75 63840 278 68546 249 9911
38128 265 60841 75 63840 278 68546 342 9911
38128 265 60841 75 33761 278 53904 101 9911
38128 265 60841 272 20503 278 20123 111 9911
38128 265 60841 272 20503 278 20123 163 9911
38128 265 60841 272 53574 278 46024 111 9911
38128 265 60841 272 53574 278 46024 163 9911
38128 265 29827 277 37929 278 40552 111 9911
38128 265 29827 277 37929 278 40552 163 9911
38128 104 69092 75 22668 91 59058 217 9911
38128 104 69092 294 66920 278 5182 111 9911
38128 104 69092 294 19933 64 46952 217 9911
38128 15 63319 15 44022 296 1819 99 57428 217 9911
38128 15 70550 300 59812 110 19365 96 74163 111 9911
38128 15 70550 300 5604 110 31974 275 43818 163 9911
38128 15 70550 332 29065 31 45763 278 16713 111 9911
38128 15 70550 332 29065 31 15060 278 64293 111 9911
38128 15 28376 294 50528 252 50327 278 16139 111 9911
38128 15 28376 294 50528 151 39595 278 23644 111 9911
38128 398 45713 217 41653 119 62986 295 59580 111 9911
38128 398 45713 217 41653 119 62986 295 28674 111 9911
38128 398 45713 217 41653 119 62986 295 2182 111 9911
38128 398 45713 217 41653 119 62986 295 4245 111 9911
38128 398 45713 217 41653 119 62986 295 23183 111 9911
38128 398 45713 217 41653 119 62986 295 5635 111 9911
38128 398 45713 217 41653 119 62986 295 42366 111 9911
38128 398 45713 217 41653 119 62986 295 44216 111 9911
38128 398 45713 217 41653 119 62986 295 70719 111 9911
38128 382 28806 6 47724 24 18017 122 33602 111 9911
38128 382 28806 6 47724 24 2759 122 57792 111 9911
38128 382 28806 6 47724 24 2759 122 15842 111 9911
38128 382 28806 6 47724 24 2759 122 64185 163 9911
38128 382 28806 6 47724 24 2759 122 2165 111 9911
38128 382 28806 6 47724 24 2759 122 36293 163 9911
38128 382 28806 6 47724 24 2759 122 19999 111 9911
38128 382 28806 6 47724 24 11544 122 11713 111 9911
38128 382 28806 6 47724 24 11544 122 17600 163 9911
38128 382 28806 6 47724 24 11544 122 63578 111 9911
38128 382 28806 6 47724 24 11544 122 29785 111 9911
38128 382 28806 6 47724 24 11544 122 69966 111 9911
38128 300 62434 211 21109 155 20679 278 55319 342 9911
38128 300 62434 211 21109 155 20679 278 55319 101 9911
38128 300 62434 211 21109 155 20679 278 55319 303 9911
38128 80 38944 315 18896 296 50106 99 31858 217 9911
38128 80 38944 28 27067 32 51512 278 29732 101 9911
38128 80 38944 28 27067 32 51512 278 29732 249 9911
38128 80 38944 8 75194 25 75196 278 52414 111 9911
38128 265 69931 75 33951 32 56447 278 32117 342 9911
38128 265 69931 147 17373 373 68050 275 32296 163 9911
38128 104 69092 294 74024 277 73974 278 8970 111 9911
38128 15 63319 15 69304 265 30796 151 35064 278 37069 111 9911
38128 382 28806 6 47724 24 2759 122 64185 96 8418 163 9911
38128 382 28806 6 47724 24 2759 122 64185 96 13249 163 9911
