40683 217 17518
40683 374 64632 249 17518
40683 374 64632 342 17518
40683 374 64632 101 17518
40683 217 9911 5 48195 217 17518
40683 217 9911 5 47560 217 17518
40683 217 9911 5 8511 217 17518
40683 217 9911 5 44022 217 17518
40683 217 9911 5 42549 217 17518
40683 217 9911 5 5411 217 17518
40683 217 9911 5 28511 217 17518
40683 217 9911 5 8059 217 17518
40683 217 9911 5 15254 217 17518
40683 217 9911 5 3354 217 17518
40683 217 9911 5 7077 217 17518
40683 217 9911 5 69304 217 17518
40683 217 9911 5 32276 217 17518
40683 217 9911 5 35283 217 17518
40683 217 9911 5 71797 217 17518
40683 217 9911 5 47937 217 17518
40683 217 9911 5 2913 217 17518
40683 217 9911 5 40993 217 17518
40683 217 9911 5 32101 217 17518
40683 217 9911 5 56943 217 17518
40683 217 9911 5 8593 217 17518
40683 217 9911 5 72687 217 17518
40683 217 9911 5 36348 217 17518
40683 217 9911 5 23800 217 17518
40683 217 9911 5 48679 217 17518
40683 217 9911 5 6422 217 17518
40683 217 9911 5 54296 217 17518
40683 217 9911 5 30988 217 17518
40683 217 9911 5 64733 217 17518
40683 217 9911 5 8318 217 17518
40683 217 9911 5 50547 217 17518
40683 217 9911 5 17712 217 17518
40683 217 9911 5 27545 217 17518
40683 217 9911 5 50538 217 17518
40683 217 9911 5 48065 217 17518
40683 217 9911 5 23327 217 17518
40683 217 9911 5 26212 217 17518
40683 217 9911 5 69700 217 17518
40683 217 9911 5 65877 217 17518
40683 217 9911 5 9678 217 17518
40683 80 38944 315 16174 217 17518
40683 80 38944 315 59184 217 17518
40683 80 38944 315 41106 217 17518
40683 80 38944 315 53895 217 17518
40683 80 38944 315 59147 217 17518
40683 80 38944 315 35347 217 17518
40683 80 38944 315 58671 217 17518
40683 80 38944 315 59898 217 17518
40683 80 38944 315 17077 217 17518
40683 80 38944 315 56194 217 17518
40683 80 38944 315 32059 217 17518
40683 80 38944 315 49641 217 17518
40683 80 38944 315 40647 217 17518
40683 80 38944 315 38996 217 17518
40683 80 38944 315 41863 217 17518
40683 80 38944 315 21419 217 17518
40683 80 38944 315 42552 217 17518
40683 80 38944 315 32844 217 17518
40683 80 38944 91 3723 217 17518
40683 80 38944 91 40144 217 17518
40683 296 1819 99 38490 147 17518
40683 374 64632 112 26733 217 17518
40683 374 64632 112 10965 217 17518
40683 374 64632 112 38197 217 17518
40683 374 64632 303 30109 342 17518
40683 374 64632 303 30109 303 17518
40683 374 64632 303 50565 217 17518
40683 374 17058 112 54070 217 17518
40683 374 17058 112 52008 217 17518
40683 374 17058 191 49073 217 17518
40683 374 17058 191 370 217 17518
40683 374 17058 191 57132 217 17518
40683 217 9911 5 15254 330 10280 217 17518
40683 80 38944 75 33054 277 45649 342 17518
40683 265 19933 172 17373 164 29753 147 17518
40683 217 9911 5 1293 217 14330 91 2356 217 17518
40683 217 9911 5 2372 220 55214 218 8574 141 17518
40683 80 38944 75 33054 252 3124 256 30711 254 17518
40683 80 38944 75 33054 252 3124 256 30711 217 17518
