40683 217 9911
40683 217 17518 5 48195 217 9911
40683 217 17518 5 47560 217 9911
40683 217 17518 5 8511 217 9911
40683 217 17518 5 44022 217 9911
40683 217 17518 5 42549 217 9911
40683 217 17518 5 5411 217 9911
40683 217 17518 5 28511 217 9911
40683 217 17518 5 8059 217 9911
40683 217 17518 5 15254 217 9911
40683 217 17518 5 3354 217 9911
40683 217 17518 5 7077 217 9911
40683 217 17518 5 69304 217 9911
40683 217 17518 5 32276 217 9911
40683 217 17518 5 35283 217 9911
40683 217 17518 5 71797 217 9911
40683 217 17518 5 47937 217 9911
40683 217 17518 5 2913 217 9911
40683 217 17518 5 40993 217 9911
40683 217 17518 5 32101 217 9911
40683 217 17518 5 56943 217 9911
40683 217 17518 5 8593 217 9911
40683 217 17518 5 72687 217 9911
40683 217 17518 5 36348 217 9911
40683 217 17518 5 23800 217 9911
40683 217 17518 5 48679 217 9911
40683 217 17518 5 6422 217 9911
40683 217 17518 5 54296 217 9911
40683 217 17518 5 30988 217 9911
40683 217 17518 5 64733 217 9911
40683 217 17518 5 8318 217 9911
40683 217 17518 5 50547 217 9911
40683 217 17518 5 17712 217 9911
40683 217 17518 5 27545 217 9911
40683 217 17518 5 50538 217 9911
40683 217 17518 5 48065 217 9911
40683 217 17518 5 23327 217 9911
40683 217 17518 5 26212 217 9911
40683 217 17518 5 69700 217 9911
40683 217 17518 5 65877 217 9911
40683 217 17518 5 9678 217 9911
40683 80 38944 315 13437 217 9911
40683 80 38944 315 10896 217 9911
40683 80 38944 315 48029 217 9911
40683 80 38944 315 38128 217 9911
40683 80 38944 315 52094 217 9911
40683 80 38944 315 45843 217 9911
40683 80 38944 315 1834 217 9911
40683 80 38944 315 27648 217 9911
40683 80 38944 315 69613 217 9911
40683 80 38944 315 5190 217 9911
40683 80 38944 315 3509 217 9911
40683 80 38944 315 336 217 9911
40683 80 38944 315 3217 217 9911
40683 80 38944 315 59143 217 9911
40683 80 38944 315 37047 217 9911
40683 80 38944 315 36374 217 9911
40683 80 38944 315 10519 217 9911
40683 80 38944 315 11756 217 9911
40683 80 38944 315 18482 217 9911
40683 80 38944 315 49651 217 9911
40683 80 38944 315 34882 217 9911
40683 80 38944 315 69324 217 9911
40683 80 38944 315 25205 217 9911
40683 80 38944 315 1293 217 9911
40683 80 38944 315 27581 217 9911
40683 80 38944 315 11635 217 9911
40683 80 38944 315 17898 217 9911
40683 80 38944 315 11783 217 9911
40683 80 38944 315 39066 217 9911
40683 80 38944 315 55218 217 9911
40683 80 38944 315 10797 217 9911
40683 80 38944 315 17439 217 9911
40683 80 38944 315 52707 217 9911
40683 80 38944 315 68577 217 9911
40683 80 38944 315 32747 217 9911
40683 80 38944 315 71904 217 9911
40683 80 38944 315 65682 217 9911
40683 80 38944 315 60434 217 9911
40683 80 38944 315 66068 217 9911
40683 80 38944 315 16377 217 9911
40683 80 38944 315 59979 217 9911
40683 80 38944 315 53399 217 9911
40683 80 38944 315 43709 217 9911
40683 80 38944 315 71447 217 9911
40683 80 38944 315 52278 217 9911
40683 80 38944 315 15495 217 9911
40683 80 38944 91 60675 217 9911
40683 80 38944 91 57982 217 9911
40683 80 38944 91 56811 217 9911
40683 80 38944 91 59497 217 9911
40683 80 38944 358 53751 101 9911
40683 80 38944 278 71484 111 9911
40683 296 1819 99 57428 217 9911
40683 374 64632 112 17505 217 9911
40683 374 64632 112 21064 217 9911
40683 374 64632 112 55961 217 9911
40683 374 64632 112 42467 217 9911
40683 374 64632 112 15104 217 9911
40683 374 64632 112 51442 217 9911
40683 374 64632 112 6983 217 9911
40683 374 64632 112 28573 217 9911
40683 374 64632 112 33316 217 9911
40683 374 64632 112 22471 217 9911
40683 374 64632 112 51928 217 9911
40683 374 64632 112 74368 217 9911
40683 374 64632 112 2372 217 9911
40683 374 64632 112 17215 217 9911
40683 374 64632 112 37057 217 9911
40683 374 64632 112 50683 217 9911
40683 374 64632 112 35258 217 9911
40683 374 64632 112 50496 217 9911
40683 374 64632 112 20363 217 9911
40683 374 64632 342 74693 111 9911
40683 374 64632 342 74693 163 9911
40683 265 19933 64 46952 217 9911
40683 80 38944 315 75039 207 2759 122 9911
40683 80 38944 32 67410 392 50318 342 9911
40683 80 38944 278 34744 119 62986 295 9911
40683 374 64632 249 75101 278 26 163 9911
40683 374 64632 249 75101 278 51666 111 9911
40683 374 64632 342 74693 96 24573 163 9911
40683 374 64632 342 74693 96 9976 111 9911
40683 374 64632 342 74693 96 9976 163 9911
40683 374 64632 342 74693 96 18069 111 9911
40683 374 64632 342 74693 96 18069 163 9911
40683 374 64632 342 74693 96 9312 111 9911
40683 374 64632 342 74693 96 9312 163 9911
40683 374 64632 342 74693 275 7269 163 9911
40683 374 17058 112 69422 254 61067 101 9911
40683 374 17058 112 69422 254 61067 111 9911
40683 265 19933 277 60080 278 2139 163 9911
40683 265 19933 75 38207 278 68050 111 9911
40683 265 19933 172 17373 28 26810 163 9911
40683 265 19933 172 17373 373 30991 101 9911
40683 265 19933 172 17373 373 40151 163 9911
40683 265 19933 172 17373 373 26841 163 9911
40683 265 19933 172 17373 373 67852 342 9911
40683 265 19933 172 17373 373 67852 101 9911
40683 265 19933 172 17373 373 40562 163 9911
40683 265 19933 172 17373 373 23605 111 9911
40683 265 19933 172 17373 373 38364 163 9911
40683 265 19933 172 17373 373 38042 163 9911
40683 265 19933 172 17373 373 45465 111 9911
40683 265 19933 172 17373 373 73850 111 9911
40683 265 19933 172 17373 373 73850 163 9911
40683 265 19933 172 17373 373 65238 249 9911
40683 265 19933 172 17373 373 3155 342 9911
40683 265 19933 172 17373 373 3155 163 9911
40683 265 19933 172 17373 373 16178 249 9911
40683 265 19933 172 17373 373 16178 101 9911
40683 265 19933 172 17373 373 69606 111 9911
40683 265 19933 172 17373 373 69606 163 9911
40683 265 19933 172 17373 373 16243 163 9911
40683 265 19933 172 17373 164 49212 249 9911
40683 265 19933 172 17373 164 49212 342 9911
40683 265 19933 172 17373 164 49212 101 9911
40683 265 19933 172 17373 164 49212 303 9911
40683 281 57080 147 31011 164 71812 217 9911
40683 217 17518 5 59184 37 22668 91 59058 217 9911
40683 217 17518 5 15254 296 20492 99 18169 217 9911
40683 217 17518 5 15254 296 20492 99 29074 217 9911
40683 217 17518 5 36348 80 32131 278 70735 111 9911
40683 217 17518 5 36348 80 32131 278 24251 111 9911
40683 217 17518 5 10280 309 73723 182 68447 217 9911
40683 217 17518 5 10280 345 38563 150 44267 217 9911
40683 217 17518 5 10280 198 14472 295 53904 101 9911
40683 217 17518 5 10280 207 18017 122 33602 111 9911
40683 80 38944 315 74194 226 7232 275 74163 111 9911
40683 80 38944 315 18896 296 50106 99 31858 217 9911
40683 80 38944 315 75039 207 2759 122 57792 111 9911
40683 80 38944 315 75039 207 2759 122 59580 111 9911
40683 80 38944 315 75039 207 2759 122 15842 111 9911
40683 80 38944 315 75039 207 2759 122 64185 163 9911
40683 80 38944 315 75039 207 2759 122 2165 111 9911
40683 80 38944 315 75039 207 2759 122 40552 111 9911
40683 80 38944 315 75039 207 2759 122 40552 163 9911
40683 80 38944 315 75039 207 2759 122 23183 111 9911
40683 80 38944 315 75039 207 2759 122 36293 163 9911
40683 80 38944 315 75039 207 2759 122 44216 111 9911
40683 80 38944 315 75039 207 2759 122 19999 111 9911
40683 80 38944 315 75039 207 2759 122 70719 111 9911
40683 80 38944 28 25961 32 20679 278 55319 342 9911
40683 80 38944 28 25961 32 20679 278 55319 101 9911
40683 80 38944 28 25961 32 20679 278 55319 303 9911
40683 80 38944 28 25961 32 66920 278 5182 111 9911
40683 80 38944 28 27067 32 51512 278 29732 101 9911
40683 80 38944 28 27067 32 51512 278 29732 249 9911
40683 80 38944 8 75194 25 75196 278 52414 111 9911
40683 80 38944 278 34744 119 62986 295 16139 111 9911
40683 80 38944 278 34744 119 62986 295 28674 111 9911
40683 80 38944 278 34744 119 62986 295 2182 111 9911
40683 80 38944 278 34744 119 62986 295 4245 111 9911
40683 80 38944 278 34744 119 62986 295 16713 111 9911
40683 80 38944 278 34744 119 62986 295 5635 111 9911
40683 80 38944 278 34744 119 62986 295 64293 111 9911
40683 80 38944 278 34744 119 62986 295 20123 111 9911
40683 80 38944 278 34744 119 62986 295 20123 163 9911
40683 80 38944 278 34744 119 62986 295 23644 111 9911
40683 80 38944 278 34744 119 62986 295 42366 111 9911
40683 80 38944 278 71484 82 11544 122 11713 111 9911
40683 80 38944 278 71484 82 11544 122 17600 163 9911
40683 80 38944 278 71484 82 11544 122 63578 111 9911
40683 80 38944 278 71484 82 11544 122 29785 111 9911
40683 80 38944 278 71484 82 11544 122 69966 111 9911
40683 374 64632 249 589 155 53574 278 46024 111 9911
40683 374 64632 249 589 155 53574 278 46024 163 9911
40683 374 64632 342 74693 119 53732 295 52706 163 9911
40683 374 17058 112 58113 141 31974 275 43818 163 9911
40683 265 19933 75 38207 278 68050 275 32296 163 9911
40683 265 19933 161 45397 186 56447 278 32117 342 9911
40683 217 17518 5 48195 265 30796 151 35064 278 37069 111 9911
40683 217 17518 5 8511 265 60841 75 63840 278 68546 249 9911
40683 217 17518 5 8511 265 60841 75 63840 278 68546 342 9911
40683 217 17518 5 71797 265 74024 277 73974 278 8970 111 9911
40683 80 38944 315 75039 207 2759 122 64185 96 8418 163 9911
40683 80 38944 315 75039 207 2759 122 64185 96 13249 163 9911
