46375 217 448
46375 117 17509 334 47615 217 448
46375 117 17509 334 6222 80 38944 315 48065 254 448
46375 117 17509 334 6222 217 30918 119 14472 5 74373 217 448
46375 117 17509 334 6222 217 30918 119 14472 5 74373 15 448
46375 117 17509 334 6222 217 30918 96 25762 172 23142 300 15652 211 448
46375 117 17509 334 6222 217 30918 369 33054 277 25575 344 8546 6 448
46375 117 17509 334 6222 217 30918 369 33054 277 50963 256 52368 254 448
46375 117 17509 334 6222 217 30918 369 33054 277 50963 256 52368 141 448
46375 117 17509 334 6222 217 30918 369 33054 277 52898 334 20251 217 448
46375 117 17509 334 6222 217 30918 369 33054 277 52898 334 20251 130 448
46375 117 17509 334 6222 80 38944 315 10896 117 3580 334 61812 217 448
46375 117 17509 334 6222 217 30918 96 25762 172 23142 300 15652 211 48280 5 737 217 448
