61161 217 63705
61161 254 63705
61161 254 40417 256 68067 254 63705
61161 254 40417 256 68067 165 63705
61161 254 40417 256 20817 254 63705
61161 254 40417 256 20817 141 63705
61161 254 40417 75 39781 278 72579 96 63705
61161 254 40417 75 39781 278 72579 275 63705
61161 254 40417 383 27358 36 58786 263 63705
61161 254 40417 256 68067 226 45887 96 63705
61161 254 40417 256 68067 226 45887 275 63705
61161 254 40417 256 68067 198 25720 295 63705
61161 254 40417 256 68067 207 11544 122 63705
61161 254 40417 256 68067 251 62938 190 63705
61161 254 40417 256 68067 251 40438 190 63705
61161 254 40417 242 53540 68 70997 278 63705
61161 254 40417 75 42961 369 33054 277 20410 96 63705
61161 254 40417 75 42961 369 33054 277 20410 275 63705
61161 254 40417 75 42961 369 33054 277 22834 96 63705
61161 254 40417 75 42961 369 33054 277 22834 275 63705
61161 254 40417 75 42961 369 33054 277 66729 96 63705
61161 254 40417 75 42961 369 33054 277 66729 275 63705
61161 254 40417 75 42961 369 33054 277 25762 96 63705
61161 254 40417 75 42961 369 33054 277 25762 275 63705
61161 254 40417 75 39781 72 67410 392 62223 275 63705
61161 254 40417 75 39781 72 67410 392 62223 96 63705
61161 254 40417 75 39781 72 67410 392 60255 96 63705
61161 254 40417 75 39781 72 67410 392 60255 275 63705
61161 254 40417 75 39781 72 67410 392 13658 96 63705
61161 254 40417 75 39781 72 67410 392 13658 275 63705
61161 254 40417 75 39781 72 67410 392 5011 275 63705
61161 254 40417 75 39781 72 67410 392 9271 96 63705
61161 254 40417 75 39781 72 67410 392 9271 275 63705
61161 254 40417 75 39781 72 67410 392 66372 96 63705
61161 254 40417 75 39781 72 67410 392 66372 275 63705
61161 254 40417 75 39781 72 67410 392 65592 96 63705
61161 254 40417 75 39781 72 67410 392 65592 275 63705
61161 254 40417 75 39781 72 67410 392 56638 96 63705
61161 254 40417 75 39781 72 67410 392 56638 111 63705
61161 254 40417 75 39781 72 67410 392 56638 275 63705
61161 254 40417 75 39781 72 67410 392 18204 96 63705
61161 254 40417 75 39781 72 67410 392 18204 275 63705
61161 254 40417 75 39781 72 67410 392 42192 96 63705
61161 254 40417 75 39781 72 67410 392 42192 275 63705
61161 254 40417 75 39781 72 67410 392 48204 96 63705
61161 254 40417 75 39781 72 67410 392 48204 275 63705
61161 254 40417 75 39781 72 67410 392 50790 96 63705
61161 254 40417 75 39781 72 67410 392 50790 275 63705
61161 254 40417 75 39781 72 67410 392 11583 96 63705
61161 254 40417 75 39781 72 67410 392 11583 275 63705
61161 254 40417 75 39781 72 67410 392 5772 96 63705
61161 254 40417 75 39781 72 67410 392 5772 275 63705
61161 254 40417 75 39781 278 72579 96 51176 96 63705
61161 254 40417 75 39781 278 72579 96 51176 275 63705
61161 254 40417 75 39781 278 72579 96 53175 96 63705
61161 254 40417 75 39781 278 72579 96 53175 275 63705
61161 254 40417 75 39781 278 72579 96 36138 96 63705
61161 254 40417 75 39781 278 72579 96 36138 275 63705
61161 254 40417 75 39781 278 72579 96 66781 96 63705
61161 254 40417 75 39781 278 72579 96 66781 275 63705
61161 254 40417 75 39781 278 72579 96 71406 111 63705
61161 254 40417 75 39781 278 72579 96 71406 96 63705
61161 254 40417 75 39781 278 72579 96 71406 275 63705
61161 254 40417 75 39781 278 72579 96 27732 96 63705
61161 254 40417 75 39781 278 72579 96 27732 275 63705
61161 254 40417 75 39781 278 72579 38 50253 110 63705
61161 254 40417 383 69092 294 47635 278 24713 96 63705
61161 254 40417 383 69092 294 47635 278 24713 275 63705
61161 254 40417 383 69092 294 31485 278 25592 275 63705
61161 254 40417 383 69092 294 31485 278 25592 96 63705
61161 254 40417 383 69092 277 4056 38 51403 110 63705
61161 254 40417 383 69092 277 29779 38 65325 110 63705
61161 254 40417 383 27358 36 58786 316 29803 226 63705
61161 254 40417 256 56212 206 13360 295 75078 275 63705
61161 254 40417 256 68067 226 45887 96 8678 96 63705
61161 254 40417 256 68067 226 45887 96 8678 275 63705
61161 254 40417 256 68067 226 45887 96 63542 96 63705
61161 254 40417 256 68067 226 45887 96 63542 275 63705
61161 254 40417 256 68067 226 45887 300 13797 211 63705
61161 254 40417 256 68067 198 25720 295 70710 96 63705
61161 254 40417 256 68067 198 25720 295 70710 275 63705
61161 254 40417 256 68067 198 25720 333 53475 233 63705
61161 254 40417 256 68067 198 25720 333 53475 226 63705
61161 254 40417 256 68067 198 25720 333 68214 226 63705
61161 254 40417 256 68067 198 25720 333 73987 233 63705
61161 254 40417 256 68067 198 25720 333 73987 226 63705
61161 254 40417 256 68067 207 11544 122 67459 96 63705
61161 254 40417 256 68067 207 11544 122 67459 275 63705
61161 254 40417 256 68067 207 11544 122 59389 96 63705
61161 254 40417 75 42961 369 33054 277 30918 224 23685 190 63705
61161 254 40417 75 42961 369 33054 277 30918 224 8146 190 63705
61161 254 40417 75 42961 369 33054 277 22834 38 45448 110 63705
