67068 390 40683
67068 14 29405 56 8991 269 67541 399 2277 296 1819 99 40683
67068 14 29405 56 8991 269 67541 399 17712 217 17518 5 40683
67068 14 29405 56 8991 269 67541 399 17712 217 9911 5 40683
67068 14 29405 56 8991 269 67541 399 17712 80 38944 315 40683
67068 14 29405 56 8991 269 67541 399 17712 80 38944 91 40683
67068 14 29405 56 8991 269 67541 399 17712 85 17058 191 40683
67068 14 29405 56 8991 269 67541 399 17712 85 64632 191 40683
67068 14 29405 56 8991 269 67541 399 2277 296 1819 99 57080 46 40683
67068 14 29405 56 8991 269 67541 113 6534 332 12804 31 19933 64 40683
