38944 315 10896
38944 91 10896
38944 315 13437 217 9911 5 10896
38944 315 13437 85 17058 112 10896
38944 315 13437 85 17058 191 10896
38944 315 13437 85 64632 112 10896
38944 315 13437 85 64632 191 10896
38944 315 13437 265 19933 64 10896
38944 315 38128 265 60841 64 10896
38944 315 4484 265 20249 64 10896
38944 315 45843 83 3650 123 10896
38944 315 5190 85 74615 112 10896
38944 315 5190 85 74615 191 10896
38944 315 5190 384 25456 123 10896
38944 315 5190 117 3580 334 10896
38944 315 8511 296 48786 99 10896
38944 315 7149 384 6901 123 10896
38944 315 7149 384 61656 123 10896
38944 315 3890 254 4148 64 10896
38944 315 18896 265 23640 64 10896
38944 155 69092 294 73103 123 10896
38944 310 1444 297 62261 64 10896
