57577 393 67410
57577 105 27332 172 33888 393 67410
57577 105 27332 172 25762 393 67410
57577 105 27332 252 6067 32 67410
57577 300 59812 211 23142 393 67410
57577 300 59812 211 53751 32 67410
57577 300 59812 211 43173 393 67410
57577 300 59812 211 40554 393 67410
57577 300 59812 110 12123 393 67410
57577 300 59812 110 18281 393 67410
57577 300 59812 110 60279 393 67410
57577 300 59812 110 54557 393 67410
57577 300 59812 110 43634 393 67410
57577 300 59812 110 65245 393 67410
57577 300 59812 110 20385 393 67410
57577 300 59812 110 33830 393 67410
57577 300 59812 110 52957 393 67410
57577 300 59812 110 22834 393 67410
57577 300 59812 110 5011 393 67410
57577 300 59812 110 56638 393 67410
57577 300 59812 110 6013 393 67410
57577 300 59812 110 49559 393 67410
57577 300 59812 110 62223 393 67410
57577 300 59812 110 32662 393 67410
57577 300 59812 110 56501 393 67410
57577 300 59812 110 8754 393 67410
57577 300 59812 110 25313 393 67410
57577 300 59812 110 11949 393 67410
57577 300 59812 110 55088 393 67410
57577 300 59812 110 68187 393 67410
57577 300 59812 110 40004 393 67410
57577 300 59812 110 50248 393 67410
57577 300 59812 110 50318 393 67410
57577 300 59812 110 15812 393 67410
57577 300 59812 110 66372 393 67410
57577 300 59812 110 70064 393 67410
57577 300 59812 110 74231 393 67410
57577 300 59812 110 40360 393 67410
57577 300 59812 110 19994 393 67410
57577 300 59812 110 66203 393 67410
57577 300 59812 360 30918 393 67410
57577 356 14472 373 15380 393 67410
57577 356 14472 295 48338 393 67410
57577 356 14472 295 55432 393 67410
57577 105 27332 172 25762 172 8623 393 67410
57577 105 27332 172 25762 96 13658 393 67410
57577 105 27332 172 25762 96 56785 393 67410
57577 105 27332 172 25762 96 9271 393 67410
57577 105 27332 172 25762 96 54881 393 67410
57577 105 27332 172 25762 96 65592 393 67410
57577 105 27332 172 25762 96 18204 393 67410
57577 105 27332 172 25762 96 42192 393 67410
57577 105 27332 172 25762 96 66729 393 67410
57577 105 27332 172 25762 96 50790 393 67410
57577 105 27332 172 25762 96 45887 393 67410
57577 105 27332 172 25762 96 11583 393 67410
57577 105 27332 172 25762 96 5772 393 67410
57577 105 27332 172 25762 96 51568 393 67410
57577 105 27332 172 25762 105 43545 393 67410
57577 105 27332 172 25762 275 60255 393 67410
57577 105 27332 172 25762 275 48204 393 67410
57577 105 27332 15 38868 254 61076 32 67410
57577 105 27332 15 38868 80 38944 32 67410
57577 105 27332 252 6067 151 51866 294 67410
57577 105 27332 252 6067 151 51866 369 67410
57577 105 27332 252 6067 358 51420 20 67410
57577 105 27332 300 50253 110 57580 393 67410
57577 105 27332 300 50253 110 46241 393 67410
57577 105 27332 300 50253 110 15856 393 67410
57577 105 27332 300 50253 110 9939 393 67410
57577 105 27332 300 50253 110 60926 393 67410
57577 105 27332 300 50253 110 63009 393 67410
57577 105 27332 300 50253 110 7232 393 67410
57577 105 27332 300 50253 110 53757 393 67410
57577 105 27332 300 50253 110 2316 393 67410
57577 105 27332 300 50253 110 51721 393 67410
57577 105 27332 300 50253 110 15053 393 67410
57577 105 27332 300 50253 110 62051 393 67410
57577 105 27332 369 33054 277 16834 294 67410
57577 105 27332 369 33054 277 21109 155 67410
57577 105 27332 369 33054 277 38202 32 67410
57577 105 27332 369 33054 277 33701 155 67410
57577 105 27332 369 33054 277 33701 32 67410
57577 105 27332 369 33054 252 51352 369 67410
57577 105 27332 369 33054 32 3291 294 67410
57577 105 27332 277 66047 114 21356 155 67410
57577 105 27332 277 66047 222 22878 202 67410
57577 105 27332 277 66047 222 29063 202 67410
57577 105 27332 277 66047 383 69092 294 67410
57577 105 27332 277 66047 294 72636 339 67410
57577 105 27332 277 66047 297 61222 20 67410
57577 300 59812 211 6905 332 32706 369 67410
57577 300 59812 211 6905 332 64354 369 67410
57577 300 59812 211 51363 75 31538 32 67410
57577 300 59812 211 53751 277 65268 72 67410
57577 300 59812 211 53751 277 64193 32 67410
57577 300 59812 211 53751 277 42335 32 67410
57577 300 59812 211 53751 277 17440 32 67410
57577 300 59812 211 53751 277 24605 32 67410
57577 300 59812 211 53751 277 61155 32 67410
57577 300 59812 211 53751 277 3629 32 67410
57577 300 59812 211 53751 277 12369 32 67410
57577 300 59812 211 53751 277 40142 32 67410
57577 300 59812 211 53751 277 67206 72 67410
57577 300 59812 211 53751 277 29013 294 67410
57577 300 59812 211 53751 277 34409 32 67410
57577 300 59812 211 53751 277 29310 32 67410
57577 300 59812 211 53751 277 40539 32 67410
57577 300 59812 211 53751 277 28155 32 67410
57577 300 59812 211 53751 28 1251 294 67410
57577 300 59812 211 53751 28 27733 32 67410
57577 300 59812 211 53751 252 47068 294 67410
57577 300 59812 211 53751 105 30112 155 67410
57577 300 59812 211 53751 105 30112 32 67410
57577 300 59812 211 53751 105 15084 155 67410
57577 300 59812 211 53751 255 16864 155 67410
57577 300 59812 211 53751 255 12409 155 67410
57577 300 59812 211 53751 255 70836 155 67410
57577 300 59812 211 53751 255 49761 155 67410
57577 300 59812 211 53751 369 6168 383 67410
57577 300 59812 211 53751 369 52803 32 67410
57577 300 59812 211 53751 369 32284 32 67410
57577 300 59812 211 32357 332 35877 369 67410
57577 300 59812 211 32357 332 59840 151 67410
57577 300 59812 211 31312 114 33504 155 67410
57577 300 59812 211 47635 278 58063 393 67410
57577 300 59812 211 43304 75 33951 32 67410
57577 300 59812 211 24097 259 33554 159 67410
57577 300 59812 211 66837 63 32131 72 67410
57577 300 59812 211 9678 27 63292 265 67410
57577 300 59812 211 9678 37 22668 32 67410
57577 300 59812 211 9678 37 22668 358 67410
57577 300 59812 110 49242 63 39781 72 67410
57577 300 59812 110 39807 5 58864 265 67410
57577 356 14472 333 10280 390 48679 265 67410
57577 356 14472 387 32164 41 33587 32 67410
57577 105 27332 172 25762 96 50790 5 45843 265 67410
57577 105 27332 172 25762 63 70997 259 17885 159 67410
57577 105 27332 172 25762 119 25720 103 61968 393 67410
57577 105 27332 15 38868 254 30796 75 11210 72 67410
57577 105 27332 15 38868 254 30796 272 42673 32 67410
57577 105 27332 15 38868 254 30796 153 53497 245 67410
57577 105 27332 15 38868 254 30796 242 2064 159 67410
57577 105 27332 15 38868 80 38944 315 74415 265 67410
57577 105 27332 15 38868 80 38944 315 41106 265 67410
57577 105 27332 15 38868 80 38944 315 71797 265 67410
57577 105 27332 15 38868 80 38944 315 47937 265 67410
57577 105 27332 15 38868 80 38944 315 18896 265 67410
57577 105 27332 15 38868 80 38944 315 56943 265 67410
57577 105 27332 15 38868 80 38944 315 8593 265 67410
57577 105 27332 15 38868 80 38944 315 17898 265 67410
57577 105 27332 15 38868 80 38944 315 23800 265 67410
57577 105 27332 15 38868 80 38944 315 21419 265 67410
57577 105 27332 15 38868 80 38944 315 50538 265 67410
57577 105 27332 15 38868 80 38944 315 69700 265 67410
57577 105 27332 15 38868 80 38944 315 65877 265 67410
57577 105 27332 15 38868 80 38944 315 19849 265 67410
57577 105 27332 15 38868 80 38944 315 54397 265 67410
57577 105 27332 15 38868 80 38944 91 36348 265 67410
57577 105 27332 15 38868 80 38944 91 67545 265 67410
57577 105 27332 15 38868 80 38944 310 14859 20 67410
57577 105 27332 15 38868 379 1483 88 55846 265 67410
57577 105 27332 252 6067 32 15756 364 8100 393 67410
57577 105 27332 252 6067 151 73168 75 40837 32 67410
57577 105 27332 252 6067 151 27894 242 15619 159 67410
57577 105 27332 252 6067 151 69931 75 20187 32 67410
57577 105 27332 252 6067 151 60841 277 1262 32 67410
57577 105 27332 252 6067 151 60841 75 3955 72 67410
57577 105 27332 252 6067 151 60841 75 64133 369 67410
57577 105 27332 252 6067 151 29427 114 33095 155 67410
57577 105 27332 252 6067 151 29427 114 49880 32 67410
57577 105 27332 252 6067 151 29427 75 23705 32 67410
57577 105 27332 252 6067 151 29427 126 24837 155 67410
57577 105 27332 252 6067 358 48050 383 34193 304 67410
57577 105 27332 252 6067 358 48050 252 59909 32 67410
57577 105 27332 252 6067 358 48050 252 59909 369 67410
57577 105 27332 369 33054 277 1444 142 55302 104 67410
57577 105 27332 369 33054 277 16834 75 36145 32 67410
57577 105 27332 369 33054 277 16834 75 3844 32 67410
57577 105 27332 369 33054 277 16834 75 17211 32 67410
57577 105 27332 369 33054 277 16834 75 56325 32 67410
57577 105 27332 369 33054 277 16834 75 6211 32 67410
57577 105 27332 369 33054 277 16834 75 72757 32 67410
57577 105 27332 369 33054 277 16834 75 41411 32 67410
57577 105 27332 369 33054 277 16834 75 2305 32 67410
57577 105 27332 369 33054 277 16834 75 37273 32 67410
57577 105 27332 369 33054 277 16834 75 4620 32 67410
57577 105 27332 369 33054 277 16834 383 59845 294 67410
57577 105 27332 369 33054 277 21109 155 41146 32 67410
57577 105 27332 369 33054 277 36335 202 1713 161 67410
57577 105 27332 369 33054 252 15075 34 72785 72 67410
57577 105 27332 369 33054 332 29052 31 51637 32 67410
57577 105 27332 277 66047 114 72858 100 59033 32 67410
57577 105 27332 277 66047 114 72858 100 38677 252 67410
57577 105 27332 277 66047 114 72858 100 38677 32 67410
57577 105 27332 277 66047 114 72858 100 38677 369 67410
57577 105 27332 277 66047 114 72858 100 38677 358 67410
57577 105 27332 277 66047 114 72858 100 49592 72 67410
57577 105 27332 277 66047 114 72858 100 35186 72 67410
57577 105 27332 277 66047 114 72858 100 11028 32 67410
57577 105 27332 277 66047 114 72858 100 11028 369 67410
57577 105 27332 277 66047 383 69092 75 1638 32 67410
57577 105 27332 277 66047 383 69092 142 5939 32 67410
57577 105 27332 277 66047 383 69092 151 49836 32 67410
57577 105 27332 277 66047 383 69092 151 49836 369 67410
57577 105 27332 277 66047 383 69092 151 49836 358 67410
57577 105 27332 277 66047 383 69092 277 49030 32 67410
57577 105 27332 277 66047 383 69092 277 49030 369 67410
57577 105 27332 277 66047 383 69092 277 49030 358 67410
57577 105 27332 277 66047 297 61222 231 43225 32 67410
57577 300 59812 211 65235 294 19933 64 45692 265 67410
57577 300 59812 211 65235 294 19933 64 28573 265 67410
57577 300 59812 211 65235 294 19933 383 71417 32 67410
57577 300 59812 211 65235 294 19933 75 13043 72 67410
57577 300 59812 211 65235 294 19933 75 47693 32 67410
57577 300 59812 211 51363 147 17373 373 26528 393 67410
57577 300 59812 211 68441 5 68939 141 74418 32 67410
57577 300 59812 211 20794 383 71850 142 26899 265 67410
57577 300 59812 211 43304 6 13360 295 57895 393 67410
57577 300 59812 211 24097 252 26742 75 45680 32 67410
57577 300 59812 211 66837 63 32131 126 19097 393 67410
57577 300 59812 211 66837 63 32131 114 31822 32 67410
57577 300 59812 211 66837 63 32131 256 67862 32 67410
57577 300 59812 211 66837 63 32131 256 32869 32 67410
57577 300 59812 211 66837 63 32131 142 22856 104 67410
57577 300 59812 211 69865 18 19694 240 73138 32 67410
57577 105 27332 172 33888 63 13075 290 65754 100 64581 151 67410
57577 105 27332 172 33888 63 13075 290 65754 100 64581 358 67410
57577 105 27332 15 38868 80 38944 8 49607 25 6358 369 67410
57577 105 27332 15 38868 80 38944 310 14859 252 10837 72 67410
57577 105 27332 15 38868 379 1483 88 65618 270 20541 104 67410
57577 105 27332 15 38868 379 1483 88 65618 270 35173 104 67410
57577 105 27332 369 33054 277 25928 338 3193 270 18358 104 67410
57577 105 27332 369 33054 252 65856 31 15479 244 70679 32 67410
57577 300 59812 211 53751 277 61984 8 61259 25 28759 32 67410
57577 300 59812 211 53751 277 61984 8 61259 25 28759 369 67410
57577 300 59812 211 53751 277 61984 8 61259 25 11831 32 67410
57577 300 59812 211 53751 277 61984 8 61259 25 11831 151 67410
57577 300 59812 211 53751 277 61984 8 61259 25 63299 252 67410
57577 300 59812 211 53751 277 61984 8 61259 25 63299 32 67410
57577 300 59812 211 53751 277 61984 8 61259 25 63299 369 67410
57577 300 59812 211 53751 277 61984 8 61259 25 59467 72 67410
57577 300 59812 211 43173 398 39737 292 44302 338 6687 104 67410
57577 300 59812 211 14858 277 21752 290 63066 100 43513 72 67410
57577 105 27332 252 6067 151 29427 290 40825 398 146 382 809 32 67410
57577 300 59812 211 66837 63 32131 126 21446 372 73802 28 7543 393 67410
