14691 313 68699
14691 300 4173 211 24058 262 68699
14691 300 65810 211 72578 313 68699
14691 313 60653 323 23815 313 68699
14691 313 10368 326 41491 152 68699
14691 313 10368 4 36757 43 68699
14691 313 10368 4 74825 43 68699
14691 313 10368 4 65570 43 68699
14691 313 29580 323 74475 313 68699
14691 313 29580 323 53829 313 68699
14691 313 29580 326 2710 152 68699
14691 313 16619 323 3065 313 68699
14691 313 16619 4 10712 43 68699
14691 313 16619 4 49658 43 68699
14691 313 20320 4 46997 43 68699
14691 313 10036 4 23258 43 68699
14691 313 12217 4 48452 43 68699
14691 313 12217 286 74645 197 68699
14691 313 12217 286 51750 197 68699
14691 313 3377 326 65935 152 68699
