14691 313 44620
14691 300 4173 211 24058 262 44620
14691 313 60653 323 23815 313 44620
14691 313 10368 4 36757 43 44620
14691 313 10368 4 74825 43 44620
14691 313 10368 4 65570 43 44620
14691 313 46000 323 687 313 44620
14691 313 29580 173 47785 134 44620
14691 313 29580 173 44777 134 44620
14691 313 29580 4 37868 43 44620
14691 313 29580 4 58342 43 44620
14691 313 29580 326 2710 152 44620
14691 313 16619 4 49658 43 44620
14691 313 16619 4 15231 43 44620
14691 313 20320 4 15777 43 44620
14691 313 10036 4 58272 43 44620
14691 341 21202 313 15963 286 69529 197 44620
