14691 313 19607
14691 300 4173 211 24058 262 19607
14691 300 65810 211 72578 313 19607
14691 300 65810 211 61774 313 19607
14691 300 65810 211 70708 313 19607
14691 300 62434 211 75172 313 19607
14691 300 62434 211 2464 313 19607
14691 300 62434 211 6495 313 19607
14691 313 60653 323 23815 313 19607
14691 313 46000 323 687 313 19607
14691 313 29580 323 74475 313 19607
14691 313 29580 323 53829 313 19607
14691 313 29580 323 69792 313 19607
14691 313 29580 323 53572 313 19607
14691 313 29580 323 46067 313 19607
14691 313 29580 323 21526 313 19607
14691 313 16619 323 9199 313 19607
14691 313 16619 323 65013 313 19607
14691 313 16619 323 53512 313 19607
14691 313 16619 323 3065 313 19607
