14691 313 10036
14691 300 4173 211 24058 262 10036
14691 300 65810 211 72578 313 10036
14691 300 65810 211 61774 313 10036
14691 300 65810 211 70708 313 10036
14691 300 62434 211 75172 313 10036
14691 313 60653 323 23815 313 10036
14691 313 10368 326 41491 152 10036
14691 313 10368 4 36757 43 10036
14691 313 10368 4 74825 43 10036
14691 313 10368 4 65570 43 10036
14691 313 46000 323 687 313 10036
14691 313 29580 323 74475 313 10036
14691 313 29580 323 53829 313 10036
14691 313 29580 323 69792 313 10036
14691 313 29580 323 53572 313 10036
14691 313 29580 323 21526 313 10036
14691 313 29580 4 37868 43 10036
14691 313 29580 4 23524 43 10036
14691 313 29580 4 58342 43 10036
14691 313 29580 326 2710 152 10036
14691 313 16619 323 9199 313 10036
14691 313 16619 323 3065 313 10036
14691 313 16619 4 10712 43 10036
14691 313 44620 4 58272 43 10036
14691 313 44620 4 15777 43 10036
14691 313 20320 4 5515 43 10036
14691 313 20320 4 46997 43 10036
14691 313 20320 4 23371 43 10036
14691 313 12217 4 23258 43 10036
14691 313 55523 4 5543 43 10036
14691 341 28369 313 48613 4 30497 43 10036
