14691 313 55523
14691 300 65810 211 72578 313 55523
14691 300 65810 211 61774 313 55523
14691 300 62434 211 2464 313 55523
14691 300 62434 211 19210 313 55523
14691 300 62434 211 26039 313 55523
14691 313 60653 323 23815 313 55523
14691 313 10368 4 36757 43 55523
14691 313 10368 4 74825 43 55523
14691 313 10368 4 65570 43 55523
14691 313 46000 323 687 313 55523
14691 313 29580 323 44999 313 55523
14691 313 29580 323 74475 313 55523
14691 313 29580 323 53829 313 55523
14691 313 29580 323 69792 313 55523
14691 313 29580 323 46067 313 55523
14691 313 29580 173 47785 134 55523
14691 313 29580 4 37868 43 55523
14691 313 29580 4 23524 43 55523
14691 313 29580 4 58342 43 55523
14691 313 16619 323 31572 313 55523
14691 313 16619 323 62364 313 55523
14691 313 16619 323 63470 313 55523
14691 313 16619 323 65013 313 55523
14691 313 16619 323 3065 313 55523
14691 313 16619 4 10712 43 55523
14691 313 16619 4 49658 43 55523
14691 313 16619 4 15231 43 55523
14691 313 44620 4 58272 43 55523
14691 313 44620 4 15777 43 55523
14691 313 20320 4 46997 43 55523
14691 313 20320 4 44058 43 55523
14691 313 20320 4 65297 43 55523
14691 313 20320 4 28922 43 55523
14691 313 20320 4 32104 43 55523
14691 313 20320 4 51269 43 55523
14691 313 20320 4 23371 43 55523
14691 313 10036 4 5543 43 55523
14691 313 10036 4 23258 43 55523
14691 313 12217 4 48452 43 55523
14691 300 65810 211 72578 313 18798 4 43510 43 55523
