14691 313 20320
14691 313 60653 323 23815 313 20320
14691 313 10368 4 36757 43 20320
14691 313 10368 4 74825 43 20320
14691 313 10368 4 65570 43 20320
14691 313 29580 173 47785 134 20320
14691 313 29580 173 17118 134 20320
14691 313 29580 173 44777 134 20320
14691 313 29580 4 37868 43 20320
14691 313 29580 4 23524 43 20320
14691 313 29580 4 58342 43 20320
14691 313 29580 4 49661 43 20320
14691 313 29580 326 2710 152 20320
14691 313 16619 4 10712 43 20320
14691 313 16619 4 49658 43 20320
14691 313 16619 4 15231 43 20320
14691 313 44620 4 15777 43 20320
14691 313 10036 4 5515 43 20320
14691 313 10036 4 46997 43 20320
14691 313 10036 4 23371 43 20320
14691 313 3377 4 48981 43 20320
14691 313 19295 4 1911 43 20320
14691 313 19295 4 65297 43 20320
14691 313 55523 4 44058 43 20320
14691 313 55523 4 28922 43 20320
14691 313 55523 4 32104 43 20320
14691 313 55523 4 51269 43 20320
14691 341 28369 313 32225 4 9000 43 20320
14691 300 65810 211 72578 313 18798 4 27948 43 20320
14691 313 60653 323 23815 313 13815 4 59729 43 20320
14691 313 10368 4 74825 43 31048 4 59752 43 20320
14691 313 55523 4 44058 185 25324 221 15709 43 20320
