14691 313 29580
14691 341 28369 313 29580
14691 341 21202 313 29580
14691 300 4173 211 24058 262 29580
14691 300 65810 211 72578 313 29580
14691 300 65810 211 61774 313 29580
14691 300 62434 211 67332 313 29580
14691 300 62434 211 75172 313 29580
14691 300 62434 211 2464 313 29580
14691 300 62434 211 26039 313 29580
14691 300 62434 211 492 313 29580
14691 313 60653 323 23815 313 29580
14691 313 46000 323 70485 313 29580
14691 313 46000 323 687 313 29580
14691 313 16619 323 44999 313 29580
14691 313 16619 323 74475 313 29580
14691 313 16619 323 53829 313 29580
14691 313 16619 323 69792 313 29580
14691 313 16619 323 52591 313 29580
14691 313 16619 323 53572 313 29580
14691 313 16619 323 46067 313 29580
14691 313 16619 323 21526 313 29580
14691 313 44620 173 47785 134 29580
14691 313 44620 173 44777 134 29580
14691 313 44620 4 37868 43 29580
14691 313 44620 4 58342 43 29580
14691 313 44620 326 2710 152 29580
14691 313 20320 173 17118 134 29580
14691 313 20320 4 23524 43 29580
14691 313 20320 4 49661 43 29580
14691 313 3377 326 27098 152 29580
14691 313 19295 323 41910 313 29580
14691 341 28369 241 9670 313 29580
14691 341 21202 241 20285 313 29580
14691 341 28369 313 32225 293 68190 200 29580
14691 341 28369 313 48613 326 46703 152 29580
14691 300 65810 211 72578 313 59887 293 53212 200 29580
