14691 313 19295
14691 341 21202 313 19295
14691 300 65810 211 72578 313 19295
14691 313 60653 323 23815 313 19295
14691 313 10368 326 41491 152 19295
14691 313 29580 323 53829 313 19295
14691 313 29580 323 41910 313 19295
14691 313 29580 173 47785 134 19295
14691 313 29580 173 17118 134 19295
14691 313 29580 173 44777 134 19295
14691 313 29580 326 27098 152 19295
14691 313 16619 323 71754 313 19295
14691 313 16619 323 53512 313 19295
14691 313 16619 323 3065 313 19295
14691 313 20320 4 1911 43 19295
14691 313 20320 4 65297 43 19295
14691 313 3377 326 65935 152 19295
14691 341 21202 332 29065 31 19295
14691 300 4173 211 24058 332 10045 31 19295
14691 300 4173 211 24058 332 65855 31 19295
14691 300 4173 211 24058 332 32380 31 19295
14691 300 65810 211 70708 350 6841 313 19295
14691 300 62434 211 15756 229 61279 152 19295
14691 341 28369 313 48613 326 75285 134 19295
14691 341 28369 313 48613 326 67338 152 19295
14691 341 28369 313 48613 326 21449 152 19295
14691 341 28369 313 48613 326 44787 152 19295
14691 300 65810 211 72578 313 59887 173 10139 134 19295
14691 300 62434 211 40233 184 29077 195 18583 134 19295
14691 313 60653 323 23815 313 57127 250 18444 274 19295
14691 313 60653 323 23815 313 12779 293 41434 200 19295
14691 313 60653 323 23815 313 12779 293 48556 200 19295
14691 313 29580 173 47785 134 46719 173 56640 134 19295
14691 313 29580 173 47785 134 70256 250 30371 274 19295
14691 313 29580 173 47785 134 70256 250 31652 274 19295
14691 313 29580 173 47785 134 70256 250 58131 274 19295
14691 313 29580 173 47785 134 70256 250 16468 274 19295
14691 313 29580 173 47785 134 70256 250 60164 274 19295
14691 313 29580 173 17118 195 50149 9 25034 134 19295
