44999 313 16619
44999 313 29580 323 74475 313 16619
44999 313 29580 323 14691 313 16619
44999 313 29580 323 53829 313 16619
44999 313 29580 323 72578 313 16619
44999 313 29580 323 75172 313 16619
44999 313 29580 323 2464 313 16619
44999 313 29580 323 61774 313 16619
44999 313 29580 323 69792 313 16619
44999 313 29580 323 52591 313 16619
44999 313 29580 323 53572 313 16619
44999 313 29580 323 23815 313 16619
44999 313 29580 323 46067 313 16619
44999 313 29580 323 687 313 16619
44999 313 29580 323 21526 313 16619
44999 313 55523 323 31572 313 16619
44999 313 55523 323 62364 313 16619
44999 313 55523 323 63470 313 16619
44999 313 55523 323 19210 313 16619
44999 313 55523 323 65013 313 16619
44999 313 55523 323 3065 313 16619
44999 313 55523 4 36757 43 16619
44999 313 55523 4 10712 43 16619
44999 313 55523 4 49658 43 16619
44999 313 55523 4 74825 43 16619
44999 313 55523 4 65570 43 16619
44999 313 55523 4 15231 43 16619
44999 313 29580 323 67332 241 70708 313 16619
44999 313 29580 323 28369 241 71754 313 16619
44999 313 29580 323 28369 109 9199 313 16619
44999 313 29580 323 74475 313 19607 323 53512 313 16619
44999 313 29580 323 14691 300 62434 211 2610 313 16619
44999 313 29580 323 41910 184 37161 189 6971 313 16619
