74475 313 10036
74475 313 21680 323 14691 313 10036
74475 313 21680 323 53829 313 10036
74475 313 21680 323 23815 313 10036
74475 313 21680 323 687 313 10036
74475 313 21680 326 41491 152 10036
74475 313 68699 323 72578 313 10036
74475 313 68699 323 3065 313 10036
74475 313 68699 326 2710 152 10036
74475 313 68699 4 36757 43 10036
74475 313 68699 4 10712 43 10036
74475 313 68699 4 46997 43 10036
74475 313 68699 4 23258 43 10036
74475 313 68699 4 74825 43 10036
74475 313 68699 4 65570 43 10036
74475 313 68699 362 24058 262 10036
74475 313 12217 4 23524 43 10036
74475 313 12217 4 58272 43 10036
74475 313 12217 4 15777 43 10036
74475 313 29580 323 75172 313 10036
74475 313 29580 323 61774 313 10036
74475 313 29580 323 69792 313 10036
74475 313 29580 323 53572 313 10036
74475 313 29580 323 21526 313 10036
74475 313 29580 4 37868 43 10036
74475 313 29580 4 58342 43 10036
74475 313 16619 323 9199 313 10036
74475 313 16619 323 70708 313 10036
74475 313 55523 4 5543 43 10036
74475 313 55523 4 23371 43 10036
74475 313 21680 323 14691 313 20320 4 5515 43 10036
74475 313 21680 323 53829 313 2290 4 30497 43 10036
