74475 313 12217
74475 313 21680 323 14691 313 12217
74475 313 21680 323 53829 313 12217
74475 313 21680 323 23815 313 12217
74475 313 21680 323 687 313 12217
74475 313 21680 326 41491 152 12217
74475 313 68699 323 72578 313 12217
74475 313 68699 323 3065 313 12217
74475 313 68699 326 2710 152 12217
74475 313 68699 4 36757 43 12217
74475 313 68699 4 10712 43 12217
74475 313 68699 4 46997 43 12217
74475 313 68699 4 49658 43 12217
74475 313 68699 4 23258 43 12217
74475 313 68699 4 48452 43 12217
74475 313 68699 4 74825 43 12217
74475 313 68699 4 65570 43 12217
74475 313 68699 286 74645 197 12217
74475 313 68699 286 51750 197 12217
74475 313 68699 362 24058 262 12217
74475 313 29580 4 23524 43 12217
74475 313 16619 4 15231 43 12217
74475 313 10036 4 58272 43 12217
74475 313 10036 4 15777 43 12217
74475 313 21680 323 23815 313 72410 286 13300 197 12217
74475 313 21680 326 41491 152 74641 286 31106 197 12217
74475 313 68699 286 74645 197 74649 286 16859 197 12217
