74475 313 19607
74475 313 21680 323 14691 313 19607
74475 313 21680 323 53829 313 19607
74475 313 21680 323 23815 313 19607
74475 313 21680 323 687 313 19607
74475 313 68699 323 72578 313 19607
74475 313 68699 323 3065 313 19607
74475 313 68699 362 24058 262 19607
74475 313 29580 323 75172 313 19607
74475 313 29580 323 2464 313 19607
74475 313 29580 323 61774 313 19607
74475 313 29580 323 69792 313 19607
74475 313 29580 323 53572 313 19607
74475 313 29580 323 46067 313 19607
74475 313 29580 323 21526 313 19607
74475 313 16619 323 9199 313 19607
74475 313 16619 323 65013 313 19607
74475 313 16619 323 53512 313 19607
74475 313 16619 323 70708 313 19607
74475 313 21680 323 14691 300 62434 211 6495 313 19607
