55888 62 38768
55888 62 66508 332 65855 31 38768
55888 62 66508 332 29052 31 38768
55888 62 66508 332 23453 31 38768
55888 62 66508 369 33054 277 38768
55888 62 49888 332 29064 31 38768
55888 62 1548 332 65853 31 38768
55888 62 1548 332 65857 31 38768
55888 62 1548 332 29061 31 38768
55888 62 1548 332 68334 31 38768
55888 62 9108 149 19204 366 38768
55888 62 16690 366 48451 149 38768
55888 62 16690 366 48451 366 38768
55888 62 66508 369 33054 252 15647 277 38768
55888 62 66508 332 65855 31 27162 369 3643 277 38768
