67410 392 23142
67410 392 62223 172 23142
67410 392 62223 105 23142
67410 392 62223 303 23142
67410 392 56638 172 23142
67410 392 56638 249 23142
67410 392 56638 105 23142
67410 392 25762 172 23142
67410 392 57577 300 59812 211 23142
67410 392 57577 356 14472 382 23142
67410 392 43545 300 13797 211 23142
67410 392 62223 385 58887 254 23142
67410 392 62223 119 25720 373 23142
67410 392 62223 119 25720 398 23142
67410 392 13658 256 4429 254 23142
67410 392 25762 172 13855 172 23142
67410 392 25762 172 13855 303 23142
67410 272 11210 294 40417 256 20817 254 23142
67410 272 11210 294 40417 256 20817 141 23142
67410 392 62223 119 25720 333 36469 217 23142
67410 75 6067 151 70550 300 15652 211 23142
67410 277 32706 205 43936 256 69974 254 23142
