22803 34 22041
22803 358 36619 28 49746 100 17121 290 72858 100 22041
22803 358 36619 28 49746 100 17121 8 75194 25 22041
22803 358 36619 28 49746 100 17121 8 16686 25 22041
22803 358 36619 28 49746 100 17121 354 72636 240 22041
22803 358 36619 28 49746 100 17121 259 53540 68 22041
22803 358 36619 28 49746 100 17121 259 20467 68 22041
22803 358 36619 28 54974 6 11701 336 44438 100 22041
22803 358 36619 28 54974 6 11701 336 58982 100 22041
22803 358 36619 28 6115 34 62772 75 33951 107 22041
22803 358 36619 28 6115 34 62772 259 69865 68 22041
22803 358 36619 28 27407 100 2342 290 5009 100 22041
22803 358 36619 28 27407 100 2342 290 3602 227 22041
22803 358 36619 28 41989 100 55556 259 21531 68 22041
22803 358 36619 28 57781 21 66920 259 17885 68 22041
22803 358 36619 28 69025 34 28848 259 33554 68 22041
22803 358 36619 28 48365 34 38295 72 20249 272 22041
22803 358 36619 28 74364 21 16703 290 49761 100 22041
22803 358 36619 6 48762 213 50130 121 37269 100 22041
22803 358 36619 6 48762 227 32131 126 23399 100 22041
22803 358 36619 28 65021 34 68181 332 29064 31 15658 34 22041
22803 358 36619 28 65877 15 63319 15 38128 382 7417 227 22041
22803 358 36619 28 65877 15 63319 15 38128 382 7417 34 22041
22803 358 36619 28 65877 147 31011 385 54168 254 32245 34 22041
22803 358 36619 28 65877 265 67410 75 29310 8 16211 25 22041
22803 358 36619 6 48762 213 50130 121 37269 336 43404 227 22041
22803 358 36619 6 48762 213 50130 121 37269 336 43404 34 22041
22803 358 36619 6 48762 213 50130 121 486 373 6426 21 22041
22803 358 36619 6 48762 227 32131 126 58402 382 31184 34 22041
22803 358 36619 28 67805 34 21674 72 48050 186 15060 290 15150 100 22041
22803 358 36619 28 49746 100 17121 290 72858 155 69099 290 75378 227 22041
22803 358 36619 28 49746 100 17121 290 26029 129 66696 192 41331 34 22041
22803 358 36619 28 49746 100 17121 290 26029 129 66696 192 41331 21 22041
22803 358 36619 28 49746 100 17121 125 51927 129 19464 192 61411 100 22041
22803 358 36619 28 49746 100 17121 125 51927 129 19464 192 61411 34 22041
22803 358 36619 28 49746 100 17121 146 17773 377 10911 238 39837 301 22041
22803 358 36619 28 49746 100 17121 146 17773 377 10911 238 39837 94 22041
22803 358 36619 28 49746 100 17121 36 65291 167 18017 106 28676 41 22041
22803 358 36619 28 49746 100 17121 36 44695 131 25720 387 30576 41 22041
22803 358 36619 28 27407 100 2342 36 11321 131 62111 387 40226 41 22041
22803 358 36619 28 65877 15 63319 15 38128 382 12035 147 17889 100 22041
22803 358 36619 28 54974 6 11701 100 2516 126 36862 356 16572 192 61252 34 22041
22803 358 36619 28 54974 6 11701 100 2516 126 36862 356 16572 192 61252 21 22041
22803 358 36619 28 65021 34 68181 332 29064 31 15658 398 44703 258 56826 100 22041
