2 34 2516
2 332 65853 31 23705 32 2516
2 332 65853 31 24058 196 2516
2 332 65853 31 72636 240 2516
2 332 65853 369 19933 277 2516
2 332 65853 369 19933 151 2516
2 332 65853 369 19933 272 2516
2 332 65853 369 69092 277 2516
2 256 54168 254 58402 100 2516
2 256 54168 254 13251 100 2516
2 256 54168 254 24837 100 2516
2 256 54168 141 49761 227 2516
2 256 54168 141 49761 34 2516
2 336 53751 105 30112 155 2516
2 336 53751 105 30112 32 2516
2 336 53751 105 21356 155 2516
2 336 53751 255 58072 100 2516
2 336 53751 255 56558 305 2516
2 336 53751 255 70836 227 2516
2 336 53751 255 70836 34 2516
2 336 53751 255 11701 100 2516
2 336 53751 255 65110 227 2516
2 336 53751 255 65110 34 2516
2 336 53751 255 486 100 2516
2 336 53751 255 58982 100 2516
2 332 65853 31 65908 114 72858 100 2516
2 332 65853 31 23705 32 16625 244 2516
2 332 65853 31 67997 332 26181 31 2516
2 332 65853 31 16834 75 21109 155 2516
2 332 65853 31 24058 6 44438 100 2516
2 332 65853 31 24058 114 33951 32 2516
2 332 65853 31 74876 75 25961 32 2516
2 332 65853 31 39520 114 40825 100 2516
2 332 65853 31 23889 8 16686 25 2516
2 332 65853 31 58806 34 180 244 2516
2 332 65853 31 59909 290 18652 100 2516
2 332 65853 31 19847 75 40837 32 2516
2 332 65853 31 19847 290 65430 100 2516
2 332 65853 31 19847 290 5009 100 2516
2 332 65853 31 19847 290 8774 100 2516
2 332 65853 31 25889 8 75194 25 2516
2 332 65853 31 29427 114 25694 32 2516
2 332 65853 31 29427 290 30438 227 2516
2 332 65853 31 29427 290 30438 34 2516
2 332 65853 31 29427 290 58098 100 2516
2 332 65853 31 29427 26 41015 100 2516
2 332 65853 31 15570 290 11551 305 2516
2 332 65853 31 15570 259 53540 68 2516
2 332 65853 31 15570 259 20467 68 2516
2 332 65853 31 53891 26 36030 100 2516
2 332 65853 31 5604 110 74047 63 2516
2 332 65853 31 5604 110 30918 63 2516
2 332 65853 31 5604 110 45948 63 2516
2 332 65853 31 5604 110 18671 63 2516
2 256 54168 254 32487 255 49822 34 2516
2 336 53751 300 59812 110 12123 63 2516
2 336 53751 300 59812 110 43732 63 2516
2 336 53751 32 67410 392 63009 63 2516
2 336 53751 358 2588 28 9063 299 2516
2 332 65853 31 64880 397 59413 282 69071 68 2516
2 332 65853 31 60073 213 50130 121 16926 100 2516
2 332 65853 31 1963 94 9013 298 73873 299 2516
2 332 65853 31 58806 34 180 290 19040 100 2516
2 332 65853 31 59909 290 18652 356 43338 100 2516
2 332 65853 31 40298 107 50171 290 63617 100 2516
2 332 65853 31 56435 285 18017 106 4944 51 2516
2 332 65853 31 56435 285 18017 106 4944 277 2516
2 332 65853 31 56435 285 18017 106 12100 41 2516
2 332 65853 31 72636 240 17121 126 73363 100 2516
2 332 65853 31 72636 240 35461 290 3602 100 2516
2 332 65853 31 32937 24 39045 106 47642 41 2516
2 332 65853 31 17630 24 2759 122 39688 63 2516
2 332 65853 31 17630 24 2759 122 7000 63 2516
2 332 65853 31 17630 24 2759 122 48381 63 2516
2 332 65853 31 61624 336 14504 255 33219 227 2516
2 332 65853 31 61624 336 14504 255 33219 34 2516
2 332 65853 31 61624 336 66085 271 58319 32 2516
2 332 65853 31 61624 336 66085 385 18125 254 2516
2 332 65853 31 61624 336 66085 385 18125 202 2516
2 332 65853 31 61624 336 66085 369 32619 32 2516
2 332 65853 369 19933 383 12469 84 46758 41 2516
2 332 65853 369 19933 277 34718 125 8412 100 2516
2 332 65853 369 19933 277 34718 125 8412 34 2516
2 336 53751 28 27689 198 14472 373 10768 63 2516
2 336 53751 28 27689 198 14472 164 41850 32 2516
2 336 53751 101 9911 119 62986 295 8065 63 2516
2 332 65853 31 34575 332 29065 31 13248 338 56211 202 2516
2 332 65853 31 60073 213 50130 121 17230 382 56955 21 2516
2 332 65853 31 60073 213 50130 121 41824 373 35417 34 2516
2 332 65853 31 60073 213 50130 121 41824 373 35417 21 2516
2 332 65853 31 53014 28 42178 129 19464 192 23202 34 2516
2 332 65853 31 53014 28 42178 129 19464 192 23202 21 2516
2 332 65853 31 53014 28 42178 129 19464 192 23120 21 2516
2 332 65853 31 15570 125 63769 129 66696 192 45520 34 2516
2 332 65853 31 15570 125 63769 129 66696 192 45520 21 2516
2 332 65853 31 69964 294 36853 126 26015 356 16572 373 38699 21 2516
2 332 65853 31 69964 294 36853 126 26015 356 16572 373 36862 34 2516
2 332 65853 31 69964 294 36853 126 26015 356 16572 373 36862 21 2516
2 332 65853 31 72636 240 17121 290 35001 356 21322 373 50567 34 2516
2 332 65853 31 72636 240 17121 290 35001 356 21322 373 50567 21 2516
2 332 65853 369 19933 277 34718 125 8412 356 18295 373 70791 21 2516
