39204 34 39781
39204 147 58402 100 29427 290 72858 100 39781
39204 147 58402 227 32131 8 49607 25 39781
39204 147 58402 227 32131 8 61259 25 39781
39204 147 58402 227 32131 72 67410 272 39781
39204 147 58402 256 54168 254 72579 63 39781
39204 358 39091 332 29065 31 23640 75 39781
39204 147 58402 15 61242 356 67873 192 49734 21 39781
39204 147 58402 382 53225 34 45089 252 40417 75 39781
39204 147 58402 100 29427 383 69092 277 38500 75 39781
39204 147 58402 100 29427 278 46241 96 49242 63 39781
39204 147 58402 382 1216 34 43304 6 13360 28 17520 32 39781
39204 147 58402 100 29427 75 33054 277 25720 387 23780 41 39781
39204 147 58402 100 29427 36 53464 167 39045 106 71134 41 39781
