5965 34 27248
5965 398 58402 100 29427 32 51420 75 27248
5965 398 58402 100 29427 32 51420 28 27248
5965 398 58402 100 29427 32 51420 277 27248
5965 398 58402 100 29427 32 51420 151 27248
5965 398 58402 100 2516 252 19933 277 27248
5965 398 58402 100 2516 252 19933 151 27248
5965 398 58402 100 2516 252 19933 272 27248
5965 398 58402 100 2516 259 53540 68 27248
5965 398 58402 227 32131 8 25113 25 27248
5965 398 58402 15 1045 358 39091 28 1314 21 27248
5965 398 58402 15 32973 34 5505 310 23785 75 27248
5965 398 58402 164 68237 34 72028 259 15619 68 27248
5965 398 58402 382 75290 21 49997 32 9132 75 27248
5965 398 58402 100 29427 383 69092 75 3650 124 46831 202 27248
