8930 34 32131
8930 213 50130 121 46550 227 32131
8930 213 50130 121 41305 227 32131
8930 213 50130 121 41305 34 32131
8930 213 50130 121 33466 100 32131
8930 213 50130 121 58741 227 32131
8930 213 50130 121 32912 100 32131
8930 213 50130 121 13896 227 32131
8930 213 50130 121 46003 227 32131
8930 213 50130 121 46003 34 32131
8930 213 50130 121 38244 100 32131
8930 213 50130 121 38244 305 32131
8930 213 50130 121 41295 227 32131
8930 213 50130 121 41295 305 32131
8930 213 50130 121 41295 34 32131
8930 213 50130 121 46497 227 32131
8930 213 50130 121 46497 34 32131
8930 213 50130 121 6723 227 32131
8930 213 50130 121 6723 34 32131
8930 213 50130 121 40448 227 32131
8930 213 50130 121 40448 34 32131
8930 213 50130 121 10592 227 32131
8930 213 50130 121 10592 34 32131
8930 213 50130 121 32261 227 32131
8930 213 50130 121 44438 227 32131
8930 213 50130 121 44438 34 32131
8930 213 50130 121 40825 227 32131
8930 213 50130 121 40825 305 32131
8930 213 50130 121 40825 34 32131
8930 213 50130 121 58072 100 32131
8930 213 50130 121 4878 100 32131
8930 213 50130 121 34187 227 32131
8930 213 50130 121 34187 34 32131
8930 213 50130 121 49718 227 32131
8930 213 50130 121 49718 34 32131
8930 213 50130 121 56513 100 32131
8930 213 50130 121 39218 227 32131
8930 213 50130 121 39218 305 32131
8930 213 50130 121 39218 34 32131
8930 213 50130 121 32548 100 32131
8930 213 50130 121 56558 100 32131
8930 213 50130 121 65280 100 32131
8930 213 50130 121 65280 34 32131
8930 213 50130 121 30309 227 32131
8930 213 50130 121 30309 34 32131
8930 213 50130 121 43147 227 32131
8930 213 50130 121 43147 34 32131
8930 213 50130 121 16366 100 32131
8930 213 50130 121 16366 305 32131
8930 213 50130 121 61624 100 32131
8930 213 50130 121 54238 100 32131
8930 213 50130 121 61771 227 32131
8930 213 50130 121 61771 34 32131
8930 213 50130 121 58351 100 32131
8930 213 50130 121 18299 100 32131
8930 213 50130 121 18299 34 32131
8930 213 50130 121 54329 227 32131
8930 213 50130 121 54329 34 32131
8930 213 50130 121 54942 227 32131
8930 213 50130 121 54942 34 32131
8930 213 50130 121 6793 100 32131
8930 213 50130 121 37269 100 32131
8930 213 50130 121 3007 100 32131
8930 213 50130 121 59906 100 32131
8930 213 50130 121 13251 227 32131
8930 213 50130 121 13251 34 32131
8930 213 50130 121 57560 227 32131
8930 213 50130 121 57560 34 32131
8930 213 50130 121 27378 100 32131
8930 213 50130 121 27378 34 32131
8930 213 50130 121 27631 227 32131
8930 213 50130 121 27631 34 32131
8930 213 50130 121 69078 100 32131
8930 213 50130 121 486 227 32131
8930 213 50130 121 11701 227 32131
8930 213 50130 121 11701 34 32131
8930 213 50130 121 17230 227 32131
8930 213 50130 121 17230 34 32131
8930 213 50130 121 58098 227 32131
8930 213 50130 121 58098 34 32131
8930 213 50130 121 71292 227 32131
8930 213 50130 121 71292 34 32131
8930 213 50130 121 3983 227 32131
8930 213 50130 121 3983 34 32131
8930 213 50130 121 41933 227 32131
8930 213 50130 121 41933 34 32131
8930 213 50130 121 28563 227 32131
8930 213 50130 121 5209 227 32131
8930 213 50130 121 13997 227 32131
8930 213 50130 121 13997 34 32131
8930 213 50130 121 61088 227 32131
8930 213 50130 121 61088 34 32131
8930 213 50130 121 48762 227 32131
8930 213 50130 121 48762 34 32131
8930 213 50130 121 64807 100 32131
8930 213 50130 121 43339 227 32131
8930 213 50130 121 43339 34 32131
8930 336 53751 252 47068 114 32131
8930 336 53751 155 69092 114 32131
8930 336 53751 300 62434 211 32131
8930 336 53751 300 4968 211 32131
8930 336 53751 32 67410 272 32131
8930 336 53751 255 31810 227 32131
8930 336 53751 255 31810 34 32131
8930 336 53751 255 71664 100 32131
8930 336 53751 255 71664 34 32131
8930 336 53751 255 49360 227 32131
8930 336 53751 255 49360 34 32131
8930 336 53751 255 9 100 32131
8930 336 53751 255 68945 100 32131
8930 336 53751 255 16034 100 32131
8930 336 53751 255 8602 227 32131
8930 336 53751 255 8602 34 32131
8930 336 53751 255 15731 227 32131
8930 336 53751 255 15731 34 32131
8930 336 53751 255 28726 227 32131
8930 336 53751 255 28726 34 32131
8930 336 53751 255 20816 100 32131
8930 336 53751 255 20816 34 32131
8930 336 53751 255 37798 34 32131
8930 336 53751 255 32487 227 32131
8930 336 53751 255 32487 34 32131
8930 336 53751 255 29872 227 32131
8930 336 53751 255 29872 34 32131
8930 336 53751 255 25510 100 32131
8930 336 53751 255 25510 34 32131
8930 336 53751 255 8504 100 32131
8930 336 53751 255 35871 100 32131
8930 336 53751 255 26739 227 32131
8930 336 53751 255 26739 34 32131
8930 336 53751 255 13060 227 32131
8930 336 53751 255 13060 34 32131
8930 336 53751 255 7636 100 32131
8930 336 53751 255 11352 227 32131
8930 336 53751 255 11352 34 32131
8930 336 53751 255 61290 34 32131
8930 336 53751 255 62884 100 32131
8930 336 53751 255 47209 100 32131
8930 336 53751 255 47209 305 32131
8930 336 53751 255 71272 100 32131
8930 336 53751 255 23770 100 32131
8930 336 53751 255 57229 227 32131
8930 336 53751 255 57229 34 32131
8930 336 53751 255 66332 34 32131
8930 336 53751 255 5301 100 32131
8930 336 53751 255 5301 34 32131
8930 336 53751 255 21593 227 32131
8930 336 53751 255 21593 34 32131
8930 336 53751 255 56025 100 32131
8930 336 53751 255 49820 227 32131
8930 336 53751 255 49820 34 32131
8930 336 53751 255 54419 227 32131
8930 336 53751 255 54419 34 32131
8930 336 53751 255 68591 305 32131
8930 336 53751 255 74025 227 32131
8930 336 53751 255 74025 34 32131
8930 336 53751 255 69691 34 32131
8930 336 53751 255 3603 100 32131
8930 336 53751 255 3603 34 32131
8930 336 53751 256 52125 254 32131
8930 336 53751 396 54516 35 32131
8930 336 53751 396 42176 35 32131
8930 336 53751 396 42176 254 32131
8930 213 50130 121 41015 255 15433 100 32131
8930 213 50130 121 24058 114 33951 107 32131
8930 213 50130 121 32685 336 3556 100 32131
8930 213 50130 121 41295 356 27675 227 32131
8930 213 50130 121 41295 356 27675 34 32131
8930 213 50130 121 20525 255 11551 227 32131
8930 213 50130 121 20525 255 11551 34 32131
8930 213 50130 121 32261 337 16391 227 32131
8930 213 50130 121 32261 337 16391 34 32131
8930 213 50130 121 44438 336 58250 227 32131
8930 213 50130 121 44438 336 58250 305 32131
8930 213 50130 121 44438 336 58250 34 32131
8930 213 50130 121 44438 336 17289 100 32131
8930 213 50130 121 44438 172 60347 34 32131
8930 213 50130 121 44438 255 13712 227 32131
8930 213 50130 121 44438 255 13712 34 32131
8930 213 50130 121 44438 255 58402 227 32131
8930 213 50130 121 44438 255 58402 34 32131
8930 213 50130 121 44438 255 24696 34 32131
8930 213 50130 121 58982 255 20753 227 32131
8930 213 50130 121 58982 255 20753 34 32131
8930 213 50130 121 61624 357 11046 227 32131
8930 213 50130 121 61624 357 11046 34 32131
8930 213 50130 121 37269 336 49822 100 32131
8930 213 50130 121 37269 336 49822 305 32131
8930 213 50130 121 13251 373 37054 100 32131
8930 213 50130 121 13251 357 75200 100 32131
8930 213 50130 121 57560 357 70411 227 32131
8930 213 50130 121 57560 357 70411 34 32131
8930 213 50130 121 27378 172 7722 34 32131
8930 213 50130 121 25809 373 6576 34 32131
8930 213 50130 121 13480 373 56028 34 32131
8930 213 50130 121 28563 373 58056 227 32131
8930 213 50130 121 28563 373 58056 34 32131
8930 213 50130 121 48762 373 29980 227 32131
8930 213 50130 158 17058 112 36348 80 32131
8930 336 53751 277 16834 91 11599 80 32131
8930 336 53751 277 16834 75 36145 51 32131
8930 336 53751 277 16834 75 36145 94 32131
8930 336 53751 277 16834 75 67129 32 32131
8930 336 53751 277 16834 75 56486 32 32131
8930 336 53751 277 16834 75 49757 32 32131
8930 336 53751 277 16834 75 66951 32 32131
8930 336 53751 277 16834 75 9843 32 32131
8930 336 53751 277 16834 75 24750 32 32131
8930 336 53751 277 16834 383 62180 53 32131
8930 336 53751 277 16834 383 55911 299 32131
8930 336 53751 277 65545 383 59167 94 32131
8930 336 53751 277 61984 8 61259 25 32131
8930 336 53751 277 40539 8 57316 25 32131
8930 336 53751 28 38944 91 4043 80 32131
8930 336 53751 28 38944 383 25694 227 32131
8930 336 53751 28 38944 383 17575 51 32131
8930 336 53751 28 38944 8 75194 25 32131
8930 336 53751 28 38944 8 36483 25 32131
8930 336 53751 28 38944 8 49607 25 32131
8930 336 53751 28 38944 8 62951 25 32131
8930 336 53751 28 38944 8 25113 25 32131
8930 336 53751 28 38944 8 65445 25 32131
8930 336 53751 28 38944 133 15674 51 32131
8930 336 53751 28 38944 133 15674 94 32131
8930 336 53751 28 38944 133 73694 94 32131
8930 336 53751 28 38944 133 15249 51 32131
8930 336 53751 28 73592 358 72636 240 32131
8930 336 53751 5 38872 55 24050 41 32131
8930 336 53751 252 47068 114 46461 227 32131
8930 336 53751 252 47068 114 46461 305 32131
8930 336 53751 252 47068 114 46461 34 32131
8930 336 53751 155 69092 75 22668 32 32131
8930 336 53751 155 69092 75 22668 358 32131
8930 336 53751 155 69092 142 55302 252 32131
8930 336 53751 155 69092 142 55302 254 32131
8930 336 53751 155 69092 142 55302 35 32131
8930 336 53751 155 69092 142 55302 104 32131
8930 336 53751 155 69092 142 63990 22 32131
8930 336 53751 155 69092 142 63990 130 32131
8930 336 53751 155 69092 142 5939 254 32131
8930 336 53751 155 69092 142 5939 130 32131
8930 336 53751 155 69092 142 39737 15 32131
8930 336 53751 155 69092 294 26869 34 32131
8930 336 53751 155 69092 294 42051 51 32131
8930 336 53751 155 69092 294 26318 299 32131
8930 336 53751 155 69092 294 20621 41 32131
8930 336 53751 155 69092 294 9013 383 32131
8930 336 53751 155 69092 294 30206 303 32131
8930 336 53751 155 69092 294 34298 41 32131
8930 336 53751 300 59812 211 66837 63 32131
8930 336 53751 300 59812 211 69865 100 32131
8930 336 53751 300 62434 211 60258 227 32131
8930 336 53751 32 67410 392 19097 34 32131
8930 336 53751 32 67410 75 31822 155 32131
8930 336 53751 32 67410 75 11028 32 32131
8930 336 53751 32 67410 75 32869 254 32131
8930 336 53751 32 67410 75 67862 254 32131
8930 336 53751 32 67410 142 22856 104 32131
8930 336 53751 213 58833 121 68704 227 32131
8930 336 53751 213 58833 121 62274 100 32131
8930 336 53751 101 9911 163 70735 63 32131
8930 336 53751 101 9911 163 24251 63 32131
8930 336 53751 358 2588 28 31732 299 32131
8930 213 50130 121 54448 255 53794 336 30859 100 32131
8930 213 50130 121 54448 255 53794 336 30859 34 32131
8930 213 50130 121 14289 213 51108 121 72546 227 32131
8930 213 50130 121 14289 213 51108 121 38121 227 32131
8930 213 50130 121 14289 213 51108 121 38121 34 32131
8930 213 50130 121 16926 100 15060 290 24814 155 32131
8930 213 50130 121 16926 100 15060 290 8360 100 32131
8930 213 50130 121 16926 100 15060 290 23998 100 32131
8930 213 50130 121 16926 100 15060 290 59589 100 32131
8930 213 50130 121 16926 100 15060 290 54154 100 32131
8930 213 50130 121 16926 100 15060 26 5009 100 32131
8930 213 50130 121 16926 100 15060 8 16686 25 32131
8930 213 50130 121 16926 100 2516 290 36030 100 32131
8930 213 50130 121 11356 100 19847 84 6289 246 32131
8930 213 50130 121 11356 100 19847 290 8607 100 32131
8930 213 50130 121 11356 100 19847 290 58678 100 32131
8930 213 50130 121 11356 100 19847 290 9959 100 32131
8930 213 50130 121 11356 100 19847 26 58816 100 32131
8930 213 50130 121 11356 100 19847 188 44382 100 32131
8930 213 50130 121 11356 100 19847 188 44382 34 32131
8930 213 50130 121 33466 227 29427 126 15944 100 32131
8930 213 50130 121 33466 227 29427 290 3143 227 32131
8930 213 50130 121 33466 227 29427 290 3143 34 32131
8930 213 50130 121 33466 227 29427 36 69488 51 32131
8930 213 50130 121 33466 227 29427 36 69488 94 32131
8930 213 50130 121 33466 227 29427 188 35539 100 32131
8930 213 50130 121 33466 227 29427 188 30327 227 32131
8930 213 50130 121 33466 227 29427 188 30327 34 32131
8930 213 50130 121 4137 398 17628 367 47786 100 32131
8930 213 50130 121 24058 196 32357 332 37605 31 32131
8930 213 50130 121 24058 196 27894 64 33732 80 32131
8930 213 50130 121 24058 196 75101 290 30310 100 32131
8930 213 50130 121 24058 196 75101 114 31376 100 32131
8930 213 50130 121 24058 332 29052 31 15004 94 32131
8930 213 50130 121 24058 332 29052 31 24357 227 32131
8930 213 50130 121 24058 256 54168 254 42770 34 32131
8930 213 50130 121 24058 256 54168 254 46288 34 32131
8930 213 50130 121 69112 5 52290 141 2680 34 32131
8930 213 50130 121 28483 385 63796 193 64584 100 32131
8930 213 50130 121 32912 367 6394 103 8990 100 32131
8930 213 50130 121 16868 385 74105 193 14700 100 32131
8930 213 50130 121 16868 385 74105 193 14700 305 32131
8930 213 50130 121 13896 213 1592 121 53535 100 32131
8930 213 50130 121 13896 34 70997 290 71044 100 32131
8930 213 50130 121 13896 34 70997 126 34064 100 32131
8930 213 50130 121 6759 129 19464 192 49839 21 32131
8930 213 50130 121 7832 34 17121 290 18459 100 32131
8930 213 50130 121 44438 100 22041 290 23399 227 32131
8930 213 50130 121 44438 100 22041 290 23399 34 32131
8930 213 50130 121 58982 100 3042 26 23326 100 32131
8930 213 50130 121 30309 271 53796 141 66807 227 32131
8930 213 50130 121 30309 271 53796 141 66807 34 32131
8930 213 50130 121 58351 151 50592 252 10953 34 32131
8930 213 50130 121 37269 336 48056 356 40692 227 32131
8930 213 50130 121 37269 100 70102 126 14945 100 32131
8930 213 50130 121 57560 398 26698 130 36352 227 32131
8930 213 50130 121 11701 398 53765 130 42273 227 32131
8930 213 50130 158 17058 214 50243 121 58411 34 32131
8930 213 50130 158 11175 214 70564 121 7624 227 32131
8930 213 50130 158 11175 214 70564 121 7624 34 32131
8930 336 53751 277 61984 8 61259 248 63423 25 32131
8930 336 53751 28 1251 51 13723 84 64661 41 32131
8930 336 53751 252 6067 32 8663 91 22501 80 32131
8930 336 53751 155 69092 75 22668 91 67515 80 32131
8930 336 53751 155 69092 294 32937 95 66052 227 32131
8930 336 53751 155 69092 294 32937 95 66052 34 32131
8930 336 53751 155 69092 294 47724 282 45833 227 32131
8930 336 53751 155 69092 294 47724 282 45833 34 32131
8930 336 53751 155 69092 294 47724 95 54995 227 32131
8930 336 53751 155 69092 294 47724 95 54995 34 32131
8930 336 53751 155 69092 294 9013 36 66444 51 32131
8930 336 53751 300 59812 211 69865 336 44160 100 32131
8930 336 53751 32 67410 75 43225 290 30980 100 32131
8930 336 53751 255 24938 164 20587 130 2835 227 32131
8930 336 53751 255 24938 164 20587 130 2835 34 32131
8930 336 53751 255 16864 385 72839 193 69199 100 32131
8930 336 53751 255 16864 385 72839 193 69199 305 32131
8930 336 53751 255 16864 385 72839 193 69199 34 32131
8930 336 53751 255 20816 97 2685 130 68925 227 32131
8930 336 53751 255 20816 97 2685 130 68925 34 32131
8930 336 53751 255 4713 385 49723 15 24126 100 32131
8930 336 53751 255 29267 230 41708 6 52970 227 32131
8930 336 53751 255 29267 230 41708 6 52970 34 32131
8930 336 53751 151 41897 252 55680 70 18361 94 32131
8930 336 53751 151 40401 356 17373 373 5476 63 32131
8930 336 53751 151 40401 356 17373 373 4020 63 32131
8930 336 53751 151 40401 356 17373 373 20707 63 32131
8930 336 53751 151 40401 356 17373 373 64426 63 32131
8930 336 53751 151 40401 356 17373 373 32741 63 32131
8930 336 53751 101 9911 119 62986 295 31524 63 32131
8930 336 53751 101 9911 119 62986 295 56839 63 32131
8930 336 53751 101 9911 119 62986 295 42917 63 32131
8930 336 53751 101 9911 119 62986 295 12307 63 32131
8930 336 53751 101 9911 119 62986 295 54381 63 32131
8930 213 50130 121 11356 100 19847 383 55787 290 59354 227 32131
8930 213 50130 121 11356 100 19847 383 55787 290 73765 100 32131
8930 213 50130 121 11356 100 19847 383 55787 290 40891 100 32131
8930 213 50130 121 11356 100 19847 84 69008 321 11578 94 32131
8930 213 50130 121 12910 227 20978 294 49997 188 73791 227 32131
8930 213 50130 121 12910 227 20978 294 49997 188 73791 34 32131
8930 213 50130 121 60073 372 60675 296 1819 99 70828 80 32131
8930 213 50130 121 60073 332 65853 31 2607 70 2155 94 32131
8930 213 50130 121 60073 332 65853 31 2607 70 70474 94 32131
8930 213 50130 121 60073 100 20503 298 20832 321 44174 51 32131
8930 213 50130 121 60073 100 20503 298 20832 321 44174 94 32131
8930 213 50130 121 24058 196 56734 383 41108 290 38457 100 32131
8930 213 50130 121 24058 196 19933 277 73297 290 33081 100 32131
8930 213 50130 121 24058 196 33377 398 3193 270 64218 130 32131
8930 213 50130 121 4804 230 72845 296 20492 99 67039 80 32131
8930 213 50130 121 4804 230 72845 296 20492 99 67039 37 32131
8930 213 50130 121 486 192 71162 356 38054 192 55748 21 32131
8930 336 53751 32 67410 392 7543 358 73802 203 21446 227 32131
8930 336 53751 32 67410 392 7543 358 73802 203 21446 34 32131
8930 336 53751 213 58833 121 4659 213 51646 121 49682 34 32131
8930 336 53751 213 58833 121 51194 213 11288 121 20530 227 32131
8930 336 53751 213 58833 121 51194 213 11288 121 41116 227 32131
8930 213 50130 121 60073 332 65853 31 31808 240 56263 26 8958 100 32131
8930 213 50130 121 60073 332 65853 31 47656 293 63881 160 23622 227 32131
8930 213 50130 121 60073 332 65853 31 47656 293 63881 160 23622 34 32131
8930 213 50130 158 11175 214 70564 121 32464 385 29612 35 21165 227 32131
8930 213 50130 158 11175 214 70564 121 32464 385 29612 35 21165 34 32131
8930 336 53751 213 58833 121 4659 213 51646 121 49682 385 1564 258 48415 227 32131
