8314 251 62938
8314 141 11583 224 62938
8314 206 25720 373 5011 224 62938
8314 206 25720 373 48204 224 62938
8314 206 25720 373 45887 224 62938
8314 206 25720 325 42909 251 62938
8314 206 25720 325 54894 251 62938
8314 206 25720 325 20817 251 62938
8314 206 25720 325 8004 251 62938
8314 206 25720 325 35742 251 62938
8314 206 25720 325 68067 251 62938
8314 206 25720 325 53278 251 62938
8314 206 25720 325 67788 251 62938
8314 206 25720 325 63762 251 62938
8314 206 25720 325 74341 251 62938
8314 206 25720 325 21852 251 62938
8314 206 25720 325 36087 251 62938
8314 206 25720 325 16055 251 62938
8314 206 25720 325 68586 251 62938
8314 206 25720 325 30849 251 62938
8314 206 25720 325 63115 251 62938
8314 206 25720 325 58167 251 62938
8314 206 25720 325 36369 251 62938
8314 206 25720 325 21851 251 62938
8314 206 25720 325 73697 251 62938
8314 206 25720 325 57312 251 62938
8314 206 25720 325 22499 251 62938
8314 206 25720 325 56616 251 62938
8314 206 25720 325 74107 251 62938
8314 206 25720 325 58401 251 62938
8314 206 25720 325 46843 251 62938
8314 206 25720 5 29803 251 62938
8314 206 25720 5 36806 251 62938
8314 206 25720 295 25592 224 62938
8314 206 25720 295 13635 224 62938
8314 206 25720 295 62223 224 62938
8314 206 25720 295 8678 224 62938
8314 206 25720 295 12186 224 62938
8314 206 25720 295 53160 224 62938
8314 206 25720 295 60255 224 62938
8314 206 25720 295 72579 224 62938
8314 206 25720 295 13658 224 62938
8314 206 25720 295 63705 224 62938
8314 206 25720 295 15576 224 62938
8314 206 25720 295 19732 224 62938
8314 206 25720 295 24713 224 62938
8314 206 25720 295 9271 224 62938
8314 206 25720 295 28435 224 62938
8314 206 25720 295 51176 224 62938
8314 206 25720 295 17591 224 62938
8314 206 25720 295 54881 224 62938
8314 206 25720 295 66372 224 62938
8314 206 25720 295 65592 224 62938
8314 206 25720 295 72394 224 62938
8314 206 25720 295 63542 224 62938
8314 206 25720 295 56638 224 62938
8314 206 25720 295 22834 224 62938
8314 206 25720 295 18204 224 62938
8314 206 25720 295 42192 224 62938
8314 206 25720 295 58656 224 62938
8314 206 25720 295 66729 224 62938
8314 206 25720 295 50790 224 62938
8314 206 25720 295 70710 224 62938
8314 206 25720 295 36138 224 62938
8314 206 25720 295 25762 224 62938
8314 206 25720 295 5772 224 62938
8314 206 25720 295 27732 224 62938
8314 206 25720 295 51568 224 62938
8314 206 25720 333 42764 251 62938
8314 206 25720 333 7666 251 62938
8314 206 25720 333 69106 251 62938
8314 206 25720 333 60220 251 62938
8314 206 25720 333 70786 251 62938
8314 206 25720 333 53475 251 62938
8314 206 25720 333 45867 251 62938
8314 206 25720 333 14238 251 62938
8314 206 25720 333 37674 251 62938
8314 206 25720 333 56783 251 62938
8314 206 25720 333 45012 251 62938
8314 206 25720 333 49934 251 62938
8314 206 25720 333 22673 349 62938
8314 206 25720 333 24430 251 62938
8314 206 25720 333 12520 251 62938
8314 206 25720 333 38086 349 62938
8314 206 25720 333 2076 349 62938
8314 206 25720 333 12797 251 62938
8314 206 25720 333 1505 349 62938
8314 206 25720 333 42791 251 62938
8314 206 25720 333 38894 349 62938
8314 206 25720 333 3867 251 62938
8314 206 25720 333 27570 251 62938
8314 206 25720 333 34974 251 62938
8314 206 25720 333 24913 251 62938
8314 206 25720 333 9352 251 62938
8314 206 25720 333 4997 251 62938
8314 206 25720 333 9217 349 62938
8314 206 25720 333 67967 349 62938
8314 206 25720 333 67967 251 62938
8314 206 25720 333 15348 251 62938
8314 206 25720 333 64385 251 62938
8314 206 25720 333 69896 251 62938
8314 206 25720 333 28132 251 62938
8314 206 25720 333 73987 251 62938
8314 206 25720 333 34787 251 62938
8314 206 25720 333 22813 251 62938
8314 206 25720 333 58480 251 62938
8314 206 25720 333 2435 251 62938
8314 206 25720 333 70663 251 62938
8314 206 25720 256 12473 251 62938
8314 251 40438 375 2069 251 62938
8314 251 40438 375 55877 251 62938
8314 251 40438 375 42804 251 62938
8314 251 40438 375 66320 251 62938
8314 251 40438 375 603 251 62938
8314 251 40438 375 45694 251 62938
8314 251 40438 375 44070 251 62938
8314 251 40438 375 1890 251 62938
8314 251 40438 375 17166 251 62938
8314 251 40438 375 61141 251 62938
8314 251 40438 375 878 251 62938
8314 251 40438 375 33100 251 62938
8314 251 40438 375 72426 251 62938
8314 251 40438 375 3400 251 62938
8314 251 40438 375 1264 251 62938
8314 251 40438 375 49645 251 62938
8314 251 40438 375 49458 251 62938
8314 251 40438 375 65963 251 62938
8314 251 40438 375 60445 251 62938
8314 251 40438 375 44855 251 62938
8314 251 40438 375 56100 251 62938
8314 251 40438 375 3015 251 62938
8314 251 40438 375 2541 251 62938
8314 251 40438 375 75443 251 62938
8314 251 40438 375 62082 251 62938
8314 251 40438 375 8218 251 62938
8314 251 40438 375 23583 251 62938
8314 251 40438 375 71219 251 62938
8314 251 40438 375 27414 251 62938
8314 251 40438 375 65734 251 62938
8314 251 40438 375 7386 251 62938
8314 251 40438 375 65598 251 62938
8314 251 40438 375 8804 251 62938
8314 251 40438 375 37932 251 62938
8314 251 40438 375 54771 251 62938
8314 251 40438 375 7044 251 62938
8314 251 40438 375 71146 251 62938
8314 251 40438 375 19233 251 62938
8314 251 40438 375 3445 251 62938
8314 251 40438 375 5597 251 62938
8314 251 40438 375 28736 251 62938
8314 251 40438 375 56531 251 62938
8314 251 40438 375 54115 251 62938
8314 251 40438 375 55706 251 62938
8314 251 40438 375 42396 251 62938
8314 251 40438 375 64344 251 62938
8314 251 40438 375 17891 251 62938
8314 251 40438 375 2778 251 62938
8314 251 40438 375 33041 251 62938
8314 251 40438 375 33754 251 62938
8314 251 40438 375 3854 251 62938
8314 251 40438 375 17435 251 62938
8314 251 40438 375 20920 251 62938
8314 251 40438 375 2142 251 62938
8314 251 40438 375 23003 251 62938
8314 251 40438 375 17919 251 62938
8314 251 40438 375 8563 251 62938
8314 251 40438 375 52123 251 62938
8314 251 40438 375 74209 251 62938
8314 251 40438 375 58514 251 62938
8314 251 40438 375 49852 251 62938
8314 141 11583 96 59389 224 62938
8314 141 11583 82 11544 49 62938
8314 206 25720 373 5011 96 67459 224 62938
