38128 104 69092
38128 15 70550 383 69092
38128 15 28376 383 69092
38128 382 28806 383 69092
38128 382 59433 383 69092
38128 80 38944 155 69092
38128 80 38944 32 69092
38128 265 69931 151 69092
38128 265 60841 151 69092
38128 141 5256 383 69092
38128 141 52920 383 69092
38128 15 70550 332 1705 252 69092
38128 15 70550 332 1705 369 69092
38128 15 70550 332 65855 369 69092
38128 15 70550 332 65853 369 69092
38128 15 70550 332 29052 369 69092
38128 15 70550 332 29065 369 69092
38128 15 70550 332 29064 369 69092
38128 15 70550 332 23453 369 69092
38128 15 70550 332 29061 369 69092
38128 15 70550 332 68334 252 69092
38128 15 70550 332 68334 369 69092
38128 15 70550 332 68337 252 69092
38128 15 70550 332 68337 369 69092
38128 15 70550 332 12340 252 69092
38128 15 70550 332 12340 369 69092
38128 15 70550 332 40308 369 69092
38128 15 70550 297 61222 383 69092
38128 15 322 252 23798 383 69092
38128 15 39896 102 36156 383 69092
38128 15 28376 382 54887 383 69092
38128 15 28376 332 12802 252 69092
38128 15 28376 332 12802 369 69092
38128 15 28376 332 60309 369 69092
38128 15 28376 332 68807 369 69092
38128 15 28376 332 10045 252 69092
38128 15 28376 332 10045 369 69092
38128 15 28376 332 60305 369 69092
38128 15 28376 332 60031 369 69092
38128 15 28376 332 12805 369 69092
38128 15 28376 332 12808 369 69092
38128 15 28376 332 68800 369 69092
38128 15 28376 332 60308 252 69092
38128 15 28376 332 60308 369 69092
38128 15 28376 332 51359 369 69092
38128 15 28376 332 32380 252 69092
38128 15 28376 332 32380 369 69092
38128 15 28376 332 68336 252 69092
38128 15 28376 332 68336 369 69092
38128 15 28376 332 6696 369 69092
38128 15 28376 332 40318 252 69092
38128 15 28376 332 40318 369 69092
38128 15 28376 332 54139 369 69092
38128 15 28376 332 40319 252 69092
38128 15 28376 332 40319 369 69092
38128 15 28376 332 54136 369 69092
38128 15 28376 332 6058 369 69092
38128 15 28376 332 40407 369 69092
38128 15 28376 332 40315 252 69092
38128 15 28376 332 40315 369 69092
38128 15 28376 332 43192 252 69092
38128 15 28376 332 43192 369 69092
38128 15 28376 32 1444 383 69092
38128 15 28376 32 15756 383 69092
38128 15 28376 321 24058 383 69092
38128 15 28376 321 24058 277 69092
38128 15 28376 321 24058 369 69092
38128 15 28376 294 50528 383 69092
38128 15 28376 103 1524 252 69092
38128 15 28376 103 1524 369 69092
38128 15 28376 101 63472 383 69092
38128 15 28376 57 69354 252 69092
38128 15 28376 57 69354 369 69092
38128 15 28376 57 7925 252 69092
38128 15 28376 57 7925 369 69092
38128 15 28376 57 64354 252 69092
38128 15 28376 57 64354 369 69092
38128 15 28376 57 21166 252 69092
38128 15 28376 57 21166 369 69092
38128 15 28376 57 32706 252 69092
38128 15 28376 57 32706 369 69092
38128 15 28376 57 1723 252 69092
38128 15 28376 57 1723 369 69092
38128 15 28376 57 36618 252 69092
38128 15 28376 57 36618 369 69092
38128 15 28376 358 12051 383 69092
38128 15 28376 356 72079 383 69092
38128 398 75055 258 37269 383 69092
38128 382 15024 332 1707 252 69092
38128 382 15024 332 1707 369 69092
38128 382 23393 359 71837 383 69092
38128 382 23393 359 3291 383 69092
38128 382 28806 6 6313 383 69092
38128 382 28806 6 47724 383 69092
38128 382 28806 102 60885 383 69092
38128 382 30522 6 58806 383 69092
38128 382 30522 332 40312 369 69092
38128 382 30522 369 38893 383 69092
38128 382 8039 6 53751 155 69092
38128 382 8039 6 53751 32 69092
38128 382 59433 252 17726 383 69092
38128 382 59433 252 17726 294 69092
38128 382 31066 196 27162 32 69092
38128 382 48224 332 35877 252 69092
38128 382 48224 332 35877 369 69092
38128 382 2748 332 59840 252 69092
38128 382 2748 332 59840 369 69092
38128 300 62434 211 65908 383 69092
38128 300 62434 211 65612 155 69092
38128 300 62434 211 23607 383 69092
38128 300 62434 211 18471 155 69092
38128 300 62434 211 9561 155 69092
38128 300 62434 211 42726 383 69092
38128 300 62434 211 72233 383 69092
38128 300 62434 211 17020 383 69092
38128 300 62434 211 2871 383 69092
38128 300 62434 211 75205 383 69092
38128 300 62434 211 65174 383 69092
38128 300 62434 211 34594 383 69092
38128 300 62434 211 7236 155 69092
38128 300 62434 211 42166 383 69092
38128 300 62434 211 32357 383 69092
38128 300 62434 211 38680 383 69092
38128 300 62434 211 6717 383 69092
38128 300 62434 211 52683 383 69092
38128 300 62434 211 53598 383 69092
38128 300 62434 211 40951 383 69092
38128 300 62434 211 71647 383 69092
38128 300 62434 211 60924 155 69092
38128 300 62434 211 44741 383 69092
38128 300 62434 211 11794 383 69092
38128 300 62434 211 72855 383 69092
38128 300 62434 211 14858 383 69092
38128 300 62434 211 31931 383 69092
38128 300 62434 211 23636 383 69092
38128 300 62434 211 1600 383 69092
38128 300 62434 211 56770 383 69092
38128 300 62434 211 2060 383 69092
38128 300 62434 211 11565 383 69092
38128 300 62434 211 40637 383 69092
38128 300 62434 211 48050 369 69092
38128 300 62434 211 32131 155 69092
38128 300 62434 211 19847 75 69092
38128 300 62434 211 19847 252 69092
38128 300 62434 211 19847 32 69092
38128 300 62434 211 19847 369 69092
38128 300 62434 211 31485 383 69092
38128 300 62434 211 31485 252 69092
38128 300 62434 211 31485 369 69092
38128 300 62434 211 3650 75 69092
38128 300 62434 211 3650 252 69092
38128 300 62434 211 3650 155 69092
38128 300 62434 211 3650 32 69092
38128 300 62434 211 3650 369 69092
38128 300 62434 211 64590 383 69092
38128 300 62434 211 64590 252 69092
38128 300 62434 211 64590 369 69092
38128 300 62434 211 33744 383 69092
38128 300 62434 211 40314 383 69092
38128 300 62434 211 17630 383 69092
38128 300 62434 211 17630 252 69092
38128 300 62434 211 17630 369 69092
38128 300 62434 211 72087 155 69092
38128 300 62434 211 31627 155 69092
38128 300 62434 211 10875 155 69092
38128 300 62434 211 31910 383 69092
38128 300 62434 211 59259 383 69092
38128 300 62434 211 21356 155 69092
38128 300 62434 211 71653 383 69092
38128 300 62434 211 30666 383 69092
38128 300 62434 211 28306 383 69092
38128 300 62434 211 26159 383 69092
38128 80 38944 383 14579 383 69092
38128 80 38944 383 14579 294 69092
38128 80 38944 383 40134 383 69092
38128 80 38944 383 17575 383 69092
38128 80 38944 383 17575 294 69092
38128 80 38944 28 25961 32 69092
38128 80 38944 32 67410 383 69092
38128 80 38944 32 27613 383 69092
38128 80 38944 32 63370 383 69092
38128 80 38944 32 51420 75 69092
38128 80 38944 32 51420 252 69092
38128 80 38944 32 51420 369 69092
38128 80 38944 354 57047 75 69092
38128 80 38944 75 16913 32 69092
38128 80 38944 133 18442 294 69092
38128 80 38944 133 73694 294 69092
38128 85 64632 249 4148 369 69092
38128 85 64632 249 75101 383 69092
38128 85 64632 249 75101 252 69092
38128 85 64632 249 75101 155 69092
38128 85 64632 249 75101 32 69092
38128 85 64632 249 75101 369 69092
38128 265 69931 75 5668 369 69092
38128 265 69931 277 19215 383 69092
38128 265 69931 383 53499 383 69092
38128 265 69931 186 44477 369 69092
38128 265 69931 236 59413 383 69092
38128 265 69931 236 59413 369 69092
38128 265 69931 20 67033 383 69092
38128 265 69931 272 4846 383 69092
38128 265 60841 383 66047 383 69092
38128 265 60841 277 29427 383 69092
38128 265 60841 75 43916 369 69092
38128 265 60841 392 42302 383 69092
38128 265 60841 392 42302 369 69092
38128 265 60841 186 57941 369 69092
38128 265 60841 231 72636 383 69092
38128 265 60841 231 72636 252 69092
38128 265 60841 231 72636 369 69092
38128 203 60073 54 15433 383 69092
38128 141 42173 172 72838 383 69092
38128 141 31011 383 41756 383 69092
38128 141 31011 383 41756 155 69092
38128 141 31011 383 41756 369 69092
38128 141 31011 383 75274 383 69092
38128 141 31011 52 5466 383 69092
38128 15 63319 15 44022 265 19933 383 69092
38128 15 63319 15 44022 265 19933 252 69092
38128 15 63319 15 44022 265 19933 369 69092
38128 15 63319 15 44022 265 27894 383 69092
38128 15 63319 15 44022 265 27894 369 69092
38128 15 63319 15 10519 37 14614 155 69092
38128 15 63319 15 10519 37 14614 32 69092
38128 15 63319 15 1293 398 33701 155 69092
38128 15 63319 15 1293 398 33701 32 69092
38128 15 63319 15 74492 37 22668 75 69092
38128 15 63319 15 74492 37 22668 252 69092
38128 15 63319 15 74492 37 22668 155 69092
38128 15 63319 15 74492 37 22668 32 69092
38128 15 63319 15 74492 37 22668 369 69092
38128 15 63319 15 65877 265 40417 383 69092
38128 15 63319 15 9678 80 24879 75 69092
38128 15 63319 398 15252 384 11708 32 69092
38128 15 63319 398 15252 202 31621 75 69092
38128 15 70550 252 62747 252 48319 383 69092
38128 15 70550 252 62747 252 53842 383 69092
38128 15 70550 252 62747 252 45597 383 69092
38128 15 70550 252 62747 252 48923 383 69092
38128 15 70550 252 62747 252 40136 383 69092
38128 15 70550 252 62747 151 18845 383 69092
38128 15 70550 252 62747 151 60742 383 69092
38128 15 70550 252 6067 32 21479 383 69092
38128 15 70550 252 6067 32 69956 383 69092
38128 15 70550 252 6067 32 60898 383 69092
38128 15 70550 252 6067 32 24720 383 69092
38128 15 70550 252 6067 32 11637 383 69092
38128 15 70550 252 6067 32 26120 383 69092
38128 15 70550 252 6067 32 34351 383 69092
38128 15 70550 252 6067 32 71680 32 69092
38128 15 70550 252 6067 32 71680 383 69092
38128 15 70550 252 6067 32 20226 383 69092
38128 15 70550 252 6067 32 9820 383 69092
38128 15 70550 252 6067 32 11398 383 69092
38128 15 70550 252 6067 32 38079 383 69092
38128 15 70550 252 6067 32 32819 383 69092
38128 15 70550 252 6067 32 1995 383 69092
38128 15 70550 252 6067 32 46503 383 69092
38128 15 70550 252 6067 32 33576 383 69092
38128 15 70550 252 6067 32 9368 383 69092
38128 15 70550 252 6067 32 28291 383 69092
38128 15 70550 252 6067 32 5986 383 69092
38128 15 70550 252 6067 32 22380 383 69092
38128 15 70550 252 6067 32 69372 383 69092
38128 15 70550 252 6067 32 23855 383 69092
38128 15 70550 252 6067 32 64545 383 69092
38128 15 70550 252 6067 32 47781 383 69092
38128 15 70550 252 6067 32 6947 383 69092
38128 15 70550 252 6067 32 19452 383 69092
38128 15 70550 252 6067 32 55951 383 69092
38128 15 70550 252 6067 32 48279 383 69092
38128 15 70550 252 6067 32 63695 383 69092
38128 15 70550 252 6067 32 22800 383 69092
38128 15 70550 252 6067 32 62675 383 69092
38128 15 70550 252 6067 32 46913 383 69092
38128 15 70550 252 6067 32 68441 383 69092
38128 15 70550 252 6067 32 18100 383 69092
38128 15 70550 252 6067 32 53479 383 69092
38128 15 70550 252 6067 32 8663 383 69092
38128 15 70550 252 6067 32 9689 383 69092
38128 15 70550 252 6067 32 36356 383 69092
38128 15 70550 252 6067 32 21749 383 69092
38128 15 70550 252 6067 32 73219 383 69092
38128 15 70550 252 6067 32 1499 383 69092
38128 15 70550 252 6067 32 61370 383 69092
38128 15 70550 252 6067 32 16570 383 69092
38128 15 70550 252 6067 32 64335 383 69092
38128 15 70550 252 6067 32 66824 383 69092
38128 15 70550 252 6067 151 32512 383 69092
38128 15 70550 252 6067 151 37646 383 69092
38128 15 70550 252 6067 151 40298 383 69092
38128 15 70550 252 6067 151 40298 151 69092
38128 15 70550 252 6067 151 1945 383 69092
38128 15 70550 252 6067 151 21106 383 69092
38128 15 70550 252 6067 151 3592 383 69092
38128 15 70550 252 6067 151 10289 383 69092
38128 15 70550 252 6067 151 36301 383 69092
38128 15 70550 252 6067 151 43961 383 69092
38128 15 70550 252 6067 151 25110 383 69092
38128 15 70550 252 6067 151 2313 155 69092
38128 15 70550 252 6067 151 73168 383 69092
38128 15 70550 252 6067 151 40983 383 69092
38128 15 70550 252 6067 151 55989 383 69092
38128 15 70550 252 6067 151 65545 383 69092
38128 15 70550 252 6067 151 65545 155 69092
38128 15 70550 252 6067 151 68471 383 69092
38128 15 70550 252 6067 151 59204 383 69092
38128 15 70550 252 6067 151 59204 369 69092
38128 15 70550 252 6067 151 731 383 69092
38128 15 70550 252 6067 151 28572 383 69092
38128 15 70550 252 6067 151 48302 155 69092
38128 15 70550 252 6067 151 28747 383 69092
38128 15 70550 252 6067 151 35180 383 69092
38128 15 70550 252 6067 151 47635 383 69092
38128 15 70550 252 6067 151 65697 383 69092
38128 15 70550 252 6067 151 20794 383 69092
38128 15 70550 252 6067 151 34324 383 69092
38128 15 70550 252 6067 151 24723 383 69092
38128 15 70550 252 6067 151 74973 383 69092
38128 15 70550 252 6067 151 74024 383 69092
38128 15 70550 252 6067 151 74024 151 69092
38128 15 70550 252 6067 151 66756 383 69092
38128 15 70550 252 6067 151 16256 383 69092
38128 15 70550 252 6067 151 42194 155 69092
38128 15 70550 252 6067 151 42194 32 69092
38128 15 70550 252 6067 151 21330 383 69092
38128 15 70550 252 6067 151 9122 383 69092
38128 15 70550 252 6067 151 41972 383 69092
38128 15 70550 252 6067 151 20689 383 69092
38128 15 70550 252 6067 151 11436 155 69092
38128 15 70550 252 6067 151 11436 32 69092
38128 15 70550 252 6067 151 37673 383 69092
38128 15 70550 252 6067 151 36307 383 69092
38128 15 70550 252 6067 151 7556 383 69092
38128 15 70550 252 6067 151 36233 383 69092
38128 15 70550 252 6067 151 7377 383 69092
38128 15 70550 252 6067 151 11027 383 69092
38128 15 70550 252 6067 151 65235 383 69092
38128 15 70550 252 6067 151 40450 155 69092
38128 15 70550 252 6067 151 40450 32 69092
38128 15 70550 252 6067 151 64947 383 69092
38128 15 70550 252 6067 369 34894 32 69092
38128 15 70550 252 6067 369 24854 32 69092
38128 15 70550 252 6067 369 70150 155 69092
38128 15 70550 252 6067 369 22017 32 69092
38128 15 70550 252 6067 369 74819 32 69092
38128 15 70550 252 6067 369 66324 32 69092
38128 15 70550 252 6067 369 10481 155 69092
38128 15 70550 252 6067 369 10481 32 69092
38128 15 70550 252 6067 369 34525 155 69092
38128 15 70550 252 6067 369 34525 32 69092
38128 15 70550 252 6067 369 18151 32 69092
38128 15 70550 252 6067 369 32929 32 69092
38128 15 70550 252 6067 369 31040 32 69092
38128 15 70550 102 60291 359 55158 383 69092
38128 15 70550 102 17922 102 5850 383 69092
38128 15 70550 102 46685 359 30490 383 69092
38128 15 70550 102 46685 359 7747 383 69092
38128 15 70550 102 46685 359 29358 383 69092
38128 15 70550 102 46685 359 3533 155 69092
38128 15 70550 102 46685 359 49761 155 69092
38128 15 70550 300 59812 211 74978 383 69092
38128 15 70550 300 59812 211 7253 155 69092
38128 15 70550 300 59812 211 9110 383 69092
38128 15 70550 300 59812 211 50078 383 69092
38128 15 70550 300 59812 211 14740 383 69092
38128 15 70550 300 59812 211 11017 383 69092
38128 15 70550 300 59812 211 64073 155 69092
38128 15 70550 300 59812 211 1771 383 69092
38128 15 70550 300 59812 211 54811 383 69092
38128 15 70550 300 59812 211 43304 369 69092
38128 15 70550 300 59812 211 70102 383 69092
38128 15 70550 300 59812 211 70102 369 69092
38128 15 70550 300 59812 110 29779 369 69092
38128 15 70550 300 55657 211 23029 383 69092
38128 15 70550 300 55657 211 73769 369 69092
38128 15 70550 300 55657 110 41494 252 69092
38128 15 70550 300 55657 110 41494 155 69092
38128 15 70550 300 5604 211 32937 383 69092
38128 15 70550 300 5604 110 24535 252 69092
38128 15 70550 332 1705 31 4830 383 69092
38128 15 70550 332 1705 31 51510 383 69092
38128 15 70550 332 1705 31 23705 32 69092
38128 15 70550 332 1705 31 23705 383 69092
38128 15 70550 332 1705 31 10512 383 69092
38128 15 70550 332 1705 31 70024 383 69092
38128 15 70550 332 1705 31 73755 383 69092
38128 15 70550 332 1705 31 2527 383 69092
38128 15 70550 332 1705 31 16834 383 69092
38128 15 70550 332 1705 31 42693 383 69092
38128 15 70550 332 1705 31 14729 383 69092
38128 15 70550 332 1705 31 35880 383 69092
38128 15 70550 332 1705 31 57341 383 69092
38128 15 70550 332 1705 31 4445 383 69092
38128 15 70550 332 1705 31 24701 383 69092
38128 15 70550 332 1705 31 70625 383 69092
38128 15 70550 332 1705 31 8765 383 69092
38128 15 70550 332 1705 31 68895 383 69092
38128 15 70550 332 1705 31 736 383 69092
38128 15 70550 332 1705 31 50290 383 69092
38128 15 70550 332 1705 31 10430 383 69092
38128 15 70550 332 1705 31 31723 383 69092
38128 15 70550 332 1705 31 75174 383 69092
38128 15 70550 332 1705 31 3042 369 69092
38128 15 70550 332 1705 31 29284 383 69092
38128 15 70550 332 1705 31 19694 383 69092
38128 15 70550 332 1705 31 34480 75 69092
38128 15 70550 332 1705 31 34480 252 69092
38128 15 70550 332 1705 31 34480 155 69092
38128 15 70550 332 1705 31 34480 32 69092
38128 15 70550 332 1705 31 34480 369 69092
38128 15 70550 332 1705 31 12956 383 69092
38128 15 70550 332 1705 31 25233 369 69092
38128 15 70550 332 1705 31 20174 252 69092
38128 15 70550 332 1705 31 20174 151 69092
38128 15 70550 332 1705 31 48778 383 69092
38128 15 70550 332 1705 369 60562 383 69092
38128 15 70550 332 65855 31 45515 383 69092
38128 15 70550 332 65855 31 69013 383 69092
38128 15 70550 332 65855 31 43497 383 69092
38128 15 70550 332 65855 31 73848 383 69092
38128 15 70550 332 65855 31 19515 32 69092
38128 15 70550 332 65855 31 40409 32 69092
38128 15 70550 332 65855 31 16260 383 69092
38128 15 70550 332 65855 31 56944 383 69092
38128 15 70550 332 65855 31 57305 383 69092
38128 15 70550 332 65855 31 44612 383 69092
38128 15 70550 332 65855 31 48048 32 69092
38128 15 70550 332 65855 31 65294 383 69092
38128 15 70550 332 65855 31 47773 383 69092
38128 15 70550 332 65855 31 29174 32 69092
38128 15 70550 332 65855 31 41945 383 69092
38128 15 70550 332 65855 31 10715 383 69092
38128 15 70550 332 65855 31 14630 383 69092
38128 15 70550 332 65855 31 74876 383 69092
38128 15 70550 332 65855 31 39520 383 69092
38128 15 70550 332 65855 31 30234 383 69092
38128 15 70550 332 65855 31 33232 383 69092
38128 15 70550 332 65855 31 7304 383 69092
38128 15 70550 332 65855 31 13054 383 69092
38128 15 70550 332 65855 31 73556 383 69092
38128 15 70550 332 65855 31 35145 383 69092
38128 15 70550 332 65855 31 6943 32 69092
38128 15 70550 332 65855 31 73570 383 69092
38128 15 70550 332 65855 31 73559 383 69092
38128 15 70550 332 65855 31 1654 383 69092
38128 15 70550 332 65855 31 13763 383 69092
38128 15 70550 332 65855 31 60871 383 69092
38128 15 70550 332 65855 31 52243 383 69092
38128 15 70550 332 65855 31 64904 383 69092
38128 15 70550 332 65855 31 8870 383 69092
38128 15 70550 332 65855 31 53151 383 69092
38128 15 70550 332 65855 31 20003 383 69092
38128 15 70550 332 65855 31 33164 383 69092
38128 15 70550 332 65855 31 49502 383 69092
38128 15 70550 332 65855 31 36853 369 69092
38128 15 70550 332 65855 31 10417 383 69092
38128 15 70550 332 65855 31 10417 369 69092
38128 15 70550 332 65855 31 72997 369 69092
38128 15 70550 332 65855 31 48420 369 69092
38128 15 70550 332 65855 31 50171 383 69092
38128 15 70550 332 65855 31 36323 369 69092
38128 15 70550 332 65855 31 30762 383 69092
38128 15 70550 332 65855 31 11699 383 69092
38128 15 70550 332 65855 31 40496 383 69092
38128 15 70550 332 65855 31 56435 369 69092
38128 15 70550 332 65855 31 73840 383 69092
38128 15 70550 332 65855 31 73840 369 69092
38128 15 70550 332 65855 31 21051 383 69092
38128 15 70550 332 65855 31 37792 383 69092
38128 15 70550 332 65855 31 73103 383 69092
38128 15 70550 332 65855 31 43314 383 69092
38128 15 70550 332 65855 31 74555 369 69092
38128 15 70550 332 65855 31 35527 252 69092
38128 15 70550 332 65855 31 35527 383 69092
38128 15 70550 332 65855 31 35527 369 69092
38128 15 70550 332 65855 31 4637 383 69092
38128 15 70550 332 65855 31 4637 252 69092
38128 15 70550 332 65855 31 4637 369 69092
38128 15 70550 332 65855 31 69820 104 69092
38128 15 70550 332 65855 31 72624 383 69092
38128 15 70550 332 65855 31 21890 383 69092
38128 15 70550 332 65855 205 70836 155 69092
38128 15 70550 332 65855 205 70836 32 69092
38128 15 70550 332 65853 31 55412 383 69092
38128 15 70550 332 65853 31 46970 383 69092
38128 15 70550 332 65853 31 33481 383 69092
38128 15 70550 332 65853 31 12880 383 69092
38128 15 70550 332 65853 31 52309 383 69092
38128 15 70550 332 65853 31 36540 383 69092
38128 15 70550 332 65853 31 32298 383 69092
38128 15 70550 332 65853 31 40846 383 69092
38128 15 70550 332 65853 31 6346 383 69092
38128 15 70550 332 65853 31 69544 383 69092
38128 15 70550 332 65853 31 69544 369 69092
38128 15 70550 332 65853 31 56438 383 69092
38128 15 70550 332 65853 31 23889 369 69092
38128 15 70550 332 65853 31 59909 383 69092
38128 15 70550 332 65853 31 15570 252 69092
38128 15 70550 332 65853 31 15570 369 69092
38128 15 70550 332 65853 31 26700 383 69092
38128 15 70550 332 65853 31 33667 383 69092
38128 15 70550 332 65853 31 36752 369 69092
38128 15 70550 332 65853 31 63843 369 69092
38128 15 70550 332 65853 31 7314 369 69092
38128 15 70550 332 65853 31 45200 383 69092
38128 15 70550 332 65853 31 61962 383 69092
38128 15 70550 332 65853 31 61962 252 69092
38128 15 70550 332 65853 31 61962 369 69092
38128 15 70550 332 65853 31 68560 383 69092
38128 15 70550 332 65853 31 12601 383 69092
38128 15 70550 332 65853 31 12601 369 69092
38128 15 70550 332 65853 31 6431 383 69092
38128 15 70550 332 65853 31 6431 151 69092
38128 15 70550 332 65853 31 75173 369 69092
38128 15 70550 332 65853 31 13031 383 69092
38128 15 70550 332 65857 31 44610 383 69092
38128 15 70550 332 65857 31 36170 383 69092
38128 15 70550 332 65857 31 26869 383 69092
38128 15 70550 332 65857 31 52745 32 69092
38128 15 70550 332 65857 31 3169 383 69092
38128 15 70550 332 65857 31 55164 383 69092
38128 15 70550 332 65857 31 55164 369 69092
38128 15 70550 332 65857 31 35214 383 69092
38128 15 70550 332 65856 31 58604 383 69092
38128 15 70550 332 65856 31 21687 383 69092
38128 15 70550 332 65856 31 2851 383 69092
38128 15 70550 332 65856 31 2851 369 69092
38128 15 70550 332 65861 31 30464 383 69092
38128 15 70550 332 65861 31 1214 383 69092
38128 15 70550 332 65861 31 64361 383 69092
38128 15 70550 332 65861 31 24013 383 69092
38128 15 70550 332 65861 31 39173 383 69092
38128 15 70550 332 65861 31 12003 383 69092
38128 15 70550 332 65861 31 1727 383 69092
38128 15 70550 332 65861 31 60622 383 69092
38128 15 70550 332 29052 31 58490 383 69092
38128 15 70550 332 29052 31 37500 383 69092
38128 15 70550 332 29052 31 43908 383 69092
38128 15 70550 332 29052 31 13416 32 69092
38128 15 70550 332 29052 31 69841 383 69092
38128 15 70550 332 29052 31 8454 383 69092
38128 15 70550 332 29052 31 68288 383 69092
38128 15 70550 332 29052 31 66509 383 69092
38128 15 70550 332 29052 31 5280 383 69092
38128 15 70550 332 29052 31 20596 32 69092
38128 15 70550 332 29052 31 47067 383 69092
38128 15 70550 332 29052 31 33187 383 69092
38128 15 70550 332 29052 31 9013 383 69092
38128 15 70550 332 29052 31 16618 369 69092
38128 15 70550 332 29052 31 21752 369 69092
38128 15 70550 332 29052 31 2953 383 69092
38128 15 70550 332 29052 31 51637 369 69092
38128 15 70550 332 29052 31 65397 369 69092
38128 15 70550 332 29052 31 27946 383 69092
38128 15 70550 332 29052 31 65456 383 69092
38128 15 70550 332 29065 31 4658 383 69092
38128 15 70550 332 29065 31 45127 383 69092
38128 15 70550 332 29065 31 64025 383 69092
38128 15 70550 332 29065 31 60088 383 69092
38128 15 70550 332 29065 31 50391 155 69092
38128 15 70550 332 29065 31 50391 32 69092
38128 15 70550 332 29065 31 54285 383 69092
38128 15 70550 332 29065 31 65513 383 69092
38128 15 70550 332 29065 31 19084 383 69092
38128 15 70550 332 29065 31 40104 383 69092
38128 15 70550 332 29065 31 34784 383 69092
38128 15 70550 332 29065 31 16008 383 69092
38128 15 70550 332 29065 31 16008 369 69092
38128 15 70550 332 29065 31 34298 383 69092
38128 15 70550 332 29065 31 34298 369 69092
38128 15 70550 332 29065 31 34809 383 69092
38128 15 70550 332 29065 31 37213 369 69092
38128 15 70550 332 29065 31 22368 383 69092
38128 15 70550 332 29065 31 1427 383 69092
38128 15 70550 332 29065 31 73560 383 69092
38128 15 70550 332 29065 31 62831 383 69092
38128 15 70550 332 29065 31 47739 383 69092
38128 15 70550 332 29065 31 39737 104 69092
38128 15 70550 332 29065 31 39737 369 69092
38128 15 70550 332 29064 31 48632 383 69092
38128 15 70550 332 29064 31 4350 383 69092
38128 15 70550 332 29064 31 38500 369 69092
38128 15 70550 332 29064 31 3929 383 69092
38128 15 70550 332 29064 31 3929 252 69092
38128 15 70550 332 29064 31 3929 369 69092
38128 15 70550 332 29064 31 5838 383 69092
38128 15 70550 332 29064 31 62418 383 69092
38128 15 70550 332 29064 31 28547 155 69092
38128 15 70550 332 23453 31 52207 32 69092
38128 15 70550 332 23453 31 46720 383 69092
38128 15 70550 332 23453 31 43038 383 69092
38128 15 70550 332 23453 31 10088 155 69092
38128 15 70550 332 23453 31 10088 32 69092
38128 15 70550 332 29061 31 33490 383 69092
38128 15 70550 332 29061 31 31909 75 69092
38128 15 70550 151 41897 252 56476 383 69092
38128 15 70550 151 41897 252 62962 383 69092
38128 15 70550 151 41897 252 52301 155 69092
38128 15 70550 151 41897 252 52301 32 69092
38128 15 70550 151 41897 277 3594 155 69092
38128 15 70550 151 41897 277 3594 32 69092
38128 15 70550 151 41897 277 57918 32 69092
38128 15 70550 151 41897 277 16150 32 69092
38128 15 70550 151 41897 32 65194 383 69092
38128 15 70550 151 41897 32 54087 383 69092
38128 15 70550 151 41897 32 2760 383 69092
38128 15 70550 151 41897 32 35963 383 69092
38128 15 70550 151 41897 32 33939 383 69092
38128 15 70550 151 41897 32 50595 383 69092
38128 15 70550 151 41897 32 6793 383 69092
38128 15 70550 151 41897 32 74609 383 69092
38128 15 70550 151 41897 32 59091 383 69092
38128 15 70550 151 41897 32 61410 383 69092
38128 15 70550 151 41897 32 59774 383 69092
38128 15 70550 151 41897 32 28548 383 69092
38128 15 70550 151 41897 32 36224 383 69092
38128 15 70550 151 41897 32 3466 32 69092
38128 15 70550 151 41897 32 2920 383 69092
38128 15 70550 151 41897 32 2920 252 69092
38128 15 70550 151 41897 32 39924 383 69092
38128 15 70550 151 41897 32 5591 383 69092
38128 15 70550 151 41897 32 3248 383 69092
38128 15 70550 151 41897 32 16262 383 69092
38128 15 70550 151 41897 32 7687 383 69092
38128 15 70550 151 41897 32 49090 383 69092
38128 15 70550 151 41897 32 59328 383 69092
38128 15 70550 151 41897 32 48546 383 69092
38128 15 70550 151 41897 32 56149 383 69092
38128 15 70550 151 41897 32 39532 383 69092
38128 15 70550 151 41897 32 17356 383 69092
38128 15 70550 151 41897 32 6397 383 69092
38128 15 70550 151 41897 32 47971 383 69092
38128 15 70550 151 41897 32 32008 383 69092
38128 15 70550 151 41897 32 31762 383 69092
38128 15 70550 151 41897 32 59167 383 69092
38128 15 70550 151 41897 32 19426 383 69092
38128 15 70550 151 41897 32 8285 383 69092
38128 15 70550 151 41897 32 25645 383 69092
38128 15 70550 151 41897 32 19931 383 69092
38128 15 70550 151 41897 32 364 383 69092
38128 15 70550 151 41897 32 69164 383 69092
38128 15 70550 151 41897 32 48620 383 69092
38128 15 70550 151 41897 32 46520 383 69092
38128 15 70550 151 41897 32 23742 383 69092
38128 15 70550 151 41897 32 31481 383 69092
38128 15 70550 151 41897 32 16325 383 69092
38128 15 70550 151 41897 32 16003 383 69092
38128 15 70550 151 41897 32 32394 383 69092
38128 15 70550 151 41897 32 9500 383 69092
38128 15 70550 151 41897 32 33573 383 69092
38128 15 70550 151 41897 32 48488 383 69092
38128 15 70550 151 41897 32 42581 383 69092
38128 15 70550 151 41897 32 47063 383 69092
38128 15 70550 151 41897 32 72445 383 69092
38128 15 70550 151 41897 32 57065 383 69092
38128 15 70550 151 41897 32 40841 383 69092
38128 15 70550 151 41897 32 58669 383 69092
38128 15 70550 151 41897 32 29539 32 69092
38128 15 70550 151 41897 32 40408 383 69092
38128 15 70550 151 41897 32 15237 383 69092
38128 15 70550 151 41897 32 63142 383 69092
38128 15 70550 151 41897 32 73595 383 69092
38128 15 70550 151 41897 32 42058 383 69092
38128 15 70550 151 41897 32 13795 383 69092
38128 15 70550 151 41897 32 23732 383 69092
38128 15 70550 151 41897 32 5565 383 69092
38128 15 70550 151 41897 32 71316 383 69092
38128 15 70550 151 41897 32 46106 383 69092
38128 15 70550 151 41897 32 39141 383 69092
38128 15 70550 151 41897 32 66076 383 69092
38128 15 70550 151 41897 32 25707 383 69092
38128 15 70550 151 41897 32 60888 383 69092
38128 15 70550 151 41897 32 64640 383 69092
38128 15 70550 151 41897 32 55385 383 69092
38128 15 70550 151 41897 32 30416 383 69092
38128 15 70550 151 41897 32 55966 383 69092
38128 15 70550 151 41897 32 38824 383 69092
38128 15 70550 151 41897 32 61590 383 69092
38128 15 70550 151 41897 32 55224 383 69092
38128 15 70550 151 41897 32 57256 383 69092
38128 15 70550 151 41897 32 16547 383 69092
38128 15 70550 151 41897 32 17786 383 69092
38128 15 70550 151 41897 32 2188 383 69092
38128 15 70550 151 41897 32 65746 383 69092
38128 15 70550 151 41897 32 11932 383 69092
38128 15 70550 151 41897 32 57331 383 69092
38128 15 70550 151 41897 32 32680 383 69092
38128 15 70550 151 41897 32 16363 383 69092
38128 15 70550 151 41897 32 26349 383 69092
38128 15 70550 151 41897 32 26349 369 69092
38128 15 70550 151 41897 32 44575 383 69092
38128 15 70550 151 41897 32 63526 383 69092
38128 15 70550 151 41897 32 69699 383 69092
38128 15 70550 151 41897 32 993 383 69092
38128 15 70550 151 41897 32 42051 383 69092
38128 15 70550 151 41897 32 55510 383 69092
38128 15 70550 151 41897 32 71668 383 69092
38128 15 70550 151 41897 32 8178 383 69092
38128 15 70550 151 41897 32 60035 383 69092
38128 15 70550 151 41897 32 58090 383 69092
38128 15 70550 151 41897 32 32506 383 69092
38128 15 70550 151 41897 32 54177 383 69092
38128 15 70550 151 41897 32 66706 383 69092
38128 15 70550 151 41897 32 25629 383 69092
38128 15 70550 151 41897 32 4277 383 69092
38128 15 70550 151 41897 32 26318 383 69092
38128 15 70550 151 41897 32 29335 383 69092
38128 15 70550 151 41897 32 35574 383 69092
38128 15 70550 151 41897 32 25061 383 69092
38128 15 70550 151 41897 32 25989 383 69092
38128 15 70550 151 41897 32 21534 383 69092
38128 15 70550 151 41897 32 26375 383 69092
38128 15 70550 151 41897 32 60927 383 69092
38128 15 70550 151 41897 32 24515 383 69092
38128 15 70550 151 41897 32 52190 383 69092
38128 15 70550 151 41897 32 13652 383 69092
38128 15 70550 151 41897 32 17486 383 69092
38128 15 70550 151 41897 32 12248 383 69092
38128 15 70550 151 41897 32 12040 383 69092
38128 15 70550 151 41897 32 65981 383 69092
38128 15 70550 151 41897 32 27833 383 69092
38128 15 70550 151 41897 32 36354 383 69092
38128 15 70550 151 41897 32 70554 383 69092
38128 15 70550 151 41897 32 5726 369 69092
38128 15 70550 151 41897 32 4103 383 69092
38128 15 70550 151 41897 32 70049 383 69092
38128 15 70550 151 41897 32 42019 383 69092
38128 15 70550 151 41897 32 3265 383 69092
38128 15 70550 151 41897 32 8666 383 69092
38128 15 70550 151 41897 32 41990 383 69092
38128 15 70550 151 41897 32 12490 383 69092
38128 15 70550 151 41897 32 64220 383 69092
38128 15 70550 151 41897 32 14032 383 69092
38128 15 70550 151 41897 32 12115 383 69092
38128 15 70550 151 41897 32 31393 383 69092
38128 15 70550 151 41897 32 37041 383 69092
38128 15 70550 151 41897 32 14161 383 69092
38128 15 70550 151 41897 32 33251 383 69092
38128 15 70550 151 41897 32 23846 383 69092
38128 15 70550 151 41897 32 740 383 69092
38128 15 70550 151 41897 32 40420 383 69092
38128 15 70550 151 41897 32 13001 383 69092
38128 15 70550 151 41897 32 41350 383 69092
38128 15 70550 151 41897 32 35363 383 69092
38128 15 70550 151 41897 32 25921 383 69092
38128 15 70550 151 41897 32 69383 383 69092
38128 15 70550 151 41897 32 61234 383 69092
38128 15 70550 151 41897 32 45391 383 69092
38128 15 70550 151 41897 32 64024 383 69092
38128 15 70550 151 41897 32 61680 383 69092
38128 15 70550 151 41897 32 74537 383 69092
38128 15 70550 151 41897 32 11179 383 69092
38128 15 70550 151 41897 32 51864 383 69092
38128 15 70550 151 41897 32 45199 383 69092
38128 15 70550 151 41897 32 66942 383 69092
38128 15 70550 151 41897 32 52289 383 69092
38128 15 70550 151 41897 32 75218 383 69092
38128 15 70550 151 41897 32 66628 383 69092
38128 15 70550 151 41897 32 43168 383 69092
38128 15 70550 151 41897 32 59758 383 69092
38128 15 70550 151 41897 32 40466 383 69092
38128 15 70550 151 41897 32 16098 383 69092
38128 15 70550 151 41897 32 74723 383 69092
38128 15 70550 151 41897 32 4320 383 69092
38128 15 70550 151 41897 32 65215 383 69092
38128 15 70550 151 41897 32 47606 383 69092
38128 15 70550 151 41897 32 41811 383 69092
38128 15 70550 151 41897 32 9479 383 69092
38128 15 70550 151 41897 32 31776 383 69092
38128 15 70550 151 41897 32 31415 383 69092
38128 15 70550 151 41897 32 14906 383 69092
38128 15 70550 151 41897 32 10268 383 69092
38128 15 70550 151 41897 32 16018 383 69092
38128 15 70550 151 41897 32 16966 383 69092
38128 15 70550 151 41897 32 65304 383 69092
38128 15 70550 151 41897 32 1763 383 69092
38128 15 70550 151 41897 32 71764 383 69092
38128 15 70550 151 41897 32 52838 383 69092
38128 15 70550 151 41897 32 53387 383 69092
38128 15 70550 151 41897 32 44240 383 69092
38128 15 70550 151 41897 32 52344 383 69092
38128 15 70550 151 41897 32 54446 383 69092
38128 15 70550 151 41897 32 74038 383 69092
38128 15 70550 151 41897 32 65757 383 69092
38128 15 70550 151 41897 32 14633 383 69092
38128 15 70550 151 41897 32 65970 383 69092
38128 15 70550 151 41897 32 24014 383 69092
38128 15 70550 151 41897 32 33856 383 69092
38128 15 70550 151 41897 32 8054 383 69092
38128 15 70550 151 41897 32 28007 383 69092
38128 15 70550 151 41897 32 72025 383 69092
38128 15 70550 151 41897 32 37788 383 69092
38128 15 70550 151 41897 32 36116 383 69092
38128 15 70550 151 41897 32 44310 383 69092
38128 15 70550 151 41897 32 68331 383 69092
38128 15 70550 151 41897 32 50260 383 69092
38128 15 70550 151 41897 32 36329 383 69092
38128 15 70550 151 41897 32 36329 252 69092
38128 15 70550 151 41897 32 36329 369 69092
38128 15 70550 151 41897 32 27835 383 69092
38128 15 70550 151 41897 32 11528 383 69092
38128 15 70550 151 41897 32 56275 383 69092
38128 15 70550 151 41897 32 6589 383 69092
38128 15 70550 151 41897 32 16562 383 69092
38128 15 70550 151 41897 32 44784 383 69092
38128 15 70550 151 41897 32 16041 383 69092
38128 15 70550 151 41897 32 70253 383 69092
38128 15 70550 151 41897 32 74548 383 69092
38128 15 70550 151 41897 32 61302 383 69092
38128 15 70550 151 41897 32 29987 383 69092
38128 15 70550 151 41897 32 55509 383 69092
38128 15 70550 151 41897 32 53437 383 69092
38128 15 70550 151 41897 32 55702 383 69092
38128 15 70550 151 41897 32 24360 383 69092
38128 15 70550 151 41897 32 41987 383 69092
38128 15 70550 151 41897 32 64021 383 69092
38128 15 70550 151 41897 32 71197 383 69092
38128 15 70550 151 41897 32 47886 383 69092
38128 15 70550 151 41897 32 1493 383 69092
38128 15 70550 151 41897 32 284 383 69092
38128 15 70550 151 41897 32 59001 383 69092
38128 15 70550 151 41897 32 3359 383 69092
38128 15 70550 151 41897 32 23669 383 69092
38128 15 70550 151 41897 32 23669 369 69092
38128 15 70550 151 41897 32 73846 383 69092
38128 15 70550 151 41897 32 10190 383 69092
38128 15 70550 151 41897 32 49579 383 69092
38128 15 70550 151 41897 32 69338 383 69092
38128 15 70550 256 54168 254 33689 383 69092
38128 15 70550 256 54168 254 73838 383 69092
38128 15 70550 256 54168 254 60827 252 69092
38128 15 70550 256 54168 254 60827 151 69092
38128 15 70550 256 54168 254 24837 383 69092
38128 15 70550 369 53811 277 72854 383 69092
38128 15 70550 369 53811 277 37001 383 69092
38128 15 70550 358 51607 28 62920 383 69092
38128 15 70550 358 51607 28 15811 32 69092
38128 15 70550 358 51607 28 64803 383 69092
38128 15 70550 358 51607 28 73737 383 69092
38128 15 70550 75 33054 277 49298 383 69092
38128 15 70550 75 33054 277 9441 32 69092
38128 15 70550 75 33054 277 25655 383 69092
38128 15 70550 75 33054 277 24478 383 69092
38128 15 70550 75 33054 277 68788 383 69092
38128 15 70550 75 33054 277 7419 383 69092
38128 15 70550 75 33054 277 3027 32 69092
38128 15 70550 75 33054 277 60919 383 69092
38128 15 70550 75 33054 277 62728 383 69092
38128 15 70550 75 33054 277 22140 383 69092
38128 15 70550 75 33054 277 28720 383 69092
38128 15 70550 75 33054 277 71469 383 69092
38128 15 70550 75 33054 277 69208 383 69092
38128 15 70550 75 33054 277 70027 32 69092
38128 15 70550 75 33054 277 19581 383 69092
38128 15 70550 75 33054 277 45366 383 69092
38128 15 70550 75 33054 277 25575 32 69092
38128 15 70550 75 33054 277 38865 155 69092
38128 15 70550 75 33054 277 38865 32 69092
38128 15 70550 75 33054 277 34680 383 69092
38128 15 70550 75 33054 277 50298 383 69092
38128 15 70550 75 33054 277 7714 383 69092
38128 15 70550 75 33054 277 69624 383 69092
38128 15 70550 75 33054 277 69624 32 69092
38128 15 70550 75 33054 277 3484 383 69092
38128 15 70550 75 33054 277 66345 383 69092
38128 15 70550 75 33054 277 27465 383 69092
38128 15 70550 75 33054 277 58269 32 69092
38128 15 70550 75 33054 277 68238 383 69092
38128 15 70550 75 33054 277 12419 383 69092
38128 15 70550 75 33054 277 6016 383 69092
38128 15 70550 75 33054 277 70909 32 69092
38128 15 70550 75 33054 277 48069 383 69092
38128 15 70550 75 33054 277 61301 32 69092
38128 15 70550 75 33054 277 71863 32 69092
38128 15 70550 75 33054 277 28518 32 69092
38128 15 70550 75 33054 277 59317 383 69092
38128 15 70550 75 33054 277 18592 383 69092
38128 15 70550 75 33054 277 21282 383 69092
38128 15 70550 75 33054 277 25316 383 69092
38128 15 70550 75 33054 277 40905 383 69092
38128 15 70550 75 33054 277 64986 383 69092
38128 15 70550 75 33054 277 68142 383 69092
38128 15 70550 75 33054 277 10552 383 69092
38128 15 70550 75 33054 277 45946 32 69092
38128 15 70550 75 33054 277 14640 383 69092
38128 15 70550 75 33054 277 51105 383 69092
38128 15 70550 75 33054 277 41869 32 69092
38128 15 70550 75 33054 277 23740 32 69092
38128 15 70550 75 33054 277 46030 32 69092
38128 15 70550 75 33054 277 22252 32 69092
38128 15 70550 75 33054 277 18660 277 69092
38128 15 70550 75 33054 277 68088 277 69092
38128 15 70550 75 33054 277 68088 155 69092
38128 15 70550 75 33054 277 68088 32 69092
38128 15 70550 75 33054 277 22504 383 69092
38128 15 70550 75 33054 277 45700 383 69092
38128 15 70550 75 33054 277 55404 151 69092
38128 15 70550 75 33054 277 32201 155 69092
38128 15 70550 75 33054 277 32201 32 69092
38128 15 70550 75 33054 277 9813 155 69092
38128 15 70550 75 33054 277 9813 32 69092
38128 15 70550 75 33054 277 24341 155 69092
38128 15 70550 75 33054 277 24341 32 69092
38128 15 70550 75 33054 277 41003 155 69092
38128 15 70550 75 33054 277 41003 32 69092
38128 15 70550 75 33054 277 37371 32 69092
38128 15 70550 75 33054 277 19327 383 69092
38128 15 70550 75 33054 277 49272 383 69092
38128 15 70550 75 33054 252 47094 383 69092
38128 15 70550 75 33054 252 16370 32 69092
38128 15 70550 75 33054 252 29673 383 69092
38128 15 70550 75 33054 252 37253 32 69092
38128 15 70550 75 33054 252 11956 32 69092
38128 15 70550 75 33054 32 5115 383 69092
38128 15 70550 75 33054 32 2532 383 69092
38128 15 70550 75 33054 32 24057 383 69092
38128 15 70550 75 33054 32 488 383 69092
38128 15 70550 75 33054 32 58239 383 69092
38128 15 70550 75 33054 32 43157 383 69092
38128 15 70550 75 33054 32 70186 383 69092
38128 15 70550 75 33054 32 49232 383 69092
38128 15 70550 75 33054 32 23002 383 69092
38128 15 70550 75 33054 32 19681 383 69092
38128 15 70550 75 33054 32 25480 383 69092
38128 15 70550 75 33054 32 70727 32 69092
38128 15 70550 75 33054 32 48225 383 69092
38128 15 70550 75 33054 32 34765 383 69092
38128 15 70550 75 33054 32 1017 383 69092
38128 15 70550 75 33054 32 11107 383 69092
38128 15 70550 75 33054 32 1162 383 69092
38128 15 70550 75 33054 32 31377 383 69092
38128 15 70550 75 33054 32 50305 383 69092
38128 15 70550 75 33054 32 25075 383 69092
38128 15 70550 75 33054 32 8156 383 69092
38128 15 70550 75 33054 32 61500 383 69092
38128 15 70550 75 33054 32 66552 383 69092
38128 15 70550 75 33054 32 71354 383 69092
38128 15 70550 75 33054 32 10102 383 69092
38128 15 70550 75 33054 32 47062 383 69092
38128 15 70550 75 33054 32 61076 383 69092
38128 15 70550 75 33054 32 10333 383 69092
38128 15 70550 75 33054 32 10333 252 69092
38128 15 70550 75 33054 32 10333 369 69092
38128 15 70550 75 33054 32 64939 383 69092
38128 15 70550 75 33054 32 48898 383 69092
38128 15 70550 75 33054 32 62925 383 69092
38128 15 70550 75 33054 32 68695 383 69092
38128 15 70550 75 33054 32 44658 383 69092
38128 15 70550 75 33054 32 68791 383 69092
38128 15 70550 75 33054 32 17084 383 69092
38128 15 70550 75 33054 32 34427 383 69092
38128 15 70550 75 33054 32 12284 383 69092
38128 15 70550 75 33054 32 63499 383 69092
38128 15 70550 75 33054 32 47306 383 69092
38128 15 70550 75 33054 32 558 383 69092
38128 15 70550 75 33054 32 66434 383 69092
38128 15 70550 75 33054 32 3680 383 69092
38128 15 70550 75 33054 32 9241 383 69092
38128 15 70550 75 33054 32 47884 383 69092
38128 15 70550 75 33054 32 26627 383 69092
38128 15 70550 75 33054 32 73096 383 69092
38128 15 70550 75 33054 32 22574 383 69092
38128 15 70550 75 33054 32 23045 383 69092
38128 15 70550 75 33054 32 1901 383 69092
38128 15 70550 75 33054 32 72740 383 69092
38128 15 70550 75 33054 32 48053 383 69092
38128 15 70550 75 33054 32 19796 383 69092
38128 15 70550 75 33054 32 9823 383 69092
38128 15 70550 75 33054 32 10338 383 69092
38128 15 70550 75 33054 32 6541 383 69092
38128 15 70550 75 33054 32 26612 383 69092
38128 15 70550 75 33054 32 47795 383 69092
38128 15 70550 75 33054 32 2215 383 69092
38128 15 70550 75 33054 32 45409 383 69092
38128 15 70550 75 33054 32 9252 383 69092
38128 15 70550 75 33054 151 1711 383 69092
38128 15 70550 75 33054 151 58308 383 69092
38128 15 70550 75 33054 151 31059 155 69092
38128 15 70550 75 33054 151 31059 32 69092
38128 15 70550 75 33054 358 4394 155 69092
38128 15 70550 297 61222 142 28020 104 69092
38128 15 70550 297 61222 142 9488 104 69092
38128 15 70550 297 61222 142 53929 104 69092
38128 15 70550 297 61222 236 29452 383 69092
38128 15 70550 297 61222 231 20177 383 69092
38128 15 70550 297 61222 231 12620 383 69092
38128 15 70550 297 61222 231 21380 383 69092
38128 15 70550 297 61222 231 37915 383 69092
38128 15 70550 297 61222 231 16872 75 69092
38128 15 70550 297 61222 231 29164 383 69092
38128 15 70550 297 61222 231 52270 383 69092
38128 15 70550 297 61222 231 13299 383 69092
38128 15 70550 297 61222 231 38619 369 69092
38128 15 70550 297 61222 231 64446 383 69092
38128 15 70550 297 61222 231 26002 383 69092
38128 15 70550 297 61222 231 53755 383 69092
38128 15 70550 297 61222 231 39260 383 69092
38128 15 70550 297 61222 231 18197 383 69092
38128 15 70550 297 61222 231 65907 383 69092
38128 15 70550 297 61222 231 61526 383 69092
38128 15 70550 297 61222 231 1756 383 69092
38128 15 70550 297 61222 231 36710 383 69092
38128 15 70550 297 61222 231 33297 369 69092
38128 15 70550 297 61222 231 1883 383 69092
38128 15 70550 297 61222 231 29008 383 69092
38128 15 70550 297 61222 231 64701 383 69092
38128 15 70550 297 61222 231 9510 151 69092
38128 15 70550 297 61222 231 64582 383 69092
38128 15 70550 297 61222 231 32024 383 69092
38128 15 70550 297 61222 231 40455 383 69092
38128 15 70550 297 61222 231 16934 383 69092
38128 15 70550 297 61222 231 47974 383 69092
38128 15 70550 297 61222 231 25986 383 69092
38128 15 70550 297 61222 20 64349 383 69092
38128 15 26569 369 73592 277 65157 383 69092
38128 15 26569 369 73592 277 38911 383 69092
38128 15 26569 369 73592 277 40049 383 69092
38128 15 26569 369 73592 277 33361 294 69092
38128 15 26569 369 73592 277 45084 252 69092
38128 15 26569 369 73592 358 41173 383 69092
38128 15 26569 369 73592 358 41173 369 69092
38128 15 11658 143 69742 113 43817 383 69092
38128 15 39896 102 36156 332 71984 369 69092
38128 15 28376 332 68807 31 68470 383 69092
38128 15 28376 332 10045 31 57505 383 69092
38128 15 28376 332 41016 31 34618 369 69092
38128 15 28376 332 41016 31 35071 369 69092
38128 15 28376 332 41016 31 49088 252 69092
38128 15 28376 332 41016 31 49088 369 69092
38128 15 28376 332 41016 31 74810 252 69092
38128 15 28376 332 41016 31 74810 369 69092
38128 15 28376 332 32380 31 9490 369 69092
38128 15 28376 332 26184 31 71006 383 69092
38128 15 28376 332 26181 31 2516 369 69092
38128 15 28376 32 1444 383 42634 383 69092
38128 15 28376 32 1444 332 60306 369 69092
38128 15 28376 32 1444 332 14964 369 69092
38128 15 28376 32 1444 142 55302 104 69092
38128 15 28376 321 24058 196 11615 383 69092
38128 15 28376 321 24058 196 42278 383 69092
38128 15 28376 321 24058 196 11495 369 69092
38128 15 28376 294 50528 75 9034 383 69092
38128 15 28376 57 64354 205 72960 369 69092
38128 15 28376 356 18597 373 41777 383 69092
38128 15 28376 356 72079 382 55330 383 69092
38128 15 22928 382 8546 225 44207 383 69092
38128 15 22928 382 8546 225 32415 383 69092
38128 252 21632 213 50130 121 566 383 69092
38128 382 28806 6 47724 115 58380 383 69092
38128 382 8039 6 53751 255 16864 155 69092
38128 382 8039 6 53751 255 26378 155 69092
38128 382 8039 6 53751 255 11352 155 69092
38128 382 8039 6 53751 255 11352 32 69092
38128 382 8039 303 25928 338 50552 104 69092
38128 382 59433 252 17726 28 53448 252 69092
38128 382 59433 252 17726 28 53448 369 69092
38128 382 31066 196 27162 32 14621 383 69092
38128 300 62434 211 32357 332 51821 369 69092
38128 300 62434 211 27376 155 74191 383 69092
38128 300 62434 211 26494 356 7205 383 69092
38128 300 62434 211 26494 356 7205 252 69092
38128 300 62434 211 26494 356 7205 369 69092
38128 300 62434 211 21109 155 68151 369 69092
38128 300 62434 211 21109 155 71753 369 69092
38128 300 62434 211 21109 155 53005 383 69092
38128 300 62434 211 21109 155 8516 369 69092
38128 300 62434 211 21109 155 66920 383 69092
38128 300 62434 211 21109 155 2909 383 69092
38128 300 62434 211 21109 155 34193 383 69092
38128 300 62434 211 21109 155 34193 252 69092
38128 300 62434 211 21109 155 34193 369 69092
38128 300 62434 211 21109 155 65139 383 69092
38128 300 62434 211 14858 75 45546 369 69092
38128 300 62434 211 14858 277 22715 369 69092
38128 300 62434 211 32131 126 46461 155 69092
38128 300 62434 211 32131 342 30206 383 69092
38128 300 62434 211 32131 342 30206 252 69092
38128 300 62434 211 32131 342 30206 369 69092
38128 300 62434 211 32131 133 62180 383 69092
38128 300 62434 211 32131 36 20621 383 69092
38128 300 62434 211 32131 36 20621 369 69092
38128 300 62434 211 32131 256 5939 104 69092
38128 300 62434 211 32131 271 63990 104 69092
38128 300 62434 211 19847 290 17555 155 69092
38128 300 62434 211 31485 36 10663 383 69092
38128 300 62434 211 31485 36 10663 369 69092
38128 300 62434 211 21356 155 16625 369 69092
38128 80 38944 114 53782 155 19447 155 69092
38128 80 38944 114 53782 155 68794 75 69092
38128 80 38944 114 53782 155 68794 155 69092
38128 80 38944 114 53782 155 68794 32 69092
38128 80 38944 114 53782 155 68794 369 69092
38128 80 38944 28 27067 32 60678 383 69092
38128 80 38944 32 67410 75 1638 32 69092
38128 80 38944 32 67410 75 49030 369 69092
38128 80 38944 32 67410 75 49836 252 69092
38128 80 38944 32 67410 75 49836 369 69092
38128 80 38944 32 1861 75 61959 32 69092
38128 80 38944 354 57047 364 67952 369 69092
38128 80 38944 310 25099 75 12576 75 69092
38128 80 38944 310 25099 75 12576 155 69092
38128 80 38944 310 25099 75 12576 32 69092
38128 80 38944 310 25099 75 12576 369 69092
38128 80 38944 310 14859 277 9044 369 69092
38128 85 64632 249 4148 75 4056 369 69092
38128 85 64632 249 75101 75 53846 383 69092
38128 130 63974 393 20249 272 8878 383 69092
38128 130 10306 271 21435 22 61442 383 69092
38128 130 10306 271 21435 22 58503 383 69092
38128 265 69931 242 53540 102 27268 383 69092
38128 265 60841 383 71850 294 29767 383 69092
38128 265 60841 383 71850 294 69900 383 69092
38128 265 60841 383 71850 294 49243 383 69092
38128 265 60841 383 71850 294 49243 369 69092
38128 141 31011 52 5466 93 14057 383 69092
38128 141 52920 358 9577 28 66943 383 69092
38128 141 52920 358 9577 28 64149 383 69092
38128 15 63319 15 69304 265 9243 212 2120 383 69092
38128 15 70550 252 62747 180 10392 71 6714 383 69092
38128 15 70550 102 3052 359 22173 102 45816 383 69092
38128 15 70550 332 65853 31 1963 75 27425 32 69092
38128 15 70550 332 29052 31 9013 383 19921 383 69092
38128 15 70550 332 29052 31 9013 84 7071 383 69092
38128 15 70550 332 29052 31 9013 298 56067 383 69092
38128 15 70550 332 29052 31 9013 298 68472 383 69092
38128 15 70550 332 29052 31 9013 298 26007 383 69092
38128 15 70550 332 29052 31 9013 36 14062 383 69092
38128 15 70550 332 29052 31 30312 26 67320 383 69092
38128 15 70550 332 29052 31 3007 336 16328 369 69092
38128 15 70550 332 29065 31 38990 240 70105 383 69092
38128 15 70550 332 23453 31 56734 151 32022 369 69092
38128 15 70550 151 41897 32 60008 155 4844 383 69092
38128 15 70550 256 54168 254 73838 52 6442 383 69092
38128 15 70550 256 54168 254 73838 52 71399 383 69092
38128 15 70550 358 51607 28 10229 219 18771 383 69092
38128 15 70550 297 61222 231 46511 383 53931 155 69092
38128 15 70550 297 61222 20 482 272 29595 383 69092
38128 15 28376 32 1444 114 72858 100 15037 383 69092
38128 382 23393 359 3291 279 29502 284 29099 383 69092
38128 382 28806 6 47724 229 62035 1 59755 383 69092
38128 382 28806 6 47724 229 62035 1 59755 369 69092
38128 382 28806 6 47724 229 62035 1 27698 369 69092
38128 382 59433 252 17726 108 37394 219 20849 383 69092
38128 382 59433 252 17726 108 37394 219 39174 383 69092
38128 382 59433 252 17726 235 24309 76 68872 383 69092
38128 300 62434 211 11794 343 59337 1 6952 383 69092
38128 300 62434 211 14858 107 27503 26 13525 383 69092
38128 80 38944 32 51420 272 70997 291 68958 369 69092
38128 80 38944 8 75194 248 63023 25 53760 383 69092
38128 80 38944 8 65445 377 10911 238 7101 383 69092
38128 80 38944 8 65445 377 10911 238 36886 383 69092
38128 80 38944 8 65445 377 10911 238 36886 252 69092
38128 80 38944 8 65445 377 10911 238 36886 369 69092
38128 15 63319 15 44534 382 43756 28 46479 358 32489 252 69092
38128 15 63319 15 44534 382 43756 28 46479 358 32489 369 69092
38128 15 63319 15 74492 37 22668 114 75110 155 9318 75 69092
38128 15 63319 15 74492 37 22668 114 75110 155 9318 252 69092
38128 15 63319 15 74492 37 22668 114 75110 155 9318 155 69092
38128 15 63319 15 74492 37 22668 114 75110 155 9318 32 69092
38128 15 63319 15 74492 37 22668 114 75110 155 9318 369 69092
38128 15 63319 15 74492 37 22668 114 75110 155 54816 75 69092
38128 15 63319 15 74492 37 22668 114 75110 155 18152 75 69092
38128 15 63319 15 74492 37 22668 114 75110 155 18152 155 69092
38128 15 63319 15 74492 37 22668 114 75110 155 18152 32 69092
38128 15 63319 15 74492 37 22668 114 75110 155 18152 369 69092
38128 15 70550 332 29052 31 69540 28 59971 254 59000 383 69092
38128 382 7417 105 63771 172 41528 213 51901 121 32961 383 69092
38128 300 62434 211 67332 328 27731 9 14213 195 73579 369 69092
38128 15 70550 332 65853 31 61721 303 53244 342 43678 342 56553 383 69092
