10141 6 63319
10141 6 59072 6 38128 15 63319
10141 6 59072 6 38128 398 63319
10141 6 70550 300 62434 211 63319
10141 6 37898 164 69304 15 63319
10141 6 37898 164 69304 6 63319
10141 6 37898 164 69304 398 63319
10141 6 37898 164 45970 6 63319
10141 6 37898 164 45970 398 63319
10141 6 37898 164 74368 398 63319
10141 369 63974 382 61075 6 63319
10141 358 15434 164 10519 15 63319
10141 358 15434 164 10519 398 63319
10141 6 59072 6 38128 382 28806 15 63319
10141 6 59072 6 38128 382 28806 6 63319
10141 6 70550 252 6067 32 44534 15 63319
10141 6 70550 252 6067 32 44534 398 63319
10141 6 70550 300 59812 211 9678 15 63319
10141 6 70550 300 59812 211 9678 398 63319
10141 6 70550 300 62434 211 66979 15 63319
10141 6 59072 6 38128 382 2748 6 44022 15 63319
10141 6 59072 6 38128 382 2748 6 44022 398 63319
10141 6 59072 6 38128 382 2748 6 1293 398 63319
10141 6 59072 6 38128 382 2748 6 74492 15 63319
10141 6 59072 6 38128 382 2748 6 74492 398 63319
10141 6 59072 6 38128 382 2748 6 26509 15 63319
10141 6 59072 6 38128 382 2748 6 26509 398 63319
10141 6 59072 6 38128 382 2748 6 65877 15 63319
10141 6 59072 6 38128 382 2748 6 65877 398 63319
10141 6 59072 6 38128 80 38944 315 49641 398 63319
10141 6 59072 6 38128 141 31011 164 51209 15 63319
10141 6 59072 6 38128 141 31011 164 51209 398 63319
10141 6 59072 6 38128 141 31011 164 44680 398 63319
10141 6 70550 332 1705 31 11708 123 15252 15 63319
10141 6 70550 75 33054 277 52898 338 24712 15 63319
10141 6 70550 75 33054 277 52898 338 24712 398 63319
10141 6 37898 164 71797 296 20492 99 67509 15 63319
10141 6 70550 15 480 147 29427 75 43756 6 52761 15 63319
10141 6 70550 15 480 147 29427 75 43756 6 52761 398 63319
