12035 6 38128
12035 385 38128
12035 6 7417 6 38128
12035 6 7417 172 14736 385 38128
12035 382 10141 6 59072 6 38128
12035 382 10141 6 63319 15 38128
12035 382 10141 6 63319 398 38128
12035 382 10141 6 32864 15 38128
12035 382 10141 6 32864 6 38128
12035 382 10141 6 70550 15 38128
12035 382 10141 6 70550 6 38128
12035 382 10141 6 70550 398 38128
12035 382 10141 6 39896 15 38128
12035 382 10141 6 39896 6 38128
12035 382 10141 6 39896 398 38128
12035 382 10141 6 28376 398 38128
12035 382 10141 6 44869 15 38128
12035 382 10141 6 44869 6 38128
12035 382 10141 6 68855 6 38128
12035 382 10141 369 63974 271 38128
12035 382 10141 369 63974 385 38128
12035 382 10141 369 20905 6 38128
12035 6 7417 172 14736 385 75055 15 38128
12035 6 7417 172 14736 385 75055 6 38128
12035 6 7417 172 14736 105 42173 385 38128
12035 6 7417 172 14736 382 28806 6 38128
12035 6 7417 143 69742 113 66245 385 38128
12035 6 7417 143 69742 113 11658 385 38128
12035 6 7417 143 69742 113 11658 398 38128
12035 6 7417 143 69742 113 69443 6 38128
12035 6 7417 332 29052 31 15024 6 38128
12035 6 7417 332 29052 31 26151 6 38128
12035 6 7417 332 29052 31 4399 6 38128
12035 6 7417 332 29052 31 2748 6 38128
12035 6 7417 332 29052 31 31066 6 38128
12035 6 7417 332 29052 31 52920 385 38128
12035 6 7417 332 29052 31 59433 6 38128
12035 6 7417 332 29052 31 41162 6 38128
12035 6 7417 332 29052 31 48224 6 38128
12035 6 7417 332 29052 31 30522 6 38128
12035 6 7417 332 29052 31 599 15 38128
12035 6 7417 332 29052 31 7103 15 38128
12035 6 7417 332 29052 31 7103 6 38128
12035 6 7417 332 29052 369 69092 142 38128
12035 6 7417 397 47724 300 62434 211 38128
12035 382 10141 6 59072 203 27108 385 38128
12035 382 10141 6 70550 102 23393 6 38128
12035 382 10141 6 28376 252 21632 252 38128
12035 382 10141 6 28376 252 21632 28 38128
12035 382 10141 6 28376 252 21632 151 38128
12035 382 10141 6 28376 252 21632 396 38128
12035 382 10141 6 28376 382 65553 6 38128
12035 382 10141 6 28376 382 65553 277 38128
12035 382 10141 6 28376 382 65553 151 38128
12035 382 10141 6 28376 382 8039 6 38128
12035 382 10141 6 28376 369 60073 372 38128
12035 382 10141 6 28376 369 60073 396 38128
12035 382 10141 369 63974 271 586 6 38128
12035 6 7417 336 32685 336 53751 28 38944 315 38128
12035 6 7417 336 32685 336 53751 28 38944 91 38128
12035 6 7417 336 32685 336 53751 101 9911 5 38128
12035 6 7417 336 32685 213 50130 158 17058 112 38128
12035 6 7417 336 32685 213 50130 158 17058 191 38128
12035 6 7417 172 14736 172 52734 382 17727 6 38128
12035 6 7417 172 14736 332 65853 31 73145 6 38128
12035 6 7417 172 14736 332 65853 31 24596 6 38128
12035 6 7417 172 14736 332 65857 369 60841 64 38128
12035 6 7417 172 14736 332 29064 31 26339 6 38128
12035 6 7417 172 14736 332 29065 31 1823 15 38128
12035 6 7417 172 14736 332 29065 31 1823 6 38128
12035 6 7417 172 14736 332 29065 31 15471 6 38128
12035 6 7417 172 14736 396 54516 35 31011 385 38128
12035 6 7417 105 63771 252 6067 151 69931 64 38128
12035 6 7417 143 69742 113 57906 102 28644 6 38128
12035 6 7417 332 29052 31 8945 303 64632 112 38128
12035 6 7417 332 29052 31 8945 303 64632 191 38128
12035 6 7417 332 29052 31 1444 383 29827 64 38128
12035 6 7417 332 29052 31 6576 356 51294 271 38128
12035 6 7417 332 29052 31 6576 356 51294 385 38128
12035 6 7417 332 29052 31 33054 277 40018 6 38128
12035 6 7417 332 29052 31 33054 252 5256 385 38128
12035 6 7417 332 29052 31 49073 379 1483 88 38128
12035 6 7417 255 28397 385 61953 358 42522 6 38128
12035 6 7417 397 47724 237 15756 271 55887 15 38128
12035 6 7417 397 47724 237 15756 271 55887 6 38128
12035 6 7417 397 47724 237 15756 271 55887 398 38128
12035 6 7417 397 47724 256 54168 254 20749 385 38128
12035 6 7417 397 47724 256 54168 254 14297 164 38128
12035 382 10141 6 59072 130 57220 249 29947 5 38128
12035 382 10141 6 63319 15 9678 85 19769 191 38128
12035 382 10141 6 70550 300 59812 211 10306 271 38128
12035 382 10141 6 70550 256 48065 15 22928 398 38128
12035 382 10141 6 70550 256 48065 15 22928 382 38128
12035 382 10141 6 37898 164 10979 296 30382 99 38128
12035 382 10141 6 28376 252 21632 102 29897 6 38128
12035 382 10141 6 28376 28 73592 277 26569 385 38128
12035 382 10141 6 28376 28 73592 277 26569 398 38128
12035 382 10141 6 28376 105 27339 172 12246 6 38128
12035 382 10141 6 28376 105 27339 172 12246 398 38128
12035 382 10141 6 28376 382 65553 151 52008 15 38128
12035 382 10141 6 28376 382 65553 151 52008 6 38128
12035 382 10141 6 28376 143 37487 113 73982 385 38128
12035 382 10141 6 28376 143 37487 113 17875 15 38128
12035 382 10141 6 28376 143 37487 113 17875 6 38128
12035 382 10141 6 28376 143 37487 113 17875 398 38128
12035 382 10141 6 28376 143 37487 113 1334 15 38128
12035 382 10141 6 28376 143 37487 113 1334 398 38128
12035 382 10141 6 28376 369 60073 266 39181 6 38128
12035 382 10141 6 28376 369 60073 303 28772 6 38128
12035 382 10141 6 28376 369 60073 303 28772 277 38128
12035 382 10141 6 28376 369 60073 303 28772 28 38128
12035 6 7417 105 63771 252 6067 32 23798 75 322 6 38128
12035 6 7417 105 63771 252 6067 32 23798 75 322 385 38128
12035 6 7417 105 63771 252 6067 32 23798 75 322 398 38128
12035 6 7417 332 29052 31 49073 296 20492 99 45713 15 38128
12035 6 7417 332 29052 31 19933 75 4870 26 32129 398 38128
12035 6 7417 332 29052 31 19933 75 4870 26 32129 382 38128
12035 6 7417 332 29052 31 59128 45 41876 23 53219 112 38128
