1727 6 72079
1727 383 69092 294 72079
1727 75 41897 32 72079
1727 332 29052 31 72079
1727 332 29065 31 72079
1727 332 29064 31 72079
1727 332 29061 31 72079
1727 332 68334 31 72079
1727 383 69092 294 65513 6 72079
1727 383 69092 294 20689 356 72079
1727 383 69092 294 39260 356 72079
1727 383 69092 294 58806 356 72079
1727 383 69092 294 61222 231 72079
1727 383 69092 294 5850 6 72079
1727 383 69092 294 17020 356 72079
1727 383 69092 294 21330 356 72079
1727 383 69092 294 40637 356 72079
1727 383 69092 294 55330 6 72079
1727 383 69092 294 55158 356 72079
1727 383 69092 294 63472 103 72079
1727 383 69092 294 28376 356 72079
1727 383 69092 294 42278 6 72079
1727 383 69092 151 10045 31 72079
1727 383 69092 151 1707 31 72079
1727 383 69092 151 60308 31 72079
1727 383 69092 151 1705 31 72079
1727 383 69092 151 68336 31 72079
1727 383 69092 151 68337 31 72079
1727 383 69092 151 32380 31 72079
1727 383 69092 151 59840 31 72079
1727 383 69092 151 40315 31 72079
1727 383 69092 151 12340 31 72079
1727 383 69092 151 35877 31 72079
1727 383 69092 277 60031 31 72079
1727 383 69092 277 60306 31 72079
1727 383 69092 277 68800 31 72079
1727 383 69092 277 40312 31 72079
1727 383 69092 277 40308 31 72079
1727 383 69092 277 23453 31 72079
1727 383 69092 277 6058 31 72079
1727 383 69092 277 65853 31 72079
1727 383 69092 277 65855 31 72079
1727 75 41897 277 40309 31 72079
1727 75 41897 277 68338 31 72079
1727 75 41897 277 68339 31 72079
1727 75 41897 277 31869 31 72079
1727 75 41897 277 23446 31 72079
1727 75 41897 277 51355 31 72079
1727 75 41897 277 51358 31 72079
1727 75 41897 277 51356 31 72079
1727 75 41897 277 65856 31 72079
1727 75 41897 277 65857 31 72079
1727 75 41897 277 23887 31 72079
1727 332 65861 31 42618 6 72079
1727 332 65861 31 30109 6 72079
1727 332 65861 31 51172 356 72079
1727 332 65861 31 68659 6 72079
1727 332 65861 31 59220 356 72079
1727 332 65861 31 56441 6 72079
1727 332 65861 31 4443 147 72079
1727 332 65861 31 30430 6 72079
1727 332 29052 31 45140 356 72079
1727 332 29052 31 66233 356 72079
1727 332 29052 31 56645 6 72079
1727 332 29052 31 63392 356 72079
1727 332 29052 31 13526 6 72079
1727 332 29052 31 65305 6 72079
1727 332 29052 31 56798 6 72079
1727 332 29052 31 11484 356 72079
1727 332 29064 31 28650 6 72079
1727 369 33054 277 41538 147 72079
1727 369 33054 277 22663 6 72079
1727 369 33054 277 37878 6 72079
1727 369 33054 277 6526 147 72079
1727 369 33054 277 64382 356 72079
1727 369 33054 151 62434 211 72079
1727 383 69092 75 38944 315 67659 130 72079
1727 383 69092 75 38944 315 51246 130 72079
1727 383 69092 75 34525 256 54168 254 72079
1727 383 69092 75 34525 256 54168 141 72079
1727 383 69092 75 19847 332 10188 31 72079
1727 383 69092 75 3650 124 13926 147 72079
1727 383 69092 75 3650 124 59741 130 72079
1727 383 69092 75 3650 332 71061 31 72079
1727 383 69092 75 3650 332 31874 31 72079
1727 383 69092 75 3650 332 3992 31 72079
1727 383 69092 114 60924 300 66239 211 72079
1727 383 69092 32 57047 364 21710 356 72079
1727 383 69092 32 51420 222 29063 254 72079
1727 383 69092 294 64590 332 3980 31 72079
1727 383 69092 294 26869 105 27339 172 72079
1727 383 69092 294 57305 373 26494 356 72079
1727 383 69092 294 15756 364 60749 356 72079
1727 383 69092 294 15756 60 61212 22 72079
1727 383 69092 294 56770 359 30973 356 72079
1727 383 69092 294 5850 13 37504 6 72079
1727 383 69092 294 63472 382 429 6 72079
1727 383 69092 294 7205 373 36865 356 72079
1727 383 69092 294 47724 373 61434 356 72079
1727 332 65861 31 6934 359 63685 356 72079
1727 332 65861 31 72970 6 23110 147 72079
1727 332 29065 31 12360 113 23105 356 72079
1727 332 29065 31 10558 355 73985 6 72079
1727 369 33054 151 62434 211 59046 6 72079
1727 369 33054 151 62434 211 4400 147 72079
1727 369 33054 151 62434 211 64571 356 72079
1727 369 33054 151 62434 211 19747 356 72079
1727 383 69092 75 9441 252 24578 252 60222 6 72079
1727 383 69092 114 4394 143 69742 113 39635 15 72079
1727 383 69092 114 4394 143 69742 113 39635 147 72079
1727 383 69092 294 54087 358 9577 28 15895 6 72079
1727 383 69092 294 3291 356 18597 373 75385 356 72079
1727 383 69092 294 55224 358 13298 28 72437 6 72079
