20905 6 38128
20905 277 10141 6 59072 6 38128
20905 277 10141 6 63319 15 38128
20905 277 10141 6 63319 398 38128
20905 277 10141 6 32864 15 38128
20905 277 10141 6 32864 6 38128
20905 277 10141 6 70550 15 38128
20905 277 10141 6 70550 6 38128
20905 277 10141 6 70550 398 38128
20905 277 10141 6 12035 6 38128
20905 277 10141 6 12035 385 38128
20905 277 10141 6 39896 15 38128
20905 277 10141 6 39896 6 38128
20905 277 10141 6 39896 398 38128
20905 277 10141 6 28376 398 38128
20905 277 10141 6 44869 15 38128
20905 277 10141 6 44869 6 38128
20905 277 10141 6 68855 6 38128
20905 277 10141 369 63974 271 38128
20905 277 10141 369 63974 385 38128
20905 332 65855 31 15024 6 38128
20905 332 65855 31 66245 385 38128
20905 332 65855 31 26151 6 38128
20905 332 65855 31 4399 6 38128
20905 332 65855 31 2748 6 38128
20905 332 65855 31 31066 6 38128
20905 332 65855 31 52920 385 38128
20905 332 65855 31 41162 6 38128
20905 332 65855 31 73145 6 38128
20905 332 65855 31 48224 6 38128
20905 332 65855 31 599 15 38128
20905 332 65855 369 69092 142 38128
20905 332 29064 31 14736 385 38128
20905 332 29064 31 59433 6 38128
20905 332 29064 31 26339 6 38128
20905 332 29064 31 30522 6 38128
20905 332 29064 31 23393 6 38128
20905 332 29065 31 1823 15 38128
20905 332 29065 31 1823 6 38128
20905 332 29065 31 42173 385 38128
20905 332 29065 31 15471 6 38128
20905 332 29065 31 17727 6 38128
20905 332 29065 31 28806 6 38128
20905 277 10141 6 59072 203 27108 385 38128
20905 277 10141 6 63319 300 62434 211 38128
20905 277 10141 6 12035 6 7417 6 38128
20905 277 10141 6 28376 252 21632 252 38128
20905 277 10141 6 28376 252 21632 28 38128
20905 277 10141 6 28376 252 21632 151 38128
20905 277 10141 6 28376 252 21632 396 38128
20905 277 10141 6 28376 382 65553 6 38128
20905 277 10141 6 28376 382 65553 277 38128
20905 277 10141 6 28376 382 65553 151 38128
20905 277 10141 6 28376 382 8039 6 38128
20905 277 10141 6 28376 369 60073 372 38128
20905 277 10141 6 28376 369 60073 396 38128
20905 277 10141 369 63974 271 586 6 38128
20905 332 65855 31 51574 294 69931 64 38128
20905 332 65855 31 30109 342 64632 112 38128
20905 332 65855 31 30109 342 64632 191 38128
20905 332 65855 31 1444 383 38944 315 38128
20905 332 65855 31 1444 383 38944 91 38128
20905 332 65855 31 1444 383 29827 64 38128
20905 332 65855 31 59627 32 60841 64 38128
20905 332 65855 31 24058 196 24596 6 38128
20905 332 65855 31 37302 256 55887 15 38128
20905 332 65855 31 37302 256 55887 6 38128
20905 332 65855 31 37302 256 55887 398 38128
20905 332 65855 31 49073 379 1483 88 38128
20905 332 65855 31 49073 374 17058 112 38128
20905 332 65855 31 49073 374 17058 191 38128
20905 332 65855 31 19847 294 31011 385 38128
20905 332 65855 369 69092 294 5256 385 38128
20905 332 29064 31 14736 385 75055 15 38128
20905 332 29064 31 14736 385 75055 6 38128
20905 332 29065 31 1910 303 28772 6 38128
20905 332 29065 31 1910 303 28772 277 38128
20905 332 29065 31 1910 303 28772 28 38128
20905 332 29065 31 51254 296 30382 99 38128
20905 332 29065 31 11756 217 9911 5 38128
20905 332 29065 31 38002 255 69443 6 38128
20905 277 10141 6 59072 130 57220 249 29947 5 38128
20905 277 10141 6 63319 15 9678 85 19769 191 38128
20905 277 10141 6 70550 102 3052 359 20749 385 38128
20905 277 10141 6 70550 300 59812 211 10306 271 38128
20905 277 10141 6 70550 300 59812 211 11658 385 38128
20905 277 10141 6 70550 300 59812 211 11658 398 38128
20905 277 10141 6 70550 332 29052 31 7103 15 38128
20905 277 10141 6 70550 332 29052 31 7103 6 38128
20905 277 10141 6 70550 256 48065 15 22928 398 38128
20905 277 10141 6 70550 256 48065 15 22928 382 38128
20905 277 10141 6 70550 256 54168 254 14297 164 38128
20905 277 10141 6 70550 75 33054 277 40018 6 38128
20905 277 10141 6 28376 252 21632 102 29897 6 38128
20905 277 10141 6 28376 28 73592 277 26569 385 38128
20905 277 10141 6 28376 28 73592 277 26569 398 38128
20905 277 10141 6 28376 105 27339 172 12246 6 38128
20905 277 10141 6 28376 105 27339 172 12246 398 38128
20905 277 10141 6 28376 382 65553 151 52008 15 38128
20905 277 10141 6 28376 382 65553 151 52008 6 38128
20905 277 10141 6 28376 143 37487 113 73982 385 38128
20905 277 10141 6 28376 143 37487 113 17875 15 38128
20905 277 10141 6 28376 143 37487 113 17875 6 38128
20905 277 10141 6 28376 143 37487 113 17875 398 38128
20905 277 10141 6 28376 143 37487 113 1334 15 38128
20905 277 10141 6 28376 143 37487 113 1334 398 38128
20905 277 10141 6 28376 369 60073 342 28644 6 38128
20905 277 10141 6 28376 369 60073 266 39181 6 38128
20905 332 65855 31 1444 383 61102 75 322 6 38128
20905 332 65855 31 1444 383 61102 75 322 385 38128
20905 332 65855 31 1444 383 61102 75 322 398 38128
20905 332 65855 31 49073 296 20492 99 45713 15 38128
20905 332 65855 31 11699 45 41876 23 53219 112 38128
20905 332 65855 369 19933 75 4870 26 32129 398 38128
20905 332 65855 369 19933 75 4870 26 32129 382 38128
20905 332 29064 31 58243 398 5135 358 42522 6 38128
20905 277 10141 6 70550 332 29052 31 6576 356 51294 271 38128
20905 277 10141 6 70550 332 29052 31 6576 356 51294 385 38128
