26339 6 38128
26339 332 29064 31 15024 6 38128
26339 332 29064 31 66245 385 38128
26339 332 29064 31 26151 6 38128
26339 332 29064 31 4399 6 38128
26339 332 29064 31 70550 15 38128
26339 332 29064 31 70550 6 38128
26339 332 29064 31 70550 398 38128
26339 332 29064 31 2748 6 38128
26339 332 29064 31 14736 385 38128
26339 332 29064 31 52920 385 38128
26339 332 29064 31 59433 6 38128
26339 332 29064 31 20905 6 38128
26339 332 29064 31 41162 6 38128
26339 332 29064 31 73145 6 38128
26339 332 29064 31 48224 6 38128
26339 332 29064 31 28376 398 38128
26339 332 29064 31 30522 6 38128
26339 332 29064 31 23393 6 38128
26339 332 29064 369 69092 142 38128
26339 332 29064 31 72079 300 62434 211 38128
26339 332 29064 31 73627 342 8039 6 38128
26339 332 29064 31 27162 321 31066 6 38128
26339 332 29064 31 6934 359 39896 15 38128
26339 332 29064 31 6934 359 39896 6 38128
26339 332 29064 31 6934 359 39896 398 38128
26339 332 29064 31 1444 383 38944 315 38128
26339 332 29064 31 1444 383 38944 91 38128
26339 332 29064 31 1444 383 29827 64 38128
26339 332 29064 31 1444 383 69931 64 38128
26339 332 29064 31 1444 382 28806 6 38128
26339 332 29064 31 72838 105 42173 385 38128
26339 332 29064 31 14736 385 75055 15 38128
26339 332 29064 31 14736 385 75055 6 38128
26339 332 29064 31 14736 105 7417 6 38128
26339 332 29064 31 24058 196 24596 6 38128
26339 332 29064 31 24058 196 60841 64 38128
26339 332 29064 31 61075 6 63319 15 38128
26339 332 29064 31 61075 6 63319 398 38128
26339 332 29064 31 61075 6 63974 271 38128
26339 332 29064 31 61075 6 63974 385 38128
26339 332 29064 31 28376 252 21632 252 38128
26339 332 29064 31 28376 252 21632 28 38128
26339 332 29064 31 28376 252 21632 151 38128
26339 332 29064 31 28376 252 21632 396 38128
26339 332 29064 31 28376 382 65553 6 38128
26339 332 29064 31 28376 382 65553 277 38128
26339 332 29064 31 28376 382 65553 151 38128
26339 332 29064 31 28376 369 60073 372 38128
26339 332 29064 31 28376 369 60073 396 38128
26339 332 29064 31 19847 294 31011 385 38128
26339 332 29064 31 55642 158 17058 112 38128
26339 332 29064 31 55642 158 17058 191 38128
26339 332 29064 31 55642 158 64632 112 38128
26339 332 29064 31 55642 158 64632 191 38128
26339 332 29064 31 32756 6 59072 6 38128
26339 332 29064 369 69092 294 5256 385 38128
26339 332 29064 31 12921 332 65855 31 599 15 38128
26339 332 29064 31 12921 332 29065 31 1823 15 38128
26339 332 29064 31 12921 332 29065 31 1823 6 38128
26339 332 29064 31 12921 332 29065 31 15471 6 38128
26339 332 29064 31 12921 332 29065 31 17727 6 38128
26339 332 29064 31 55787 26 7785 396 44869 15 38128
26339 332 29064 31 55787 26 7785 396 44869 6 38128
26339 332 29064 31 86 369 33054 277 40018 6 38128
26339 332 29064 31 15024 332 29052 31 7103 15 38128
26339 332 29064 31 15024 332 29052 31 7103 6 38128
26339 332 29064 31 65268 369 53751 255 69443 6 38128
26339 332 29064 31 65268 369 53751 101 9911 5 38128
26339 332 29064 31 72079 105 27339 172 12246 6 38128
26339 332 29064 31 72079 105 27339 172 12246 398 38128
26339 332 29064 31 72079 256 54168 254 20749 385 38128
26339 332 29064 31 72079 256 54168 254 14297 164 38128
26339 332 29064 31 72079 256 54168 379 1483 88 38128
26339 332 29064 31 70122 28 73592 277 26569 385 38128
26339 332 29064 31 70122 28 73592 277 26569 398 38128
26339 332 29064 31 64690 105 52734 172 11658 385 38128
26339 332 29064 31 64690 105 52734 172 11658 398 38128
26339 332 29064 31 14264 332 40313 31 17875 15 38128
26339 332 29064 31 14264 332 40313 31 17875 6 38128
26339 332 29064 31 14264 332 40313 31 17875 398 38128
26339 332 29064 31 17625 359 57906 102 28644 6 38128
26339 332 29064 31 56660 60 21435 130 10306 271 38128
26339 332 29064 31 21315 143 37487 113 73982 385 38128
26339 332 29064 31 21315 143 37487 113 1334 15 38128
26339 332 29064 31 21315 143 37487 113 1334 398 38128
26339 332 29064 31 47344 150 5417 296 30382 99 38128
26339 332 29064 31 47344 150 17215 15 22928 398 38128
26339 332 29064 31 47344 150 17215 15 22928 382 38128
26339 332 29064 31 70550 382 10141 6 32864 15 38128
26339 332 29064 31 70550 382 10141 6 32864 6 38128
26339 332 29064 31 70550 382 10141 6 12035 6 38128
26339 332 29064 31 70550 382 10141 6 12035 385 38128
26339 332 29064 31 70550 382 10141 6 68855 6 38128
26339 332 29064 31 73217 342 37302 256 55887 15 38128
26339 332 29064 31 73217 342 37302 256 55887 6 38128
26339 332 29064 31 73217 342 37302 256 55887 398 38128
26339 332 29064 31 1444 383 61102 75 322 6 38128
26339 332 29064 31 1444 383 61102 75 322 385 38128
26339 332 29064 31 1444 383 61102 75 322 398 38128
26339 332 29064 31 1444 383 69931 64 52008 15 38128
26339 332 29064 31 1444 383 69931 64 52008 6 38128
26339 332 29064 31 2748 6 8511 85 19769 191 38128
26339 332 29064 31 61075 6 63974 271 586 6 38128
26339 332 29064 31 15658 336 37269 336 27108 385 38128
26339 332 29064 31 25928 338 31083 217 29947 5 38128
26339 332 29064 31 19933 75 4870 26 32129 398 38128
26339 332 29064 31 19933 75 4870 26 32129 382 38128
26339 332 29064 31 28376 252 21632 102 29897 6 38128
26339 332 29064 31 28376 369 60073 266 39181 6 38128
26339 332 29064 31 28376 369 60073 303 28772 6 38128
26339 332 29064 31 28376 369 60073 303 28772 277 38128
26339 332 29064 31 28376 369 60073 303 28772 28 38128
26339 332 29064 31 23009 45 41876 23 53219 112 38128
26339 332 29064 31 58243 398 5135 358 42522 6 38128
26339 332 29064 31 15024 332 29052 31 6576 356 51294 271 38128
26339 332 29064 31 15024 332 29052 31 6576 356 51294 385 38128
26339 332 29064 31 70122 28 73592 358 41653 5 45713 15 38128
