28650 6 72079
28650 332 65853 31 72079
28650 332 29064 31 72079
28650 332 65853 31 45140 356 72079
28650 332 65853 31 66233 356 72079
28650 332 65853 31 42618 6 72079
28650 332 65853 31 30109 6 72079
28650 332 65853 31 56645 6 72079
28650 332 65853 31 51172 356 72079
28650 332 65853 31 20689 356 72079
28650 332 65853 31 37878 6 72079
28650 332 65853 31 68659 6 72079
28650 332 65853 31 59220 356 72079
28650 332 65853 31 21330 356 72079
28650 332 65853 31 65305 6 72079
28650 332 65853 31 4443 147 72079
28650 332 65853 31 5850 6 72079
28650 332 65853 31 40637 356 72079
28650 332 65853 31 28376 356 72079
28650 332 65853 31 58806 356 72079
28650 332 65853 369 69092 294 72079
28650 332 29064 31 17020 356 72079
28650 332 29064 31 55158 356 72079
28650 332 29064 31 13526 6 72079
28650 332 29064 31 65513 6 72079
28650 332 29064 31 56441 6 72079
28650 332 29064 31 1727 6 72079
28650 332 29064 31 11484 356 72079
28650 369 33054 277 41538 147 72079
28650 369 33054 277 22663 6 72079
28650 369 33054 277 6526 147 72079
28650 369 33054 277 64382 356 72079
28650 369 33054 252 40309 31 72079
28650 369 33054 252 68338 31 72079
28650 369 33054 252 68339 31 72079
28650 369 33054 252 51355 31 72079
28650 369 33054 252 51358 31 72079
28650 369 33054 252 51356 31 72079
28650 369 33054 252 65856 31 72079
28650 369 33054 252 65857 31 72079
28650 369 33054 332 29052 31 72079
28650 369 33054 151 62434 211 72079
28650 332 65853 31 34575 332 65855 31 72079
28650 332 65853 31 34575 332 23453 31 72079
28650 332 65853 31 34575 332 29065 31 72079
28650 332 65853 31 15024 332 1707 31 72079
28650 332 65853 31 15024 332 10045 31 72079
28650 332 65853 31 15024 332 1705 31 72079
28650 332 65853 31 15024 332 29061 31 72079
28650 332 65853 31 15024 332 68334 31 72079
28650 332 65853 31 70136 332 60031 31 72079
28650 332 65853 31 70136 332 68336 31 72079
28650 332 65853 31 70136 332 68337 31 72079
28650 332 65853 31 73627 332 32380 31 72079
28650 332 65853 31 2 256 54168 254 72079
28650 332 65853 31 2 256 54168 141 72079
28650 332 65853 31 64880 332 3980 31 72079
28650 332 65853 31 64880 332 40308 31 72079
28650 332 65853 31 64880 332 6058 31 72079
28650 332 65853 31 64880 332 35877 31 72079
28650 332 65853 31 64880 373 26494 356 72079
28650 332 65853 31 25616 75 41897 32 72079
28650 332 65853 31 43189 332 12340 31 72079
28650 332 65853 31 43189 332 40315 31 72079
28650 332 65853 31 50024 332 40312 31 72079
28650 332 65853 31 11637 297 61222 231 72079
28650 332 65853 31 37109 332 60306 31 72079
28650 332 65853 31 37109 332 31869 31 72079
28650 332 65853 31 37724 332 59840 31 72079
28650 332 65853 31 67231 12 37504 6 72079
28650 332 65853 31 72862 271 51246 130 72079
28650 332 65853 31 32723 300 66239 211 72079
28650 332 65853 31 32723 164 23110 147 72079
28650 332 65853 31 32723 60 61212 22 72079
28650 332 65853 31 12741 256 29063 254 72079
28650 332 65853 31 54334 359 30973 356 72079
28650 332 65853 31 65908 332 3992 31 72079
28650 332 65853 31 65908 332 71061 31 72079
28650 332 65853 31 23705 332 60308 31 72079
28650 332 65853 31 35021 332 10188 31 72079
28650 332 65853 31 73217 332 23887 31 72079
28650 332 65853 31 6934 359 63685 356 72079
28650 332 65853 31 6934 359 63472 103 72079
28650 332 65853 31 1444 383 39260 356 72079
28650 332 65853 31 1444 332 31874 31 72079
28650 332 65853 31 72838 105 27339 172 72079
28650 332 65853 31 3394 332 68800 31 72079
28650 332 65853 31 58804 332 23446 31 72079
28650 332 65853 31 59220 382 429 6 72079
28650 332 65853 31 24058 196 42278 6 72079
28650 332 65853 31 24058 271 59741 130 72079
28650 332 65853 31 71525 373 36865 356 72079
28650 332 65853 31 71525 373 61434 356 72079
28650 332 65853 31 22772 6 67659 130 72079
28650 332 65853 31 33373 356 21710 356 72079
28650 332 65853 369 69092 294 55330 6 72079
28650 332 29064 31 3650 124 13926 147 72079
28650 332 29064 31 10558 355 73985 6 72079
28650 369 33054 277 12360 113 23105 356 72079
28650 369 33054 252 65861 31 30430 6 72079
28650 369 33054 252 65857 31 63392 356 72079
28650 369 33054 332 29052 31 56798 6 72079
28650 369 33054 151 62434 211 59046 6 72079
28650 369 33054 151 62434 211 4400 147 72079
28650 369 33054 151 62434 211 64571 356 72079
28650 369 33054 151 62434 211 19747 356 72079
28650 332 65853 31 34575 358 9577 28 15895 6 72079
28650 332 65853 31 50024 143 69742 113 39635 15 72079
28650 332 65853 31 50024 143 69742 113 39635 147 72079
28650 332 65853 31 50024 143 69742 113 60749 356 72079
28650 332 65853 31 72862 369 53811 277 60222 6 72079
28650 332 65853 31 44399 356 18597 373 75385 356 72079
28650 332 65853 31 24855 358 13298 28 72437 6 72079
