30109 6 72079
30109 6 59220 356 72079
30109 28 6526 147 72079
30109 332 65853 31 72079
30109 332 65855 31 72079
30109 332 1707 31 72079
30109 332 65857 31 72079
30109 332 10045 31 72079
30109 332 1705 31 72079
30109 332 60031 31 72079
30109 332 68338 31 72079
30109 332 29052 31 72079
30109 332 68339 31 72079
30109 332 40312 31 72079
30109 6 59220 5 29063 254 72079
30109 6 59220 382 429 6 72079
30109 6 59220 332 65856 31 72079
30109 6 59220 332 60308 31 72079
30109 6 59220 332 32380 31 72079
30109 6 59220 332 68334 31 72079
30109 6 59220 332 68336 31 72079
30109 6 59220 332 68337 31 72079
30109 6 59220 332 40309 31 72079
30109 6 59220 332 29065 31 72079
30109 6 59220 332 29064 31 72079
30109 6 59220 332 23453 31 72079
30109 6 59220 332 29061 31 72079
30109 6 59220 332 35877 31 72079
30109 6 59220 332 59840 31 72079
30109 6 59220 332 12340 31 72079
30109 6 59220 256 54168 254 72079
30109 6 59220 256 54168 141 72079
30109 342 64632 369 41897 32 72079
30109 28 11436 155 69092 294 72079
30109 28 33054 277 28650 6 72079
30109 28 33054 277 45140 356 72079
30109 28 33054 277 41538 147 72079
30109 28 33054 277 42618 6 72079
30109 28 33054 277 22663 6 72079
30109 28 33054 277 56645 6 72079
30109 28 33054 277 37878 6 72079
30109 28 33054 277 65513 6 72079
30109 28 33054 277 56441 6 72079
30109 28 33054 277 65305 6 72079
30109 28 33054 277 1727 6 72079
30109 28 33054 277 4443 147 72079
30109 28 33054 277 64382 356 72079
30109 28 33054 252 51355 31 72079
30109 28 33054 252 51358 31 72079
30109 28 33054 252 51356 31 72079
30109 28 33054 252 68659 6 72079
30109 28 33054 32 28376 356 72079
30109 28 33054 32 58806 356 72079
30109 28 33054 32 55158 356 72079
30109 28 33054 32 17020 356 72079
30109 28 33054 151 62434 211 72079
30109 332 65853 31 66233 356 72079
30109 332 65853 31 51172 356 72079
30109 332 65853 31 20689 356 72079
30109 332 65853 31 21330 356 72079
30109 332 65853 31 5850 6 72079
30109 332 65853 31 40637 356 72079
30109 332 65855 31 63392 356 72079
30109 332 65855 31 56798 6 72079
30109 332 65855 31 11484 356 72079
30109 332 65857 31 13526 6 72079
30109 332 65861 31 30430 6 72079
30109 358 9577 28 42278 6 72079
30109 358 9577 28 15895 6 72079
30109 358 51607 28 73985 6 72079
30109 6 59220 5 50323 379 66239 211 72079
30109 6 59220 5 54038 332 40315 31 72079
30109 6 59220 5 69085 104 61222 231 72079
30109 6 59220 5 33377 332 23446 31 72079
30109 6 59220 5 33377 332 6058 31 72079
30109 6 59220 5 33377 332 3980 31 72079
30109 6 59220 5 33377 332 40308 31 72079
30109 6 59220 5 39737 15 63472 103 72079
30109 6 59220 164 20626 271 61212 22 72079
30109 6 59220 164 20626 271 67659 130 72079
30109 6 59220 164 20626 271 51246 130 72079
30109 6 59220 143 69742 113 30973 356 72079
30109 6 59220 143 69742 113 23105 356 72079
30109 6 59220 143 69742 113 39635 15 72079
30109 6 59220 143 69742 113 39635 147 72079
30109 6 59220 143 69742 113 13926 147 72079
30109 6 59220 143 69742 113 60749 356 72079
30109 6 59220 321 24058 271 59741 130 72079
30109 342 64632 249 18597 373 75385 356 72079
30109 342 64632 249 18597 373 63685 356 72079
30109 342 64632 249 18597 373 26494 356 72079
30109 342 64632 249 18597 373 21710 356 72079
30109 342 64632 249 18597 373 36865 356 72079
30109 342 64632 249 18597 373 61434 356 72079
30109 342 64632 249 18597 373 19747 356 72079
30109 342 64632 249 18597 382 37504 6 72079
30109 342 64632 342 1524 268 39260 356 72079
30109 342 64632 369 41897 277 31869 31 72079
30109 342 64632 369 41897 277 23887 31 72079
30109 28 11436 155 69092 294 55330 6 72079
30109 28 11436 155 69092 277 60306 31 72079
30109 28 11436 155 69092 277 68800 31 72079
30109 28 616 358 1444 332 31874 31 72079
30109 28 616 358 1444 332 3992 31 72079
30109 28 616 358 1444 332 10188 31 72079
30109 28 616 358 1444 332 71061 31 72079
30109 28 33054 277 33922 105 27339 172 72079
30109 28 33054 277 72970 6 23110 147 72079
30109 28 33054 151 62434 211 59046 6 72079
30109 28 33054 151 62434 211 4400 147 72079
30109 28 33054 151 62434 211 64571 356 72079
30109 28 6526 151 24578 252 60222 6 72079
30109 358 9577 28 13298 28 72437 6 72079
