30430 6 72079
30430 359 65917 373 36865 356 72079
30430 359 65917 75 41897 32 72079
30430 332 65861 31 42618 6 72079
30430 332 65861 31 30109 6 72079
30430 332 65861 31 51172 356 72079
30430 332 65861 31 68659 6 72079
30430 332 65861 31 59220 356 72079
30430 332 65861 31 21330 356 72079
30430 332 65861 31 56441 6 72079
30430 332 65861 31 1727 6 72079
30430 332 65861 31 4443 147 72079
30430 332 65861 31 5850 6 72079
30430 332 65861 31 28376 356 72079
30430 332 65861 31 58806 356 72079
30430 359 65917 373 6934 359 30973 356 72079
30430 359 65917 373 6934 359 63685 356 72079
30430 359 65917 373 6934 359 55158 356 72079
30430 359 65917 373 6934 359 63472 103 72079
30430 359 65917 373 6934 332 10045 31 72079
30430 359 65917 373 6934 332 65853 31 72079
30430 359 65917 373 6934 332 65855 31 72079
30430 359 65917 373 6934 332 65856 31 72079
30430 359 65917 373 6934 332 65857 31 72079
30430 359 65917 373 6934 332 29052 31 72079
30430 359 65917 373 6934 332 23453 31 72079
30430 359 65917 373 6934 332 29064 31 72079
30430 359 65917 373 6934 332 29065 31 72079
30430 359 65917 373 6934 332 29061 31 72079
30430 359 65917 373 63489 105 27339 172 72079
30430 359 65917 373 63489 356 21710 356 72079
30430 359 65917 373 14740 383 69092 294 72079
30430 359 65917 373 14740 332 1705 31 72079
30430 359 65917 373 14740 332 1707 31 72079
30430 359 65917 373 14740 332 68334 31 72079
30430 359 65917 373 14740 332 68336 31 72079
30430 359 65917 373 14740 332 32380 31 72079
30430 359 65917 373 14740 332 40308 31 72079
30430 359 65917 373 14740 256 54168 254 72079
30430 359 65917 373 14740 256 54168 141 72079
30430 359 65917 373 14740 297 61222 231 72079
30430 359 65917 373 36865 300 62434 211 72079
30430 359 65917 75 41897 252 17020 356 72079
30430 359 65917 75 41897 277 40309 31 72079
30430 359 65917 75 41897 277 68338 31 72079
30430 359 65917 75 41897 277 68339 31 72079
30430 359 65917 75 41897 277 31869 31 72079
30430 359 65917 75 41897 277 23446 31 72079
30430 359 65917 75 41897 277 51355 31 72079
30430 359 65917 75 41897 277 51358 31 72079
30430 359 65917 75 41897 277 51356 31 72079
30430 359 65917 75 41897 277 23887 31 72079
30430 359 65917 75 41897 32 65513 6 72079
30430 359 65917 105 63771 105 64382 356 72079
30430 359 65917 102 36156 332 35877 31 72079
30430 359 65917 102 36156 332 59840 31 72079
30430 359 65917 102 36156 332 40312 31 72079
30430 359 65917 102 46685 359 19747 356 72079
30430 359 65917 143 69742 113 23105 356 72079
30430 359 65917 143 69742 113 39635 15 72079
30430 359 65917 143 69742 113 39635 147 72079
30430 359 65917 143 69742 113 13926 147 72079
30430 359 65917 143 69742 113 60749 356 72079
30430 332 65861 31 70136 332 60031 31 72079
30430 332 65861 31 70136 332 68337 31 72079
30430 332 65861 31 64880 332 3980 31 72079
30430 332 65861 31 64880 332 6058 31 72079
30430 332 65861 31 64880 373 26494 356 72079
30430 332 65861 31 6905 332 12340 31 72079
30430 332 65861 31 6905 332 40315 31 72079
30430 332 65861 31 37109 332 60306 31 72079
30430 332 65861 31 73460 332 31874 31 72079
30430 332 65861 31 12741 300 66239 211 72079
30430 332 65861 31 12741 256 29063 254 72079
30430 332 65861 31 65908 332 3992 31 72079
30430 332 65861 31 65908 332 71061 31 72079
30430 332 65861 31 23705 332 60308 31 72079
30430 332 65861 31 30109 28 6526 147 72079
30430 332 65861 31 33697 268 39260 356 72079
30430 332 65861 31 1444 332 10188 31 72079
30430 332 65861 31 58804 332 68800 31 72079
30430 332 65861 31 42693 271 51246 130 72079
30430 332 65861 31 59220 382 429 6 72079
30430 332 65861 31 5850 13 37504 6 72079
30430 332 65861 31 72970 6 23110 147 72079
30430 332 65861 31 72970 6 61212 22 72079
30430 332 65861 31 9696 373 45140 356 72079
30430 332 65861 31 9696 373 20689 356 72079
30430 332 65861 31 9696 373 61434 356 72079
30430 332 65861 31 3650 124 59741 130 72079
30430 332 65861 151 33054 277 28650 6 72079
30430 332 65861 151 33054 277 41538 147 72079
30430 332 65861 151 33054 277 22663 6 72079
30430 332 65861 151 33054 277 56645 6 72079
30430 332 65861 151 33054 277 37878 6 72079
30430 332 65861 151 33054 277 65305 6 72079
30430 359 65917 373 6934 332 10045 31 63392 356 72079
30430 359 65917 373 6934 332 10045 31 40637 356 72079
30430 359 65917 373 6934 332 65853 31 66233 356 72079
30430 359 65917 373 6934 332 65855 31 56798 6 72079
30430 359 65917 373 6934 332 65855 31 11484 356 72079
30430 359 65917 373 6934 332 65857 31 13526 6 72079
30430 359 65917 373 63489 172 52734 172 4400 147 72079
30430 359 65917 373 14740 383 69092 294 55330 6 72079
30430 359 65917 373 14740 383 69092 294 42278 6 72079
30430 359 65917 373 14740 358 51607 28 73985 6 72079
30430 359 65917 373 36865 300 62434 211 59046 6 72079
30430 359 65917 373 36865 300 62434 211 64571 356 72079
30430 359 65917 373 36865 356 18597 373 75385 356 72079
30430 359 65917 75 41897 252 38944 315 67659 130 72079
30430 359 65917 102 52920 369 53811 277 60222 6 72079
30430 359 65917 102 52920 358 9577 28 15895 6 72079
30430 332 65861 31 24855 358 13298 28 72437 6 72079
