32756 6 59072
32756 332 29064 31 15024 6 38128 382 59072
32756 332 29064 31 70550 382 10141 6 59072
32756 332 29064 31 12921 332 29065 31 60837 6 59072
32756 332 29064 31 12921 332 29065 31 60837 277 59072
32756 332 29064 31 12921 332 29065 31 60837 28 59072
32756 332 29064 31 15024 6 38128 141 27108 372 59072
32756 332 29064 31 15024 6 38128 141 27108 398 59072
32756 332 29064 31 12921 332 29065 31 60837 303 57220 271 59072
32756 332 29064 31 12921 332 29065 31 60837 303 57220 277 59072
32756 332 29064 31 12921 332 29065 31 60837 303 57220 385 59072
