42618 6 72079
42618 332 1707 31 72079
42618 332 10045 31 72079
42618 332 1705 31 72079
42618 332 65855 31 72079
42618 332 65853 31 72079
42618 332 65856 31 72079
42618 332 29052 31 72079
42618 332 29065 31 72079
42618 332 29064 31 72079
42618 332 23453 31 72079
42618 332 29061 31 72079
42618 332 32380 31 72079
42618 332 68334 31 72079
42618 332 68339 31 72079
42618 332 68338 31 72079
42618 332 68336 31 72079
42618 332 68337 31 72079
42618 6 66733 382 65513 6 72079
42618 6 66733 382 5850 6 72079
42618 6 66733 15 61434 356 72079
42618 6 18597 164 41538 147 72079
42618 6 18597 164 6526 147 72079
42618 6 18597 164 4443 147 72079
42618 6 18597 373 75385 356 72079
42618 6 18597 373 45140 356 72079
42618 6 18597 373 66233 356 72079
42618 6 18597 373 63685 356 72079
42618 6 18597 373 51172 356 72079
42618 6 18597 373 17020 356 72079
42618 6 18597 373 20689 356 72079
42618 6 18597 373 23105 356 72079
42618 6 18597 373 21330 356 72079
42618 6 18597 373 26494 356 72079
42618 6 18597 373 21710 356 72079
42618 6 18597 373 36865 356 72079
42618 6 18597 373 64382 356 72079
42618 6 18597 373 19747 356 72079
42618 6 18597 373 28376 356 72079
42618 6 18597 373 58806 356 72079
42618 6 18597 373 63472 103 72079
42618 6 18597 373 11484 356 72079
42618 6 18597 382 22663 6 72079
42618 6 18597 382 37504 6 72079
42618 6 18597 300 62434 211 72079
42618 6 18597 300 66239 211 72079
42618 6 18597 256 54168 254 72079
42618 6 18597 256 54168 141 72079
42618 6 46549 373 30973 356 72079
42618 252 50112 151 59220 356 72079
42618 252 33054 277 28650 6 72079
42618 252 33054 277 56645 6 72079
42618 252 33054 277 37878 6 72079
42618 252 33054 277 56441 6 72079
42618 252 33054 277 65305 6 72079
42618 252 33054 277 1727 6 72079
42618 252 33054 252 40309 31 72079
42618 252 33054 252 51355 31 72079
42618 252 33054 252 51358 31 72079
42618 252 33054 252 51356 31 72079
42618 252 33054 252 68659 6 72079
42618 252 33054 252 65857 31 72079
42618 252 33054 32 55158 356 72079
42618 252 33054 358 30109 6 72079
42618 332 1707 252 69092 294 72079
42618 332 10045 31 63392 356 72079
42618 332 10045 31 40637 356 72079
42618 332 65855 31 56798 6 72079
42618 332 65856 369 41897 32 72079
42618 332 65861 31 30430 6 72079
42618 332 29052 31 13526 6 72079
42618 358 9577 28 42278 6 72079
42618 358 9577 28 15895 6 72079
42618 358 51607 28 73985 6 72079
42618 6 18597 164 4884 382 429 6 72079
42618 6 18597 164 29285 105 27339 172 72079
42618 6 18597 164 41918 271 51246 130 72079
42618 6 18597 373 366 164 23110 147 72079
42618 6 18597 373 366 60 61212 22 72079
42618 6 18597 373 51172 332 12340 31 72079
42618 6 18597 373 17020 297 61222 231 72079
42618 6 18597 373 58140 332 60308 31 72079
42618 6 18597 373 58140 332 35877 31 72079
42618 6 18597 373 58140 332 10188 31 72079
42618 6 18597 373 58140 332 40308 31 72079
42618 6 18597 373 19766 268 39260 356 72079
42618 6 18597 373 28376 332 60031 31 72079
42618 6 18597 373 28376 332 68800 31 72079
42618 6 18597 373 28376 332 23887 31 72079
42618 6 18597 373 28376 332 71061 31 72079
42618 6 18597 373 28376 332 23446 31 72079
42618 6 18597 373 28376 332 3980 31 72079
42618 6 18597 373 28376 332 3992 31 72079
42618 6 18597 373 28376 332 6058 31 72079
42618 6 18597 373 28376 332 31874 31 72079
42618 6 18597 373 28376 332 40315 31 72079
42618 6 18597 373 28376 332 31869 31 72079
42618 6 18597 373 58806 332 60306 31 72079
42618 6 18597 373 58806 332 59840 31 72079
42618 6 18597 373 58806 332 40312 31 72079
42618 6 18597 373 69702 271 67659 130 72079
42618 6 18597 147 39108 256 29063 254 72079
42618 6 18597 300 62434 211 59046 6 72079
42618 6 18597 300 62434 211 4400 147 72079
42618 6 18597 300 62434 211 64571 356 72079
42618 6 46549 321 24058 271 59741 130 72079
42618 6 46549 151 53811 277 60222 6 72079
42618 332 1707 252 69092 294 55330 6 72079
42618 332 10045 31 3650 124 13926 147 72079
42618 358 9577 28 13298 28 72437 6 72079
42618 6 66733 398 19869 172 52734 172 39635 15 72079
42618 6 66733 398 19869 172 52734 172 39635 147 72079
42618 6 66733 398 19869 143 69742 113 60749 356 72079
