56798 6 72079
56798 332 65855 31 72079
56798 332 29052 31 72079
56798 332 29065 31 72079
56798 332 65855 31 42618 6 72079
56798 332 65855 31 30109 6 72079
56798 332 65855 31 51172 356 72079
56798 332 65855 31 63392 356 72079
56798 332 65855 31 20689 356 72079
56798 332 65855 31 37878 6 72079
56798 332 65855 31 68659 6 72079
56798 332 65855 31 59220 356 72079
56798 332 65855 31 56441 6 72079
56798 332 65855 31 65305 6 72079
56798 332 65855 31 5850 6 72079
56798 332 65855 31 40637 356 72079
56798 332 65855 31 28376 356 72079
56798 332 65855 31 58806 356 72079
56798 332 65855 31 11484 356 72079
56798 332 65855 369 69092 294 72079
56798 332 29052 31 45140 356 72079
56798 332 29052 31 66233 356 72079
56798 332 29052 31 56645 6 72079
56798 332 29052 31 55158 356 72079
56798 332 29052 31 13526 6 72079
56798 332 29052 31 21330 356 72079
56798 332 29052 31 1727 6 72079
56798 332 29052 31 4443 147 72079
56798 332 29065 31 65513 6 72079
56798 332 65855 31 12921 332 29064 31 72079
56798 332 65855 31 34575 332 65853 31 72079
56798 332 65855 31 34575 332 23453 31 72079
56798 332 65855 31 15024 332 1707 31 72079
56798 332 65855 31 15024 332 10045 31 72079
56798 332 65855 31 15024 332 1705 31 72079
56798 332 65855 31 15024 332 65857 31 72079
56798 332 65855 31 15024 332 65856 31 72079
56798 332 65855 31 15024 332 29061 31 72079
56798 332 65855 31 15024 332 68334 31 72079
56798 332 65855 31 70136 332 60031 31 72079
56798 332 65855 31 70136 332 68336 31 72079
56798 332 65855 31 70136 332 68337 31 72079
56798 332 65855 31 44925 332 68339 31 72079
56798 332 65855 31 44925 332 68338 31 72079
56798 332 65855 31 73627 332 32380 31 72079
56798 332 65855 31 73627 332 40309 31 72079
56798 332 65855 31 64880 332 3980 31 72079
56798 332 65855 31 64880 332 40308 31 72079
56798 332 65855 31 64880 332 6058 31 72079
56798 332 65855 31 64880 332 35877 31 72079
56798 332 65855 31 64880 373 26494 356 72079
56798 332 65855 31 64880 385 54168 254 72079
56798 332 65855 31 64880 385 54168 141 72079
56798 332 65855 31 72637 332 10188 31 72079
56798 332 65855 31 43189 332 12340 31 72079
56798 332 65855 31 43189 332 40315 31 72079
56798 332 65855 31 50024 332 40312 31 72079
56798 332 65855 31 7377 151 41897 32 72079
56798 332 65855 31 5454 332 51356 31 72079
56798 332 65855 31 37109 332 60306 31 72079
56798 332 65855 31 37109 332 31869 31 72079
56798 332 65855 31 37724 332 59840 31 72079
56798 332 65855 31 56660 332 51355 31 72079
56798 332 65855 31 66245 300 62434 211 72079
56798 332 65855 31 72862 271 51246 130 72079
56798 332 65855 31 72862 297 61222 231 72079
56798 332 65855 31 20470 268 39260 356 72079
56798 332 65855 31 32723 300 66239 211 72079
56798 332 65855 31 32723 164 23110 147 72079
56798 332 65855 31 32723 60 61212 22 72079
56798 332 65855 31 66733 15 61434 356 72079
56798 332 65855 31 12741 256 29063 254 72079
56798 332 65855 31 65908 332 3992 31 72079
56798 332 65855 31 65908 332 71061 31 72079
56798 332 65855 31 23705 332 60308 31 72079
56798 332 65855 31 30109 28 6526 147 72079
56798 332 65855 31 73217 332 23887 31 72079
56798 332 65855 31 6934 359 30973 356 72079
56798 332 65855 31 6934 359 63685 356 72079
56798 332 65855 31 6934 359 63472 103 72079
56798 332 65855 31 1444 332 51358 31 72079
56798 332 65855 31 1444 332 31874 31 72079
56798 332 65855 31 72838 105 27339 172 72079
56798 332 65855 31 58804 332 68800 31 72079
56798 332 65855 31 58804 332 23446 31 72079
56798 332 65855 31 59220 382 429 6 72079
56798 332 65855 31 24058 196 42278 6 72079
56798 332 65855 31 24058 271 59741 130 72079
56798 332 65855 31 71525 373 36865 356 72079
56798 332 65855 31 22772 6 67659 130 72079
56798 332 65855 31 12360 113 23105 356 72079
56798 332 65855 31 33373 356 21710 356 72079
56798 332 65855 31 5850 13 37504 6 72079
56798 332 65855 31 3650 124 13926 147 72079
56798 332 65855 369 69092 294 17020 356 72079
56798 332 65855 369 69092 294 55330 6 72079
56798 332 29052 31 33054 277 28650 6 72079
56798 332 29052 31 33054 277 41538 147 72079
56798 332 29052 31 33054 277 22663 6 72079
56798 332 29052 31 33054 277 64382 356 72079
56798 332 29065 31 10558 355 73985 6 72079
56798 332 65855 31 34575 332 65861 31 30430 6 72079
56798 332 65855 31 34575 358 9577 28 15895 6 72079
56798 332 65855 31 64880 213 58833 121 19747 356 72079
56798 332 65855 31 50024 143 69742 113 39635 15 72079
56798 332 65855 31 50024 143 69742 113 39635 147 72079
56798 332 65855 31 50024 143 69742 113 60749 356 72079
56798 332 65855 31 7377 369 53811 277 60222 6 72079
56798 332 65855 31 66245 300 62434 211 59046 6 72079
56798 332 65855 31 66245 300 62434 211 4400 147 72079
56798 332 65855 31 66245 300 62434 211 64571 356 72079
56798 332 65855 31 44399 356 18597 373 75385 356 72079
56798 332 65855 31 46295 358 13298 28 72437 6 72079
