586 6 38128
586 15 63974 271 38128
586 15 63974 385 38128
586 203 69443 6 38128
586 203 69443 336 27108 385 38128
586 15 63974 271 72687 147 31011 385 38128
586 15 63974 271 72687 300 62434 211 38128
586 15 63974 271 72687 217 9911 5 38128
586 15 63974 271 72687 80 38944 315 38128
586 15 63974 271 72687 80 38944 91 38128
586 15 63974 271 72687 85 17058 112 38128
586 15 63974 271 72687 85 17058 191 38128
586 15 63974 271 72687 85 64632 112 38128
586 15 63974 271 72687 85 64632 191 38128
586 15 63974 271 72687 85 19769 191 38128
586 15 63974 373 63489 356 60073 372 38128
586 15 63974 373 63489 356 60073 396 38128
586 15 63974 172 52734 172 14736 385 38128
586 15 63974 172 52734 172 11658 385 38128
586 15 63974 172 52734 172 11658 398 38128
586 15 63974 172 52734 105 39896 15 38128
586 15 63974 172 52734 105 39896 6 38128
586 15 63974 172 52734 105 39896 398 38128
586 15 63974 172 52734 105 28376 398 38128
586 15 63974 172 52734 105 52920 385 38128
586 15 63974 172 52734 382 17727 6 38128
586 15 63974 277 10141 6 59072 6 38128
586 15 63974 277 10141 6 63319 15 38128
586 15 63974 277 10141 6 63319 398 38128
586 15 63974 277 10141 6 32864 15 38128
586 15 63974 277 10141 6 32864 6 38128
586 15 63974 277 10141 6 70550 15 38128
586 15 63974 277 10141 6 70550 6 38128
586 15 63974 277 10141 6 70550 398 38128
586 15 63974 277 10141 6 12035 6 38128
586 15 63974 277 10141 6 12035 385 38128
586 15 63974 277 10141 6 44869 15 38128
586 15 63974 277 10141 6 44869 6 38128
586 15 63974 277 10141 6 68855 6 38128
586 15 63974 277 10141 369 20905 6 38128
586 15 63974 102 37487 113 73982 385 38128
586 15 63974 102 37487 113 17875 15 38128
586 15 63974 102 37487 113 17875 6 38128
586 15 63974 102 37487 113 17875 398 38128
586 15 63974 102 37487 113 1334 15 38128
586 15 63974 102 37487 113 1334 398 38128
586 382 67973 332 65853 31 15024 6 38128
586 382 67973 332 65853 31 66245 385 38128
586 382 67973 332 65853 31 26151 6 38128
586 382 67973 332 65853 31 2748 6 38128
586 382 67973 332 65853 31 31066 6 38128
586 382 67973 332 65853 31 59433 6 38128
586 382 67973 332 65853 31 41162 6 38128
586 382 67973 332 65853 31 73145 6 38128
586 382 67973 332 65853 31 48224 6 38128
586 382 67973 332 65853 31 24596 6 38128
586 382 67973 332 65853 31 30522 6 38128
586 382 67973 332 65853 31 23393 6 38128
586 382 67973 332 65853 369 69092 142 38128
586 382 67973 332 65857 31 4399 6 38128
586 382 67973 332 65857 31 42173 385 38128
586 382 67973 332 65857 369 60841 64 38128
586 382 67973 332 29065 31 1823 15 38128
586 382 67973 332 29065 31 1823 6 38128
586 382 67973 332 29065 31 15471 6 38128
586 382 67973 332 29065 31 28806 6 38128
586 382 67973 332 29052 31 7417 6 38128
586 382 67973 332 29052 31 599 15 38128
586 382 67973 332 29052 31 7103 15 38128
586 382 67973 332 29052 31 7103 6 38128
586 203 69443 336 53751 382 8039 6 38128
586 203 69443 143 44991 176 21632 252 38128
586 203 69443 143 44991 176 21632 28 38128
586 203 69443 143 44991 176 21632 151 38128
586 203 69443 143 44991 176 21632 396 38128
586 15 63974 271 72687 217 17518 5 52008 15 38128
586 15 63974 271 72687 217 17518 5 52008 6 38128
586 15 63974 252 67512 359 57906 102 28644 6 38128
586 15 63974 252 64797 369 33054 277 40018 6 38128
586 15 63974 252 64797 369 33054 252 5256 385 38128
586 15 63974 6 32655 256 54168 254 20749 385 38128
586 15 63974 6 32655 256 54168 254 14297 164 38128
586 15 63974 6 32655 256 54168 379 1483 88 38128
586 15 63974 373 63489 105 27339 172 12246 6 38128
586 15 63974 373 63489 105 27339 172 12246 398 38128
586 15 63974 373 63489 356 60073 102 29897 6 38128
586 15 63974 373 63489 356 60073 266 39181 6 38128
586 15 63974 373 63489 356 60073 303 28772 6 38128
586 15 63974 373 63489 356 60073 303 28772 277 38128
586 15 63974 373 63489 356 60073 303 28772 28 38128
586 15 63974 172 52734 172 14736 385 75055 15 38128
586 15 63974 172 52734 172 14736 385 75055 6 38128
586 15 63974 172 52734 105 28376 382 65553 6 38128
586 15 63974 172 52734 105 28376 382 65553 277 38128
586 15 63974 172 52734 105 28376 382 65553 151 38128
586 15 63974 382 61075 332 29064 31 26339 6 38128
586 15 63974 382 52103 398 5135 358 42522 6 38128
586 15 63974 393 20249 392 59413 339 69931 64 38128
586 15 63974 393 20249 236 72636 339 29827 64 38128
586 382 67973 332 65853 31 51254 296 30382 99 38128
586 382 67973 332 65853 31 37302 256 55887 15 38128
586 382 67973 332 65853 31 37302 256 55887 6 38128
586 382 67973 332 65853 31 37302 256 55887 398 38128
586 382 67973 332 29052 31 6576 356 51294 271 38128
586 382 67973 332 29052 31 6576 356 51294 385 38128
586 203 69443 336 53751 28 73592 277 26569 385 38128
586 203 69443 336 53751 28 73592 277 26569 398 38128
586 203 69443 336 53751 300 59812 211 10306 271 38128
586 203 69443 336 27108 385 31083 217 29947 5 38128
586 15 63974 271 72687 217 17518 5 16174 6 22928 398 38128
586 15 63974 271 72687 217 17518 5 16174 6 22928 382 38128
586 15 63974 271 72687 217 17518 5 52008 15 32129 398 38128
586 15 63974 271 72687 217 17518 5 52008 15 32129 382 38128
586 15 63974 271 72687 85 70188 116 41876 23 53219 112 38128
586 15 63974 252 64797 369 33054 277 23798 75 322 6 38128
586 15 63974 252 64797 369 33054 277 23798 75 322 385 38128
586 15 63974 252 64797 369 33054 277 23798 75 322 398 38128
586 15 63974 393 20249 64 71797 296 20492 99 45713 15 38128
