59046 6 72079
59046 300 62434 211 72079
59046 300 62434 211 45140 356 72079
59046 300 62434 211 63685 356 72079
59046 300 62434 211 51172 356 72079
59046 300 62434 211 17020 356 72079
59046 300 62434 211 23105 356 72079
59046 300 62434 211 4400 147 72079
59046 300 62434 211 64571 356 72079
59046 300 62434 211 26494 356 72079
59046 300 62434 211 36865 356 72079
59046 300 62434 211 61434 356 72079
59046 300 62434 211 40637 356 72079
59046 300 62434 211 19747 356 72079
59046 300 62434 211 28376 356 72079
59046 300 62434 211 58806 356 72079
59046 300 62434 211 63472 103 72079
59046 300 62434 211 11484 356 72079
59046 102 16252 359 21843 105 27339 172 72079
59046 102 72517 359 6228 332 29065 31 72079
59046 102 72517 359 6228 332 23453 31 72079
59046 102 72517 359 6228 332 29061 31 72079
59046 102 72517 359 53154 332 65855 31 72079
59046 102 72517 359 51394 332 10045 31 72079
59046 102 72517 359 51394 332 65853 31 72079
59046 102 72517 359 51394 332 65857 31 72079
59046 102 72517 359 51394 332 65856 31 72079
59046 102 72517 359 51394 332 1705 31 72079
59046 102 72517 359 51394 332 68338 31 72079
59046 102 72517 359 51394 332 32380 31 72079
59046 102 72517 359 51394 332 29052 31 72079
59046 102 72517 359 51394 332 68334 31 72079
59046 102 72517 359 51394 332 68337 31 72079
59046 102 72517 359 51394 332 29064 31 72079
59046 102 72517 359 36689 300 66239 211 72079
59046 300 62434 211 38128 104 69092 294 72079
59046 300 62434 211 14264 332 1707 31 72079
59046 300 62434 211 14264 332 68339 31 72079
59046 300 62434 211 4701 297 61222 231 72079
59046 300 62434 211 4701 385 54168 254 72079
59046 300 62434 211 4701 385 54168 141 72079
59046 300 62434 211 66245 332 68336 31 72079
59046 300 62434 211 66245 332 12340 31 72079
59046 300 62434 211 72862 151 41897 32 72079
59046 300 62434 211 72862 271 51246 130 72079
59046 300 62434 211 32723 332 60031 31 72079
59046 300 62434 211 32723 332 6058 31 72079
59046 300 62434 211 32723 164 23110 147 72079
59046 300 62434 211 32723 60 61212 22 72079
59046 300 62434 211 73460 332 31874 31 72079
59046 300 62434 211 73460 332 40309 31 72079
59046 300 62434 211 65908 332 3992 31 72079
59046 300 62434 211 65908 332 71061 31 72079
59046 300 62434 211 65908 332 40312 31 72079
59046 300 62434 211 41975 373 20689 356 72079
59046 300 62434 211 41975 164 6526 147 72079
59046 300 62434 211 32830 332 40308 31 72079
59046 300 62434 211 32830 332 40315 31 72079
59046 300 62434 211 70550 332 51356 31 72079
59046 300 62434 211 70550 332 51355 31 72079
59046 300 62434 211 33697 268 39260 356 72079
59046 300 62434 211 1444 332 60306 31 72079
59046 300 62434 211 1444 332 23887 31 72079
59046 300 62434 211 1444 332 51358 31 72079
59046 300 62434 211 1444 332 31869 31 72079
59046 300 62434 211 1444 332 3980 31 72079
59046 300 62434 211 1444 332 10188 31 72079
59046 300 62434 211 58140 332 60308 31 72079
59046 300 62434 211 58140 332 35877 31 72079
59046 300 62434 211 58804 332 68800 31 72079
59046 300 62434 211 58804 332 23446 31 72079
59046 300 62434 211 32357 332 59840 31 72079
59046 300 62434 211 24058 196 42278 6 72079
59046 300 62434 211 24058 196 59220 356 72079
59046 300 62434 211 24058 196 56441 6 72079
59046 300 62434 211 24058 271 59741 130 72079
59046 300 62434 211 14858 222 29063 254 72079
59046 300 62434 211 56770 359 30973 356 72079
59046 300 62434 211 18597 164 41538 147 72079
59046 300 62434 211 18597 164 4443 147 72079
59046 300 62434 211 18597 373 75385 356 72079
59046 300 62434 211 18597 373 66233 356 72079
59046 300 62434 211 18597 373 21330 356 72079
59046 300 62434 211 18597 373 21710 356 72079
59046 300 62434 211 18597 373 64382 356 72079
59046 300 62434 211 18597 382 5850 6 72079
59046 300 62434 211 18597 382 42618 6 72079
59046 300 62434 211 18597 382 22663 6 72079
59046 300 62434 211 18597 382 37504 6 72079
59046 300 62434 211 3650 124 13926 147 72079
59046 300 62434 211 15756 364 60749 356 72079
59046 300 62434 211 63472 382 429 6 72079
59046 300 62434 252 33054 277 28650 6 72079
59046 300 62434 252 33054 277 56645 6 72079
59046 300 62434 252 33054 277 37878 6 72079
59046 300 62434 252 33054 277 65513 6 72079
59046 300 62434 252 33054 277 65305 6 72079
59046 300 62434 252 33054 277 1727 6 72079
59046 300 62434 252 33054 252 68659 6 72079
59046 300 62434 252 33054 32 55158 356 72079
59046 300 62434 252 33054 358 30109 6 72079
59046 102 16252 359 21843 143 69742 113 39635 15 72079
59046 102 16252 359 21843 143 69742 113 39635 147 72079
59046 102 72517 359 29913 147 65917 102 30430 6 72079
59046 102 72517 359 6228 332 29065 31 56798 6 72079
59046 102 72517 359 53154 332 65855 31 63392 356 72079
59046 102 72517 359 51394 332 65857 31 13526 6 72079
59046 102 72517 359 51394 358 9577 28 15895 6 72079
59046 300 62434 211 38128 80 38944 315 67659 130 72079
59046 300 62434 211 38128 104 69092 294 55330 6 72079
59046 300 62434 211 72862 369 53811 277 60222 6 72079
59046 300 62434 211 70550 358 51607 28 73985 6 72079
59046 300 62434 211 51172 358 13298 28 72437 6 72079
