65513 6 72079
65513 383 69092 294 72079
65513 332 29065 31 72079
65513 332 23453 31 72079
65513 332 29064 31 72079
65513 75 41897 32 72079
65513 6 66733 382 42618 6 72079
65513 6 66733 382 5850 6 72079
65513 6 66733 332 65856 31 72079
65513 6 66733 332 65855 31 72079
65513 6 66733 332 68337 31 72079
65513 6 66733 332 29061 31 72079
65513 6 66733 15 61434 356 72079
65513 6 3616 256 54168 254 72079
65513 6 3616 256 54168 141 72079
65513 6 46549 373 30973 356 72079
65513 6 46549 373 20689 356 72079
65513 6 46549 300 66239 211 72079
65513 6 46549 332 10045 31 72079
65513 6 46549 332 65853 31 72079
65513 6 46549 332 32380 31 72079
65513 6 46549 332 29052 31 72079
65513 6 46549 332 68334 31 72079
65513 383 69092 294 1727 6 72079
65513 383 69092 294 39260 356 72079
65513 383 69092 294 58806 356 72079
65513 383 69092 294 61222 231 72079
65513 383 69092 294 17020 356 72079
65513 383 69092 294 21330 356 72079
65513 383 69092 294 40637 356 72079
65513 383 69092 294 55330 6 72079
65513 383 69092 294 55158 356 72079
65513 383 69092 294 63472 103 72079
65513 383 69092 294 28376 356 72079
65513 383 69092 294 42278 6 72079
65513 383 69092 151 1707 31 72079
65513 383 69092 151 60308 31 72079
65513 383 69092 151 1705 31 72079
65513 383 69092 151 68336 31 72079
65513 383 69092 151 59840 31 72079
65513 383 69092 151 40315 31 72079
65513 383 69092 151 12340 31 72079
65513 383 69092 151 35877 31 72079
65513 383 69092 277 60031 31 72079
65513 383 69092 277 60306 31 72079
65513 383 69092 277 68800 31 72079
65513 383 69092 277 40312 31 72079
65513 383 69092 277 40308 31 72079
65513 383 69092 277 6058 31 72079
65513 332 29065 31 45140 356 72079
65513 332 29065 31 66233 356 72079
65513 332 29065 31 56645 6 72079
65513 332 29065 31 51172 356 72079
65513 332 29065 31 68659 6 72079
65513 332 29065 31 59220 356 72079
65513 332 29065 31 56441 6 72079
65513 332 29065 31 65305 6 72079
65513 332 29065 31 4443 147 72079
65513 332 29065 31 56798 6 72079
65513 332 29064 31 28650 6 72079
65513 332 29064 31 13526 6 72079
65513 332 29064 31 11484 356 72079
65513 369 33054 277 41538 147 72079
65513 369 33054 277 22663 6 72079
65513 369 33054 277 37878 6 72079
65513 369 33054 277 6526 147 72079
65513 369 33054 277 64382 356 72079
65513 369 33054 252 40309 31 72079
65513 369 33054 252 68338 31 72079
65513 369 33054 252 68339 31 72079
65513 369 33054 252 51355 31 72079
65513 369 33054 252 51358 31 72079
65513 369 33054 252 51356 31 72079
65513 369 33054 252 65857 31 72079
65513 369 33054 151 62434 211 72079
65513 369 33054 358 30109 6 72079
65513 75 41897 277 31869 31 72079
65513 75 41897 277 23446 31 72079
65513 75 41897 277 23887 31 72079
65513 6 66733 382 5850 13 37504 6 72079
65513 6 66733 332 65855 31 63392 356 72079
65513 6 3616 256 54168 254 23105 356 72079
65513 6 46549 321 24058 271 59741 130 72079
65513 6 46549 151 53811 277 60222 6 72079
65513 6 46549 356 18597 373 75385 356 72079
65513 6 46549 356 18597 373 63685 356 72079
65513 6 46549 356 18597 373 26494 356 72079
65513 6 46549 356 18597 373 21710 356 72079
65513 6 46549 356 18597 373 36865 356 72079
65513 6 46549 356 18597 373 19747 356 72079
65513 6 37744 348 15756 364 60749 356 72079
65513 6 37744 348 15756 60 61212 22 72079
65513 383 69092 75 38944 315 67659 130 72079
65513 383 69092 75 38944 315 51246 130 72079
65513 383 69092 75 19847 332 10188 31 72079
65513 383 69092 75 3650 124 13926 147 72079
65513 383 69092 75 3650 332 71061 31 72079
65513 383 69092 75 3650 332 31874 31 72079
65513 383 69092 75 3650 332 3992 31 72079
65513 383 69092 32 51420 222 29063 254 72079
65513 383 69092 294 64590 332 3980 31 72079
65513 383 69092 294 26869 105 27339 172 72079
65513 383 69092 294 63472 382 429 6 72079
65513 332 29065 31 32723 164 23110 147 72079
65513 332 29065 31 10558 355 73985 6 72079
65513 369 33054 252 65861 31 30430 6 72079
65513 369 33054 151 62434 211 59046 6 72079
65513 369 33054 151 62434 211 4400 147 72079
65513 369 33054 151 62434 211 64571 356 72079
65513 6 66733 398 19869 172 52734 172 39635 15 72079
65513 6 66733 398 19869 172 52734 172 39635 147 72079
65513 6 66733 382 42618 358 9577 28 15895 6 72079
65513 383 69092 294 55224 358 13298 28 72437 6 72079
