69304 15 63319
69304 6 63319
69304 398 63319
69304 147 37898 164 45970 6 63319
69304 147 37898 164 45970 398 63319
69304 147 37898 164 74368 398 63319
69304 147 37898 382 10141 6 63319
69304 147 37898 300 62434 211 63319
69304 147 31011 385 38128 15 63319
69304 147 31011 385 38128 398 63319
69304 147 31011 164 44022 15 63319
69304 147 31011 164 44022 398 63319
69304 147 31011 164 44534 15 63319
69304 147 31011 164 44534 398 63319
69304 147 31011 164 1293 398 63319
69304 147 31011 164 74492 15 63319
69304 147 31011 164 74492 398 63319
69304 147 31011 164 51209 15 63319
69304 147 31011 164 51209 398 63319
69304 147 31011 164 44680 398 63319
69304 147 31011 164 65877 15 63319
69304 147 31011 164 65877 398 63319
69304 147 31011 164 9678 15 63319
69304 147 31011 164 9678 398 63319
69304 382 2748 6 10519 15 63319
69304 382 2748 6 10519 398 63319
69304 382 2748 6 26509 15 63319
69304 382 2748 6 26509 398 63319
69304 217 17518 5 49641 398 63319
69304 147 37898 300 62434 211 66979 15 63319
69304 147 37898 300 62434 211 28806 15 63319
69304 147 37898 300 62434 211 28806 6 63319
69304 382 2748 332 65853 31 61075 6 63319
69304 80 38944 315 35314 27 67509 15 63319
69304 265 19933 161 31621 222 15252 15 63319
69304 147 37898 164 26212 352 52898 338 24712 15 63319
69304 147 37898 164 26212 352 52898 338 24712 398 63319
69304 147 31011 164 44534 382 43756 6 52761 15 63319
69304 147 31011 164 44534 382 43756 6 52761 398 63319
