72437 6 72079
72437 358 13298 28 51172 356 72079
72437 358 13298 28 46295 332 10045 31 72079
72437 358 13298 28 46295 332 65855 31 72079
72437 358 13298 28 46295 332 65857 31 72079
72437 358 13298 28 46295 332 29065 31 72079
72437 358 13298 28 46295 332 29064 31 72079
72437 358 13298 28 46295 332 29061 31 72079
72437 358 13298 28 46295 332 29052 31 72079
72437 358 13298 28 24855 332 65853 31 72079
72437 358 13298 28 24855 332 65856 31 72079
72437 358 13298 28 24855 332 1705 31 72079
72437 358 13298 28 24855 332 23453 31 72079
72437 358 13298 28 24855 332 32380 31 72079
72437 358 13298 28 51172 300 62434 211 72079
72437 358 13298 28 51172 332 1707 31 72079
72437 358 13298 28 51172 332 68334 31 72079
72437 358 13298 28 51172 332 68339 31 72079
72437 358 13298 28 51172 332 68336 31 72079
72437 358 13298 28 51172 332 68337 31 72079
72437 358 13298 28 51172 332 12340 31 72079
72437 358 13298 28 51172 256 54168 254 72079
72437 358 13298 28 51172 256 54168 141 72079
72437 358 13298 28 16260 383 69092 294 72079
72437 358 13298 28 16260 75 41897 32 72079
72437 358 13298 28 36866 332 68338 31 72079
72437 358 13298 358 9577 28 45140 356 72079
72437 358 13298 358 9577 28 42618 6 72079
72437 358 13298 358 9577 28 30109 6 72079
72437 358 13298 358 9577 28 56645 6 72079
72437 358 13298 358 9577 28 42278 6 72079
72437 358 13298 358 9577 28 13526 6 72079
72437 358 13298 358 9577 28 6526 147 72079
72437 358 13298 358 9577 28 56441 6 72079
72437 358 13298 358 9577 28 65305 6 72079
72437 358 13298 358 9577 28 4443 147 72079
72437 358 13298 358 9577 28 15895 6 72079
72437 358 13298 358 9577 28 11484 356 72079
72437 358 13298 28 22873 369 33054 277 28650 6 72079
72437 358 13298 28 22873 369 33054 277 41538 147 72079
72437 358 13298 28 22873 369 33054 277 22663 6 72079
72437 358 13298 28 22873 369 33054 277 37878 6 72079
72437 358 13298 28 22873 369 33054 277 65513 6 72079
72437 358 13298 28 22873 369 33054 277 1727 6 72079
72437 358 13298 28 22873 369 33054 277 64382 356 72079
72437 358 13298 28 22873 369 33054 252 40309 31 72079
72437 358 13298 28 22873 369 33054 252 51355 31 72079
72437 358 13298 28 22873 369 33054 252 51358 31 72079
72437 358 13298 28 22873 369 33054 252 51356 31 72079
72437 358 13298 28 22873 369 33054 252 68659 6 72079
72437 358 13298 28 22873 369 33054 32 28376 356 72079
72437 358 13298 28 22873 369 33054 32 58806 356 72079
72437 358 13298 28 22873 369 33054 32 55158 356 72079
72437 358 13298 28 22873 369 33054 32 17020 356 72079
72437 358 13298 28 22873 358 51607 28 73985 6 72079
72437 358 13298 28 22873 6 18597 373 75385 356 72079
72437 358 13298 28 22873 6 18597 373 66233 356 72079
72437 358 13298 28 22873 6 18597 373 63685 356 72079
72437 358 13298 28 22873 6 18597 373 20689 356 72079
72437 358 13298 28 22873 6 18597 373 23105 356 72079
72437 358 13298 28 22873 6 18597 373 21330 356 72079
72437 358 13298 28 22873 6 18597 373 26494 356 72079
72437 358 13298 28 22873 6 18597 373 21710 356 72079
72437 358 13298 28 22873 6 18597 373 36865 356 72079
72437 358 13298 28 22873 6 18597 373 61434 356 72079
72437 358 13298 28 22873 6 18597 373 19747 356 72079
72437 358 13298 28 22873 6 18597 373 63472 103 72079
72437 358 13298 28 22873 6 18597 382 5850 6 72079
72437 358 13298 28 22873 6 18597 382 37504 6 72079
72437 358 13298 28 22873 6 18597 300 66239 211 72079
72437 358 13298 28 64684 362 24058 196 59220 356 72079
72437 358 13298 28 64684 362 24058 332 6058 31 72079
72437 358 13298 28 64684 362 24058 271 59741 130 72079
72437 358 13298 28 46295 332 10045 31 63392 356 72079
72437 358 13298 28 46295 332 10045 31 40637 356 72079
72437 358 13298 28 46295 332 65855 31 56798 6 72079
72437 358 13298 28 24855 332 65861 31 30430 6 72079
72437 358 13298 28 51172 172 52734 172 30973 356 72079
72437 358 13298 28 51172 172 52734 172 4400 147 72079
72437 358 13298 28 51172 172 52734 172 39635 15 72079
72437 358 13298 28 51172 172 52734 172 39635 147 72079
72437 358 13298 28 51172 143 69742 113 13926 147 72079
72437 358 13298 28 51172 143 69742 113 60749 356 72079
72437 358 13298 28 51172 300 62434 211 59046 6 72079
72437 358 13298 28 51172 300 62434 211 64571 356 72079
72437 358 13298 28 51172 151 53811 277 60222 6 72079
72437 358 13298 28 67264 113 71297 105 27339 172 72079
72437 358 13298 28 16260 383 69092 294 39260 356 72079
72437 358 13298 28 16260 383 69092 294 61222 231 72079
72437 358 13298 28 16260 383 69092 294 55330 6 72079
72437 358 13298 28 16260 383 69092 151 60308 31 72079
72437 358 13298 28 16260 383 69092 151 59840 31 72079
72437 358 13298 28 16260 383 69092 151 40315 31 72079
72437 358 13298 28 16260 383 69092 151 35877 31 72079
72437 358 13298 28 16260 383 69092 277 60031 31 72079
72437 358 13298 28 16260 383 69092 277 60306 31 72079
72437 358 13298 28 16260 383 69092 277 68800 31 72079
72437 358 13298 28 16260 383 69092 277 40312 31 72079
72437 358 13298 28 16260 383 69092 277 40308 31 72079
72437 358 13298 28 16260 358 62341 332 31869 31 72079
72437 358 13298 28 16260 75 41897 277 23446 31 72079
72437 358 13298 28 16260 75 41897 277 23887 31 72079
72437 358 13298 28 71009 32 50528 222 29063 254 72079
72437 358 13298 358 9577 28 14729 332 3992 31 72079
72437 358 13298 358 9577 28 23665 6 61212 22 72079
72437 358 13298 358 9577 28 20074 6 23110 147 72079
72437 358 13298 358 9577 28 45309 28 429 6 72079
72437 358 13298 358 9577 28 20626 271 67659 130 72079
72437 358 13298 358 9577 28 20626 271 51246 130 72079
72437 358 13298 28 22873 369 33054 277 72637 332 10188 31 72079
72437 358 13298 28 22873 369 33054 277 1444 332 31874 31 72079
72437 358 13298 28 22873 369 33054 277 1444 332 3980 31 72079
72437 358 13298 28 22873 369 33054 277 1444 332 71061 31 72079
