73985 6 72079
73985 358 51607 28 42618 6 72079
73985 358 51607 28 30109 6 72079
73985 358 51607 28 51172 356 72079
73985 358 51607 28 55158 356 72079
73985 358 51607 28 13526 6 72079
73985 358 51607 28 56441 6 72079
73985 358 51607 28 65305 6 72079
73985 44 10558 332 29065 31 72079
73985 44 10558 332 29064 31 72079
73985 358 51607 28 46683 332 68334 31 72079
73985 358 51607 28 44925 332 10045 31 72079
73985 358 51607 28 44925 332 65855 31 72079
73985 358 51607 28 44925 332 65853 31 72079
73985 358 51607 28 44925 332 65857 31 72079
73985 358 51607 28 44925 332 65856 31 72079
73985 358 51607 28 44925 332 29052 31 72079
73985 358 51607 28 44925 332 23453 31 72079
73985 358 51607 28 44925 332 29061 31 72079
73985 358 51607 28 44925 332 68339 31 72079
73985 358 51607 28 44925 332 68338 31 72079
73985 358 51607 28 44925 332 68336 31 72079
73985 358 51607 28 44925 332 68337 31 72079
73985 358 51607 28 20140 332 1705 31 72079
73985 358 51607 28 17625 332 32380 31 72079
73985 358 51607 28 17625 12 5850 6 72079
73985 358 51607 28 7377 151 41897 32 72079
73985 358 51607 28 7377 383 69092 294 72079
73985 358 51607 28 42618 332 1707 31 72079
73985 358 51607 28 30109 6 59220 356 72079
73985 358 51607 28 30109 28 6526 147 72079
73985 358 51607 28 30109 332 60031 31 72079
73985 358 51607 28 30109 332 40312 31 72079
73985 358 51607 28 70550 300 62434 211 72079
73985 358 51607 28 70550 332 51356 31 72079
73985 358 51607 28 70550 332 51355 31 72079
73985 358 51607 28 70550 332 12340 31 72079
73985 358 51607 28 70550 332 40308 31 72079
73985 358 51607 28 70550 256 54168 254 72079
73985 358 51607 28 70550 256 54168 141 72079
73985 358 51607 28 70550 297 61222 231 72079
73985 358 51607 28 60170 105 27339 172 72079
73985 358 51607 28 53912 332 35877 31 72079
73985 358 51607 28 53912 332 40315 31 72079
73985 358 51607 28 60885 359 58806 356 72079
73985 358 51607 28 65174 332 6058 31 72079
73985 358 51607 28 65174 332 40309 31 72079
73985 358 51607 28 27921 332 10188 31 72079
73985 358 51607 28 32357 332 51358 31 72079
73985 358 51607 28 32357 332 23446 31 72079
73985 358 51607 28 32357 332 60306 31 72079
73985 358 51607 28 32357 332 31869 31 72079
73985 358 51607 28 32357 332 60308 31 72079
73985 358 51607 28 32357 332 31874 31 72079
73985 358 51607 28 32357 332 3992 31 72079
73985 358 51607 28 32357 332 3980 31 72079
73985 358 51607 28 32357 332 68800 31 72079
73985 358 51607 28 32357 332 59840 31 72079
73985 358 51607 28 32357 332 23887 31 72079
73985 358 51607 28 24058 196 42278 6 72079
73985 358 51607 28 24058 196 28376 356 72079
73985 358 51607 28 24058 300 66239 211 72079
73985 358 51607 28 24058 271 59741 130 72079
73985 358 51607 28 1524 268 39260 356 72079
73985 358 51607 28 1524 268 63472 103 72079
73985 358 51607 28 1524 373 20689 356 72079
73985 358 51607 28 1524 382 429 6 72079
73985 44 10558 332 29065 31 45140 356 72079
73985 44 10558 332 29065 31 66233 356 72079
73985 44 10558 332 29065 31 56645 6 72079
73985 44 10558 332 29065 31 68659 6 72079
73985 44 10558 332 29065 31 21330 356 72079
73985 44 10558 332 29065 31 65513 6 72079
73985 44 10558 332 29065 31 1727 6 72079
73985 44 10558 332 29065 31 4443 147 72079
73985 44 10558 332 29065 31 56798 6 72079
73985 44 10558 332 29064 31 28650 6 72079
73985 44 10558 332 29064 31 17020 356 72079
73985 44 10558 332 29064 31 40637 356 72079
73985 44 10558 332 29064 31 11484 356 72079
73985 358 51607 28 40260 151 33054 277 41538 147 72079
73985 358 51607 28 40260 151 33054 277 22663 6 72079
73985 358 51607 28 40260 151 33054 277 37878 6 72079
73985 358 51607 28 40260 151 33054 277 64382 356 72079
73985 358 51607 28 40260 358 9577 28 15895 6 72079
73985 358 51607 28 46683 332 68334 31 63392 356 72079
73985 358 51607 28 46683 6 18597 373 75385 356 72079
73985 358 51607 28 46683 6 18597 373 63685 356 72079
73985 358 51607 28 46683 6 18597 373 23105 356 72079
73985 358 51607 28 46683 6 18597 373 26494 356 72079
73985 358 51607 28 46683 6 18597 373 21710 356 72079
73985 358 51607 28 46683 6 18597 373 36865 356 72079
73985 358 51607 28 46683 6 18597 373 61434 356 72079
73985 358 51607 28 46683 6 18597 373 19747 356 72079
73985 358 51607 28 46683 6 18597 382 37504 6 72079
73985 358 51607 28 44925 332 65861 31 30430 6 72079
73985 358 51607 28 17625 359 54091 359 30973 356 72079
73985 358 51607 28 7377 369 53811 277 60222 6 72079
73985 358 51607 28 7377 383 69092 294 55330 6 72079
73985 358 51607 28 22873 358 13298 28 72437 6 72079
73985 358 51607 28 616 358 1444 332 71061 31 72079
73985 358 51607 28 616 6 19933 222 29063 254 72079
73985 358 51607 28 70550 300 62434 211 59046 6 72079
73985 358 51607 28 70550 300 62434 211 4400 147 72079
73985 358 51607 28 70550 300 62434 211 64571 356 72079
73985 358 51607 28 51172 172 52734 172 39635 15 72079
73985 358 51607 28 51172 172 52734 172 39635 147 72079
73985 358 51607 28 51172 143 69742 113 13926 147 72079
73985 358 51607 28 51172 143 69742 113 60749 356 72079
73985 358 51607 28 60885 359 58806 271 51246 130 72079
73985 44 9086 210 70255 355 32723 164 23110 147 72079
73985 44 9086 210 70255 355 32723 60 61212 22 72079
73985 44 10558 332 29065 31 22772 6 67659 130 72079
