75055 15 38128
75055 6 38128
75055 15 14736 385 38128
75055 15 14736 105 42173 385 38128
75055 15 14736 105 7417 6 38128
75055 15 14736 382 28806 6 38128
75055 258 37269 336 27108 385 38128
75055 258 37269 383 69092 142 38128
75055 15 14736 172 52103 255 60073 372 38128
75055 15 14736 172 52103 255 60073 396 38128
75055 15 14736 172 52103 336 69443 6 38128
75055 15 14736 172 52103 6 63974 271 38128
75055 15 14736 172 52103 6 63974 385 38128
75055 15 14736 172 52734 172 11658 385 38128
75055 15 14736 172 52734 172 11658 398 38128
75055 15 14736 172 52734 105 39896 15 38128
75055 15 14736 172 52734 105 39896 6 38128
75055 15 14736 172 52734 105 39896 398 38128
75055 15 14736 172 52734 105 28376 398 38128
75055 15 14736 172 52734 105 52920 385 38128
75055 15 14736 172 52734 382 17727 6 38128
75055 15 14736 172 70609 271 32864 15 38128
75055 15 14736 172 70609 271 32864 6 38128
75055 15 14736 172 19408 164 12035 6 38128
75055 15 14736 172 19408 164 12035 385 38128
75055 15 14736 385 38490 85 17058 112 38128
75055 15 14736 385 38490 85 17058 191 38128
75055 15 14736 105 57560 164 66245 385 38128
75055 15 14736 382 28806 15 63319 15 38128
75055 15 14736 382 28806 15 63319 398 38128
75055 15 14736 382 28806 300 62434 211 38128
75055 15 14736 332 65853 31 15024 6 38128
75055 15 14736 332 65853 31 26151 6 38128
75055 15 14736 332 65853 31 70550 15 38128
75055 15 14736 332 65853 31 70550 6 38128
75055 15 14736 332 65853 31 70550 398 38128
75055 15 14736 332 65853 31 2748 6 38128
75055 15 14736 332 65853 31 31066 6 38128
75055 15 14736 332 65853 31 59433 6 38128
75055 15 14736 332 65853 31 41162 6 38128
75055 15 14736 332 65853 31 73145 6 38128
75055 15 14736 332 65853 31 48224 6 38128
75055 15 14736 332 65853 31 24596 6 38128
75055 15 14736 332 65853 31 30522 6 38128
75055 15 14736 332 65853 31 23393 6 38128
75055 15 14736 332 65857 31 4399 6 38128
75055 15 14736 332 65857 369 60841 64 38128
75055 15 14736 332 29052 31 599 15 38128
75055 15 14736 332 29052 31 7103 15 38128
75055 15 14736 332 29052 31 7103 6 38128
75055 15 14736 332 29064 31 26339 6 38128
75055 15 14736 332 29064 31 20905 6 38128
75055 15 14736 332 29065 31 1823 15 38128
75055 15 14736 332 29065 31 1823 6 38128
75055 15 14736 332 29065 31 15471 6 38128
75055 15 14736 396 54516 35 31011 385 38128
75055 258 37269 336 27108 372 59072 6 38128
75055 258 37269 383 69092 75 38944 315 38128
75055 258 37269 383 69092 75 38944 91 38128
75055 258 37269 383 69092 294 5256 385 38128
75055 258 37269 383 69092 252 69931 64 38128
75055 258 37269 213 50130 121 21632 252 38128
75055 258 37269 213 50130 121 21632 28 38128
75055 258 37269 213 50130 121 21632 151 38128
75055 258 37269 213 50130 121 21632 396 38128
75055 15 14736 172 52103 398 5135 358 42522 6 38128
75055 15 14736 172 52103 255 60073 342 28644 6 38128
75055 15 14736 172 52103 255 60073 398 52008 15 38128
75055 15 14736 172 52103 255 60073 398 52008 6 38128
75055 15 14736 172 52103 255 60073 382 8039 6 38128
75055 15 14736 172 52103 255 60073 102 29897 6 38128
75055 15 14736 172 52103 255 60073 266 39181 6 38128
75055 15 14736 172 52103 255 60073 303 28772 6 38128
75055 15 14736 172 52103 255 60073 303 28772 277 38128
75055 15 14736 172 52103 255 60073 303 28772 28 38128
75055 15 14736 172 52103 336 53751 101 9911 5 38128
75055 15 14736 172 52103 336 69443 372 586 6 38128
75055 15 14736 172 69195 105 27339 172 12246 6 38128
75055 15 14736 172 69195 105 27339 172 12246 398 38128
75055 15 14736 172 52734 172 68448 379 1483 88 38128
75055 15 14736 172 52734 105 28376 382 65553 6 38128
75055 15 14736 172 52734 105 28376 382 65553 277 38128
75055 15 14736 172 52734 105 28376 382 65553 151 38128
75055 15 14736 172 72838 151 41897 277 64632 112 38128
75055 15 14736 172 72838 151 41897 277 64632 191 38128
75055 15 14736 172 72838 75 33054 277 40018 6 38128
75055 15 14736 382 28806 6 1444 383 29827 64 38128
75055 15 14736 382 28806 256 54168 254 20749 385 38128
75055 15 14736 382 28806 256 54168 254 14297 164 38128
75055 15 14736 332 65853 31 51254 296 30382 99 38128
75055 15 14736 332 65853 31 37302 256 55887 15 38128
75055 15 14736 332 65853 31 37302 256 55887 6 38128
75055 15 14736 332 65853 31 37302 256 55887 398 38128
75055 15 14736 332 29052 31 6576 356 51294 271 38128
75055 15 14736 332 29052 31 6576 356 51294 385 38128
75055 15 14736 277 58806 143 37487 113 73982 385 38128
75055 15 14736 277 58806 143 37487 113 17875 15 38128
75055 15 14736 277 58806 143 37487 113 17875 6 38128
75055 15 14736 277 58806 143 37487 113 17875 398 38128
75055 15 14736 277 58806 143 37487 113 1334 15 38128
75055 15 14736 277 58806 143 37487 113 1334 398 38128
75055 15 14736 277 58806 300 59812 211 10306 271 38128
75055 258 37269 336 27108 385 31083 217 29947 5 38128
75055 258 37269 383 69092 294 23798 75 322 6 38128
75055 258 37269 383 69092 294 23798 75 322 385 38128
75055 258 37269 383 69092 294 23798 75 322 398 38128
75055 258 37269 100 19847 290 8607 271 44869 15 38128
75055 258 37269 100 19847 290 8607 271 44869 6 38128
75055 15 14736 172 52103 255 60073 398 52008 15 32129 398 38128
75055 15 14736 172 52103 255 60073 398 52008 15 32129 382 38128
75055 15 14736 172 52103 255 60073 369 73592 277 26569 385 38128
75055 15 14736 172 52103 255 60073 369 73592 277 26569 398 38128
75055 15 14736 172 52103 6 63974 271 72687 85 19769 191 38128
75055 15 14736 172 52103 6 63974 277 10141 6 68855 6 38128
75055 15 14736 385 38490 147 17518 5 16174 6 22928 398 38128
75055 15 14736 385 38490 147 17518 5 16174 6 22928 382 38128
75055 15 14736 332 65853 31 23009 45 41876 23 53219 112 38128
75055 15 14736 332 65857 31 49073 296 20492 99 45713 15 38128
