51646 121 72553
51646 121 32464 213 74863 121 72553
51646 121 23942 213 11288 121 72553
51646 121 23942 356 47724 282 72553
51646 121 74976 397 32937 282 72553
51646 121 5879 261 51080 282 72553
51646 121 5879 261 4366 282 72553
51646 121 5879 261 29981 282 72553
51646 121 5879 261 62831 282 72553
51646 121 23942 356 47724 115 7347 282 72553
51646 121 24357 332 29052 31 3650 282 72553
51646 121 24357 332 29052 31 4192 282 72553
51646 121 23942 356 47724 282 12577 261 5428 282 72553
51646 121 23942 356 47724 297 61222 231 6570 282 72553
51646 121 23942 356 47724 297 61222 231 21550 282 72553
51646 121 23942 356 47724 297 61222 231 27770 282 72553
