58833 121 64880
58833 121 38348 396 54516 35 64880
58833 121 72858 397 59413 282 64880
58833 121 72858 397 47724 282 64880
58833 121 73460 28 26537 358 64880
58833 121 73460 28 73592 277 64880
58833 121 73460 332 65857 31 64880
58833 121 73460 332 65856 31 64880
58833 121 73460 332 65861 31 64880
58833 121 73460 332 68338 31 64880
58833 121 73460 303 7846 342 64880
58833 121 73460 303 7846 303 64880
58833 121 37898 256 54168 141 64880
58833 121 34792 332 29052 31 64880
58833 121 34792 332 68337 31 64880
58833 121 61103 332 10045 31 64880
58833 121 62557 332 65853 31 64880
58833 121 62557 332 65855 31 64880
58833 121 66085 332 68334 31 64880
58833 121 38348 300 62434 211 26494 356 64880
58833 121 72858 155 40298 332 1705 31 64880
58833 121 72858 155 40298 332 35877 31 64880
58833 121 72858 155 40298 332 68336 31 64880
58833 121 72858 155 31636 332 6058 31 64880
58833 121 72858 155 1444 332 60031 31 64880
58833 121 72858 155 1444 332 3980 31 64880
58833 121 72858 155 1444 332 40308 31 64880
58833 121 72858 155 16834 332 60305 31 64880
58833 121 72858 155 50528 28 51352 31 64880
58833 121 72858 155 19694 332 40316 31 64880
58833 121 72858 155 66047 332 51816 31 64880
58833 121 60258 172 63771 105 11414 336 64880
58833 121 38348 300 62434 211 44079 5 56059 130 64880
58833 121 72858 155 28575 377 10911 238 70957 252 47970 369 64880
