58833 121 38348
58833 121 64880 396 54516 35 38348
58833 121 73460 300 62434 211 38348
58833 121 48374 300 66239 211 38348
58833 121 64880 385 54168 254 53393 321 38348
58833 121 53751 255 24058 300 65810 211 38348
58833 121 53751 255 24058 300 55212 211 38348
58833 121 53751 255 24058 300 26313 211 38348
58833 121 53751 255 24058 300 74587 211 38348
58833 121 53751 255 24058 175 14412 160 38348
58833 121 53751 255 24058 175 5601 160 38348
58833 121 73460 300 62434 211 54201 175 41397 160 38348
58833 121 73460 300 62434 211 54201 175 14413 160 38348
