59108 121 52103
59108 121 57560 255 52103
59108 121 48056 367 50502 336 52103
59108 121 48056 367 50502 255 52103
59108 121 7417 172 14736 172 52103
59108 121 7417 143 69742 113 52103
59108 121 43282 172 9637 172 52103
59108 121 37269 336 67386 336 52103
59108 121 37269 336 30687 336 52103
59108 121 37269 336 30687 255 52103
59108 121 37269 336 11568 255 52103
59108 121 37269 336 74334 255 52103
59108 121 37269 336 16101 255 52103
59108 121 37269 336 20189 255 52103
59108 121 37269 336 48943 255 52103
59108 121 37269 336 71491 336 52103
59108 121 37269 255 58964 255 52103
59108 121 37269 255 2907 367 52103
59108 121 38002 255 69443 255 52103
59108 121 19404 332 23453 31 60073 336 52103
59108 121 19404 332 23453 31 60073 255 52103
59108 121 38749 172 63771 172 10184 367 52103
59108 121 38749 172 63771 172 52489 255 52103
59108 121 7417 6 38128 130 63974 382 52103
59108 121 7417 336 18275 255 70609 255 52103
59108 121 7417 336 32685 336 53751 255 52103
59108 121 7417 172 14736 172 52734 172 52103
59108 121 7417 172 14736 172 52734 105 52103
59108 121 7417 143 69742 113 51482 336 52103
59108 121 7417 143 69742 113 51482 255 52103
59108 121 7417 255 28397 385 61953 258 52103
59108 121 7417 255 28397 385 61953 203 52103
59108 121 57560 105 42173 385 48306 130 52103
59108 121 57560 105 42173 385 28427 130 52103
59108 121 57560 105 42173 101 69459 337 52103
59108 121 57560 105 42173 5 5135 15 52103
59108 121 57560 105 42173 5 5135 203 52103
59108 121 37269 213 50130 121 20525 172 9898 172 52103
