74863 121 72553
74863 121 32464 213 51646 121 72553
74863 121 74976 213 11288 121 72553
74863 121 74976 397 32937 282 72553
74863 121 5879 261 51080 282 72553
74863 121 5879 261 4366 282 72553
74863 121 5879 261 29981 282 72553
74863 121 5879 261 62831 282 72553
74863 121 7624 398 69306 83 3650 282 72553
74863 121 7624 356 3223 261 47724 282 72553
74863 121 50067 261 40314 52 21550 282 72553
74863 121 50067 261 40314 52 4192 282 72553
74863 121 74976 397 32937 282 72858 397 7347 282 72553
74863 121 74976 397 32937 297 61222 231 6570 282 72553
74863 121 74976 397 32937 297 61222 231 5428 282 72553
74863 121 74976 397 32937 297 61222 231 27770 282 72553
