15664 29 60746
15664 180 28577 71 63948 29 60746
15664 180 28577 71 62822 29 60746
15664 180 28577 71 57443 29 60746
15664 180 28577 71 28031 29 60746
15664 180 28577 71 73252 29 60746
15664 180 28577 71 5767 29 60746
15664 180 28577 71 27776 29 60746
15664 180 28577 71 41838 29 60746
15664 180 28577 343 53497 29 60746
15664 180 28577 71 63948 29 22613 29 60746
15664 180 28577 71 61596 180 67319 71 17574 29 60746
15664 180 28577 71 61596 180 67319 71 39189 29 60746
15664 180 28577 71 43591 180 10392 71 24403 29 60746
15664 180 28577 71 43591 180 10392 71 2291 29 60746
15664 180 28577 71 43591 180 10392 71 67992 29 60746
15664 180 28577 71 43591 180 10392 71 42062 29 60746
15664 180 28577 71 63948 369 33054 252 8307 29 60746
15664 180 28577 71 63948 369 33054 252 67944 29 60746
15664 180 28577 71 5767 332 29064 31 33137 29 60746
15664 180 28577 343 53497 347 29271 216 56026 183 69216 29 60746
15664 180 28577 71 61596 180 67319 71 68393 29 64058 306 27608 29 60746
