24403 29 42543
24403 332 65856 31 5767 29 42543
24403 332 23453 31 4691 29 42543
24403 332 23453 31 66481 29 42543
24403 180 10392 71 43591 29 42543
24403 180 10392 71 39287 29 42543
24403 180 10392 71 11177 29 42543
24403 180 10392 71 22541 29 42543
24403 29 60746 306 63948 29 42543
24403 369 33054 277 73157 306 42543
24403 369 33054 252 23196 29 42543
24403 369 33054 252 51521 29 42543
24403 369 33054 252 27595 29 42543
24403 332 65853 31 46955 284 7823 284 42543
24403 332 65853 31 61962 288 67958 29 42543
24403 369 33054 277 73157 306 65625 29 42543
24403 369 33054 277 73157 306 47943 29 42543
24403 369 33054 277 73157 306 65691 29 42543
24403 369 33054 277 73157 306 12114 29 42543
24403 369 33054 277 73157 306 516 29 42543
24403 369 33054 277 73157 306 13966 29 42543
24403 369 33054 277 6452 346 2377 29 42543
24403 369 33054 277 6452 346 72055 29 42543
24403 369 33054 277 6452 346 54777 29 42543
24403 332 65853 31 6362 359 54498 102 52256 29 42543
24403 332 65853 31 6362 359 54498 102 48083 29 42543
24403 332 65853 31 6934 102 4861 13 55396 29 42543
24403 332 65853 31 65174 358 37408 28 49908 29 42543
24403 332 65853 31 65174 358 37408 28 38998 29 42543
24403 332 65853 31 65174 358 37408 28 73916 29 42543
24403 332 65853 31 59220 60 65106 269 4907 29 42543
24403 332 65853 31 9105 180 28577 71 5364 29 42543
24403 332 65853 31 15570 259 53540 92 69435 29 42543
24403 332 65853 31 15570 259 53540 92 53474 29 42543
24403 332 65853 31 15570 259 53540 92 72585 29 42543
24403 332 65856 31 5767 180 67319 71 42414 29 42543
24403 180 10392 71 37434 181 7721 81 34271 29 42543
24403 369 33054 277 73157 306 45889 306 57 29 42543
24403 332 65853 31 72079 297 61222 231 2342 208 28466 29 42543
24403 332 65853 31 9105 180 28577 71 3578 7 69523 145 38705 29 42543
24403 332 65856 31 5767 180 67319 71 42414 29 61995 306 23910 29 42543
24403 332 65856 31 5767 180 67319 71 42414 29 61995 306 13529 29 42543
