24403 29 60746
24403 332 65856 31 5767 29 60746
24403 332 29064 31 33137 29 60746
24403 180 10392 71 62822 29 60746
24403 180 10392 71 2291 29 60746
24403 180 10392 71 67992 29 60746
24403 180 10392 71 17574 29 60746
24403 180 10392 71 39189 29 60746
24403 180 10392 71 28031 29 60746
24403 180 10392 71 42062 29 60746
24403 180 10392 71 41838 29 60746
24403 29 42543 306 63948 29 60746
24403 369 33054 252 8307 29 60746
24403 369 33054 252 67944 29 60746
24403 332 65853 31 23009 229 53497 29 60746
24403 29 42543 306 63948 29 22613 29 60746
24403 332 65853 31 9105 180 28577 71 15664 29 60746
24403 332 65853 31 9105 180 28577 71 57443 29 60746
24403 332 65853 31 9105 180 28577 71 73252 29 60746
24403 332 65853 31 9105 180 28577 71 27776 29 60746
24403 180 10392 71 9166 29 64058 306 27608 29 60746
24403 332 65853 31 26159 172 67908 350 56026 183 69216 29 60746
