8307 29 60746
8307 151 33054 277 24403 29 60746
8307 151 33054 277 63948 29 60746
8307 151 33054 277 5767 29 60746
8307 151 33054 252 67944 29 60746
8307 151 33054 277 63948 29 22613 29 60746
8307 151 33054 277 41202 343 53497 29 60746
8307 151 33054 277 6452 346 67992 29 60746
8307 151 33054 277 86 332 29064 31 33137 29 60746
8307 151 33054 277 24403 180 10392 71 62822 29 60746
8307 151 33054 277 24403 180 10392 71 2291 29 60746
8307 151 33054 277 24403 180 10392 71 17574 29 60746
8307 151 33054 277 24403 180 10392 71 39189 29 60746
8307 151 33054 277 24403 180 10392 71 28031 29 60746
8307 151 33054 277 24403 180 10392 71 42062 29 60746
8307 151 33054 277 24403 180 10392 71 41838 29 60746
8307 151 33054 277 63948 180 28577 71 15664 29 60746
8307 151 33054 277 63948 180 28577 71 57443 29 60746
8307 151 33054 277 63948 180 28577 71 73252 29 60746
8307 151 33054 277 63948 180 28577 71 27776 29 60746
8307 151 33054 277 69510 172 67908 350 56026 183 69216 29 60746
8307 151 33054 277 24403 180 10392 71 9166 29 64058 306 27608 29 60746
