11414 336 64880
11414 172 63771 172 66494 256 54168 141 64880
11414 172 63771 172 19162 151 73592 277 64880
11414 172 63771 172 9561 396 54516 35 64880
11414 172 63771 172 58243 332 65853 31 64880
11414 172 63771 172 7417 332 29052 31 64880
11414 172 63771 172 7417 397 47724 282 64880
11414 172 63771 172 60258 213 58833 121 64880
11414 172 63771 172 5480 332 65857 31 64880
11414 172 63771 172 5480 332 65855 31 64880
11414 105 27339 172 72079 332 10045 31 64880
11414 105 27339 172 72079 332 1705 31 64880
11414 105 27339 172 72079 332 60031 31 64880
11414 105 27339 172 72079 332 65856 31 64880
11414 105 27339 172 72079 332 6058 31 64880
11414 105 27339 172 72079 332 3980 31 64880
11414 105 27339 172 72079 332 35877 31 64880
11414 105 27339 172 72079 332 68334 31 64880
11414 105 27339 172 72079 332 68338 31 64880
11414 105 27339 172 72079 332 68336 31 64880
11414 105 27339 172 72079 332 68337 31 64880
11414 105 27339 172 72079 332 40308 31 64880
11414 105 27339 172 72079 373 26494 356 64880
11414 105 27339 172 63489 332 65861 31 64880
11414 105 27339 172 32357 332 51352 31 64880
11414 105 27339 172 32357 332 60305 31 64880
11414 105 27339 172 32357 332 51816 31 64880
11414 105 27339 172 32357 332 40316 31 64880
11414 172 63771 172 66494 300 62434 211 26537 358 64880
11414 172 63771 172 32680 356 18597 155 7846 342 64880
11414 172 63771 172 32680 356 18597 155 7846 303 64880
11414 172 63771 172 32680 383 69092 294 59413 282 64880
11414 172 63771 172 66494 300 62434 211 44079 5 56059 130 64880
11414 172 63771 172 32680 383 69092 294 34765 377 10911 238 70957 252 47970 369 64880
