60073 336 52103
60073 255 52103
60073 372 38128 382 69443 255 52103
60073 372 38128 130 63974 382 52103
60073 372 38128 141 14736 172 52103
60073 373 63489 172 52734 172 52103
60073 373 63489 172 52734 105 52103
60073 373 63489 143 69742 113 52103
60073 382 8039 6 53751 255 52103
60073 143 37487 113 51482 336 52103
60073 143 37487 113 51482 255 52103
60073 213 50130 121 57560 255 52103
60073 266 69432 176 67386 336 52103
60073 372 38128 398 32864 130 70609 255 52103
60073 372 38128 382 42522 28 5135 15 52103
60073 372 38128 382 42522 28 5135 203 52103
60073 372 38128 382 42522 28 61953 258 52103
60073 372 38128 382 42522 28 61953 203 52103
60073 372 38128 382 7417 213 59108 121 52103
60073 372 38128 141 42173 385 48306 130 52103
60073 372 38128 141 42173 385 28427 130 52103
60073 372 38128 141 42173 101 69459 337 52103
60073 372 38128 141 42173 373 2907 367 52103
60073 372 38128 141 42173 373 10184 367 52103
60073 372 38128 141 14736 172 52489 255 52103
60073 372 38128 141 14736 172 30687 336 52103
60073 372 38128 141 14736 172 30687 255 52103
60073 372 38128 141 14736 172 74334 255 52103
60073 332 65853 31 58243 172 9637 172 52103
60073 54 15433 336 37269 336 11568 255 52103
60073 54 15433 336 37269 336 16101 255 52103
60073 54 15433 336 37269 336 20189 255 52103
60073 54 15433 336 37269 336 48943 255 52103
60073 54 15433 336 37269 336 71491 336 52103
60073 54 15433 336 37269 255 50502 336 52103
60073 54 15433 336 37269 255 50502 255 52103
60073 54 15433 336 37269 255 58964 255 52103
60073 213 50130 121 20525 172 9898 172 52103
