25456 123 10896
25456 123 5190 217 9911 5 10896
25456 123 5190 80 38944 315 10896
25456 123 5190 80 38944 91 10896
25456 123 5190 85 17058 112 10896
25456 123 5190 85 17058 191 10896
25456 123 5190 85 64632 112 10896
25456 123 5190 85 64632 191 10896
25456 123 5190 85 74615 112 10896
25456 123 5190 85 74615 191 10896
25456 123 5190 117 3580 334 10896
25456 123 5190 265 19933 64 10896
25456 123 22832 296 48786 99 10896
25456 123 7077 384 3650 123 10896
25456 123 23800 384 6901 123 10896
25456 123 35230 384 61656 123 10896
25456 123 35230 384 73103 123 10896
25456 297 61222 231 23640 64 10896
25456 297 61222 231 62261 64 10896
25456 297 61222 231 4148 64 10896
25456 297 61222 20 20249 64 10896
25456 123 69700 281 8511 265 60841 64 10896
