3650 123 10896
3650 282 72858 397 25456 123 10896
3650 282 72858 397 73103 123 10896
3650 123 3850 117 3580 334 10896
3650 123 7077 217 9911 5 10896
3650 123 7077 80 38944 315 10896
3650 123 7077 80 38944 91 10896
3650 123 7077 85 17058 112 10896
3650 123 7077 85 17058 191 10896
3650 123 7077 85 64632 112 10896
3650 123 7077 85 64632 191 10896
3650 123 7077 265 19933 64 10896
3650 123 28573 85 74615 112 10896
3650 123 28573 85 74615 191 10896
3650 123 35230 384 6901 123 10896
3650 123 35230 384 61656 123 10896
3650 75 69092 277 4148 64 10896
3650 75 69092 252 60841 64 10896
3650 297 61222 231 23640 64 10896
3650 297 61222 231 62261 64 10896
3650 297 61222 20 20249 64 10896
3650 282 72858 397 25456 123 22832 296 48786 99 10896
