61656 123 10896
61656 123 7149 80 38944 315 10896
61656 123 7149 80 38944 91 10896
61656 123 7149 384 6901 123 10896
61656 123 29094 384 73103 123 10896
61656 123 29094 117 3580 334 10896
61656 123 35230 384 3650 123 10896
61656 123 35230 384 25456 123 10896
61656 297 61222 231 23640 64 10896
61656 297 61222 231 62261 64 10896
61656 297 61222 231 4148 64 10896
61656 297 61222 20 19933 64 10896
61656 297 61222 20 20249 64 10896
61656 297 61222 383 69092 252 60841 64 10896
61656 297 61222 142 47100 85 74615 112 10896
61656 297 61222 142 47100 85 74615 191 10896
61656 297 61222 231 4148 249 64632 112 10896
61656 297 61222 231 4148 249 64632 191 10896
61656 93 73838 256 54168 85 17058 112 10896
61656 93 73838 256 54168 85 17058 191 10896
61656 123 7149 80 38944 315 13437 217 9911 5 10896
61656 123 7149 80 38944 315 8511 296 48786 99 10896
