6901 123 10896
6901 123 7149 80 38944 315 10896
6901 123 7149 80 38944 91 10896
6901 123 7149 384 61656 123 10896
6901 123 16083 117 3580 334 10896
6901 123 29094 384 73103 123 10896
6901 123 23800 217 9911 5 10896
6901 123 23800 85 17058 112 10896
6901 123 23800 85 17058 191 10896
6901 123 23800 85 64632 112 10896
6901 123 23800 85 64632 191 10896
6901 123 23800 384 25456 123 10896
6901 123 23800 265 19933 64 10896
6901 123 35230 384 3650 123 10896
6901 123 23800 85 64632 249 4148 64 10896
6901 123 7149 80 38944 315 38128 265 60841 64 10896
6901 123 7149 80 38944 315 4484 265 20249 64 10896
6901 123 7149 80 38944 315 5190 85 74615 112 10896
6901 123 7149 80 38944 315 5190 85 74615 191 10896
6901 123 7149 80 38944 315 8511 296 48786 99 10896
6901 123 7149 80 38944 315 18896 265 23640 64 10896
6901 123 7149 80 38944 310 1444 297 62261 64 10896
