73103 123 10896
73103 123 29094 384 61656 123 10896
73103 123 29094 384 6901 123 10896
73103 123 29094 117 3580 334 10896
73103 123 35230 384 3650 123 10896
73103 123 35230 384 25456 123 10896
73103 383 69092 75 38944 315 10896
73103 383 69092 75 38944 91 10896
73103 383 69092 294 19933 64 10896
73103 383 69092 277 4148 64 10896
73103 383 69092 252 60841 64 10896
73103 297 61222 231 23640 64 10896
73103 297 61222 231 62261 64 10896
73103 297 61222 20 20249 64 10896
73103 45 41876 23 74615 112 10896
73103 45 41876 23 74615 191 10896
73103 282 72858 155 51363 101 64632 112 10896
73103 282 72858 155 51363 101 64632 191 10896
73103 383 69092 75 53751 101 9911 5 10896
73103 383 69092 142 38128 85 17058 112 10896
73103 383 69092 142 38128 85 17058 191 10896
73103 123 29094 143 67541 399 48432 296 48786 99 10896
