34351 164 18645
34351 164 58806 105 27339 172 18645
34351 164 58806 102 46685 359 18645
34351 164 58806 102 5767 359 18645
34351 164 58806 102 36156 359 18645
34351 164 58806 102 60885 359 18645
34351 164 58806 143 69742 113 18645
34351 164 58806 143 67171 113 18645
34351 256 54168 254 1444 105 18645
34351 75 6067 151 63771 105 18645
34351 164 58806 359 57906 102 3405 359 18645
34351 164 58806 102 3052 359 920 102 22259 359 18645
34351 164 58806 348 15756 45 41876 23 3374 172 18645
34351 164 58806 348 15756 45 41876 23 3374 105 18645
34351 256 54168 254 44079 105 45914 172 54129 172 18645
34351 256 54168 254 44079 105 45914 172 54129 105 18645
