52869 57 7925
52869 300 59812 211 6905 332 7925
52869 300 59812 211 7253 57 7925
52869 300 59812 211 51172 57 7925
52869 300 59812 211 32357 332 7925
52869 300 59812 211 44741 57 7925
52869 300 59812 211 18362 57 7925
52869 300 59812 211 59822 57 7925
52869 300 59812 211 64545 57 7925
52869 300 59812 211 6196 57 7925
52869 300 59812 211 58806 332 7925
52869 300 59812 211 30490 383 69092 151 7925
52869 300 59812 211 30490 383 69092 277 7925
52869 300 59812 211 54498 102 52748 332 7925
52869 300 59812 211 53302 252 59220 332 7925
52869 300 59812 211 39896 102 36156 332 7925
52869 300 59812 211 58806 332 41016 31 7925
52869 300 59812 211 50528 28 28376 57 7925
52869 300 23401 211 43962 332 56027 31 11564 332 7925
52869 300 23401 211 43962 332 74261 31 70024 332 7925
52869 300 23401 211 66019 332 65853 31 70136 332 7925
52869 300 23401 211 66019 332 65853 31 23705 332 7925
52869 300 23401 211 66019 332 65853 31 72838 332 7925
52869 300 23401 211 66019 332 65853 31 73755 332 7925
52869 300 23401 211 66019 332 65853 31 24854 332 7925
52869 300 23401 211 66019 332 65853 31 25006 57 7925
52869 300 23401 211 66019 332 65853 31 51559 332 7925
52869 300 23401 211 66019 332 65853 31 54983 332 7925
52869 300 23401 211 66019 332 65853 31 64590 332 7925
52869 300 23401 211 66019 332 65853 31 31910 332 7925
52869 300 23401 211 66019 332 65857 31 44610 332 7925
52869 300 23401 211 66019 369 33054 252 26362 332 7925
52869 300 23401 211 66019 369 33054 252 40338 31 7925
52869 300 23401 211 66019 369 33054 252 40338 332 7925
52869 300 59812 211 23142 256 69974 254 43936 57 7925
52869 300 59812 211 19642 256 54168 254 14003 57 7925
52869 300 59812 211 6905 332 43192 205 39581 57 7925
52869 300 59812 211 6905 332 43192 205 20231 57 7925
52869 300 59812 211 6905 332 36618 205 57594 57 7925
52869 300 59812 211 6905 332 36618 205 48132 57 7925
52869 300 59812 211 6905 332 36618 205 33282 57 7925
52869 300 59812 211 6905 332 36618 205 51557 57 7925
52869 300 59812 211 6905 332 74810 205 22640 57 7925
52869 300 59812 211 6905 332 71984 205 53601 57 7925
52869 300 59812 211 6905 332 71984 205 29172 57 7925
