56985 57 74810
56985 332 29065 31 68356 332 74810
56985 332 29065 31 69984 332 74810
56985 332 29065 31 51172 57 74810
56985 332 29065 31 72838 332 74810
56985 332 29065 31 73755 332 74810
56985 332 29065 31 19930 57 74810
56985 332 29065 31 25006 57 74810
56985 332 29065 31 32357 332 74810
56985 332 29065 31 59220 332 74810
56985 332 29065 31 4445 332 74810
56985 332 29065 31 51559 332 74810
56985 332 29065 31 1727 332 74810
56985 332 29065 31 37302 332 74810
56985 332 29065 31 54983 332 74810
56985 332 29065 31 35519 332 74810
56985 332 29065 31 58806 332 74810
56985 332 29065 31 24169 332 74810
56985 332 29065 31 55099 332 74810
56985 332 29065 31 25233 332 74810
56985 332 29065 31 35527 332 74810
56985 332 29065 369 69092 151 74810
56985 332 29065 369 69092 277 74810
56985 57 36618 31 6905 332 74810
56985 57 36618 31 26362 332 74810
56985 57 36618 31 40338 31 74810
56985 57 36618 31 40338 332 74810
56985 57 36618 31 12616 332 74810
56985 57 36618 205 57594 57 74810
56985 57 36618 205 48132 57 74810
56985 57 36618 205 43936 57 74810
56985 57 36618 205 39581 57 74810
56985 57 36618 205 44741 57 74810
56985 57 36618 205 14003 57 74810
56985 57 36618 205 33282 57 74810
56985 57 36618 205 20231 57 74810
56985 57 36618 205 51557 57 74810
56985 57 36618 332 41016 31 74810
56985 57 69354 205 22640 57 74810
56985 332 29065 31 72079 332 6058 31 74810
56985 332 29065 31 70136 332 7925 205 6196 57 74810
