56985 57 49088
56985 332 29065 31 16968 332 49088
56985 332 29065 31 69984 332 49088
56985 332 29065 31 43497 332 49088
56985 332 29065 31 51172 57 49088
56985 332 29065 31 72838 332 49088
56985 332 29065 31 70024 332 49088
56985 332 29065 31 24854 332 49088
56985 332 29065 31 59220 332 49088
56985 332 29065 31 51559 332 49088
56985 332 29065 31 54983 332 49088
56985 332 29065 31 30068 332 49088
56985 332 29065 31 58806 332 49088
56985 332 29065 31 35527 332 49088
56985 332 29065 369 69092 151 49088
56985 332 29065 369 69092 277 49088
56985 57 36618 31 6905 332 49088
56985 57 36618 31 26362 332 49088
56985 57 36618 31 40338 31 49088
56985 57 36618 31 40338 332 49088
56985 57 36618 205 48132 57 49088
56985 57 36618 205 43936 57 49088
56985 57 36618 205 44741 57 49088
56985 57 36618 205 33282 57 49088
56985 57 36618 205 20231 57 49088
56985 57 36618 205 51557 57 49088
56985 57 36618 332 41016 31 49088
56985 332 29065 31 24058 196 14858 277 49088
