56985 57 36618
56985 332 29065 31 70136 332 36618
56985 332 29065 31 51172 57 36618
56985 332 29065 31 21807 332 36618
56985 332 29065 31 72838 332 36618
56985 332 29065 31 73755 332 36618
56985 332 29065 31 19930 57 36618
56985 332 29065 31 59220 332 36618
56985 332 29065 31 30916 332 36618
56985 332 29065 31 51559 332 36618
56985 332 29065 31 54983 332 36618
56985 332 29065 31 28376 57 36618
56985 332 29065 31 58806 332 36618
56985 332 29065 31 35527 332 36618
56985 332 29065 369 69092 151 36618
56985 332 29065 369 69092 277 36618
56985 57 74810 31 6905 332 36618
56985 57 74810 31 26362 332 36618
56985 57 74810 31 40338 31 36618
56985 57 74810 31 40338 332 36618
56985 57 74810 31 12616 332 36618
56985 57 74810 205 57594 57 36618
56985 57 74810 205 48132 57 36618
56985 57 74810 205 43936 57 36618
56985 57 74810 205 39581 57 36618
56985 57 74810 205 44741 57 36618
56985 57 74810 205 14003 57 36618
56985 57 74810 205 33282 57 36618
56985 57 74810 205 20231 57 36618
56985 57 74810 205 51557 57 36618
56985 57 74810 332 41016 31 36618
56985 57 69354 31 21316 332 36618
56985 57 69354 205 21356 57 36618
56985 332 29065 369 69092 114 7253 57 36618
56985 57 74810 31 40338 31 15617 332 36618
56985 332 29065 31 70136 332 7925 31 11564 332 36618
56985 332 29065 31 70136 332 32721 205 66708 57 36618
56985 332 29065 31 51172 57 21166 31 7875 332 36618
