56985 57 69354
56985 332 29065 31 70136 332 69354
56985 332 29065 31 69984 332 69354
56985 332 29065 31 51172 57 69354
56985 332 29065 31 72838 332 69354
56985 332 29065 31 70024 332 69354
56985 332 29065 31 73755 332 69354
56985 332 29065 31 25006 57 69354
56985 332 29065 31 59220 332 69354
56985 332 29065 31 29596 332 69354
56985 332 29065 31 37302 332 69354
56985 332 29065 31 54983 332 69354
56985 332 29065 31 49502 332 69354
56985 332 29065 31 28376 57 69354
56985 332 29065 31 58806 57 69354
56985 332 29065 31 25233 332 69354
56985 332 29065 31 35527 332 69354
56985 332 29065 369 69092 151 69354
56985 332 29065 369 69092 277 69354
56985 57 36618 31 21316 332 69354
56985 57 36618 31 6905 332 69354
56985 57 36618 31 26362 332 69354
56985 57 36618 31 40338 31 69354
56985 57 36618 31 40338 332 69354
56985 57 36618 205 57594 57 69354
56985 57 36618 205 48132 57 69354
56985 57 36618 205 43936 57 69354
56985 57 36618 205 44741 57 69354
56985 57 36618 205 14003 57 69354
56985 57 36618 205 20231 57 69354
56985 57 36618 205 21356 57 69354
56985 57 36618 205 51557 57 69354
56985 57 36618 332 41016 31 69354
56985 57 74810 205 22640 57 69354
56985 332 29065 369 69092 75 25575 332 69354
56985 332 29065 31 12921 332 29064 31 52748 332 69354
56985 332 29065 31 34575 369 33054 277 55460 332 69354
56985 332 29065 31 34575 369 33054 277 31000 332 69354
56985 332 29065 31 34575 369 33054 277 19843 57 69354
56985 332 29065 31 63632 57 71984 205 46765 57 69354
