4926 348 57047
4926 143 24749 113 54498 348 57047
4926 143 74349 331 38784 159 27894 231 57047
4926 143 24749 113 54498 382 44428 6 29427 294 57047
4926 143 24749 113 54498 300 59812 211 74978 348 57047
4926 143 24749 113 54498 256 54168 254 20470 348 57047
4926 143 24749 113 54498 256 54168 254 49424 348 57047
4926 143 24749 113 54498 256 54168 254 18715 348 57047
4926 143 24749 113 54498 256 54168 254 37898 348 57047
4926 143 24749 113 54498 256 54168 254 40414 348 57047
4926 143 24749 113 54498 256 54168 254 14385 348 57047
4926 143 24749 113 54498 256 54168 254 21830 348 57047
4926 143 24749 113 54498 256 54168 254 41959 348 57047
4926 143 24749 113 54498 256 54168 254 19766 348 57047
4926 143 24749 113 54498 256 54168 254 59152 348 57047
4926 143 24749 113 54498 256 54168 254 42616 348 57047
4926 143 24749 113 54498 256 54168 254 47724 237 57047
4926 143 24749 113 54498 256 54168 254 47724 115 57047
4926 143 24749 113 54498 256 54168 254 19511 348 57047
4926 143 24749 113 54498 256 54168 254 11786 348 57047
4926 143 24749 113 54498 256 54168 254 52246 348 57047
4926 143 24749 113 54498 256 54168 254 13515 348 57047
4926 143 24749 113 54498 256 54168 254 63472 348 57047
4926 143 24749 113 54498 256 54168 254 15711 348 57047
4926 143 24749 113 54498 256 54168 254 52577 348 57047
4926 143 24749 113 54498 256 54168 254 54657 348 57047
4926 143 24749 113 54498 256 54168 254 57433 348 57047
4926 143 24749 113 54498 256 54168 254 20846 348 57047
4926 143 24749 113 54498 256 54168 254 41878 348 57047
4926 143 24749 113 54498 256 54168 254 36861 348 57047
4926 143 24749 113 54498 256 54168 254 1524 348 57047
4926 143 24749 113 54498 256 54168 254 73239 348 57047
4926 143 24749 113 54498 256 54168 254 26823 348 57047
4926 143 24749 113 54498 256 54168 254 11860 348 57047
4926 143 24749 113 54498 256 54168 254 5019 348 57047
4926 143 24749 113 54498 256 54168 254 19870 348 57047
4926 143 24749 113 54498 256 54168 254 58486 261 57047
4926 143 24749 113 54498 256 54168 254 31910 52 57047
4926 143 24749 113 54498 256 54168 37 22668 294 57047
4926 143 24749 176 69443 6 38128 80 38944 354 57047
4926 143 24749 176 69443 6 38128 265 60841 236 57047
4926 143 24749 176 69443 6 38128 104 69092 32 57047
4926 143 24749 176 69443 336 53751 28 59913 348 57047
4926 143 74349 331 38784 336 2064 159 23785 231 57047
4926 143 74349 331 38784 336 2064 159 30796 231 57047
4926 143 74349 331 38784 336 20467 68 28848 294 57047
4926 143 74349 331 38784 159 27894 75 33951 32 57047
4926 143 74349 331 38784 159 27894 383 18333 32 57047
4926 143 74349 331 38784 159 27894 20 46511 231 57047
4926 143 74349 331 38784 159 27894 20 58416 231 57047
4926 143 74349 331 38784 159 27894 20 67033 231 57047
4926 143 74349 331 38784 18 65543 237 69083 237 57047
4926 143 74349 331 38784 18 65543 237 69083 115 57047
4926 143 74349 331 38784 18 65543 24 6452 2 57047
4926 143 74349 331 38784 18 65543 24 6452 234 57047
4926 143 74349 331 38784 18 65543 24 60644 234 57047
4926 143 74349 331 38784 18 65543 24 48074 2 57047
4926 143 74349 331 38784 18 65543 24 48074 234 57047
4926 143 74349 331 38784 18 65543 285 36071 2 57047
4926 143 74349 331 38784 18 65543 285 61087 2 57047
4926 143 74349 331 38784 18 65543 229 61279 370 57047
4926 143 74349 331 38784 18 65543 288 49024 166 57047
4926 143 74349 331 38784 18 19694 282 45401 397 57047
4926 143 74349 331 38784 18 19694 90 32929 157 57047
4926 143 74349 331 38784 18 19694 288 45069 166 57047
4926 143 74349 331 38784 18 19694 95 42621 348 57047
4926 143 74349 331 38784 255 69865 159 19933 231 57047
4926 143 74349 331 38784 255 69865 159 4148 231 57047
4926 143 74349 331 38784 255 69865 159 51420 231 57047
4926 143 74349 331 38784 255 69865 18 54501 115 57047
4926 143 74349 331 38784 255 53540 159 9132 231 57047
4926 143 74349 331 38784 255 53540 159 2168 231 57047
4926 143 74349 331 38784 255 53540 159 45397 236 57047
4926 143 74349 331 38784 255 53540 159 31621 231 57047
4926 143 7803 113 57906 373 63489 356 21710 348 57047
4926 143 24749 113 54498 382 44428 6 67791 15 64351 104 57047
4926 143 24749 113 54498 382 44428 6 67791 398 47100 202 57047
4926 143 24749 113 54498 382 44428 6 29427 252 5319 294 57047
4926 143 24749 113 54498 382 44428 6 29427 126 46454 348 57047
4926 143 24749 113 54498 382 44428 6 29427 126 32911 348 57047
4926 143 24749 113 54498 382 44428 6 29427 291 69099 294 57047
4926 143 24749 113 54498 382 44428 358 55159 342 24865 32 57047
4926 143 24749 113 54498 102 27423 332 10045 31 37791 348 57047
4926 143 24749 113 54498 102 27423 332 10045 31 22809 348 57047
4926 143 24749 113 54498 102 27423 332 10045 31 3394 348 57047
4926 143 24749 113 54498 102 27423 332 10045 31 72693 348 57047
4926 143 24749 113 54498 102 27423 332 10045 31 25110 294 57047
4926 143 24749 113 54498 102 27423 332 10045 31 37792 115 57047
4926 143 24749 113 54498 102 27423 332 10045 31 56241 237 57047
4926 143 24749 113 54498 102 27423 332 10045 31 56241 115 57047
4926 143 24749 113 54498 102 27423 332 10045 31 43314 115 57047
4926 143 24749 113 54498 102 27423 332 29052 31 45416 348 57047
4926 143 24749 113 54498 102 27423 332 29052 31 63843 115 57047
4926 143 24749 113 54498 102 27423 332 29052 31 31812 237 57047
4926 143 24749 113 54498 102 27423 332 29052 31 31812 115 57047
4926 143 24749 113 54498 102 27423 332 29052 31 5466 237 57047
4926 143 24749 113 54498 102 27423 332 23453 31 41536 237 57047
4926 143 24749 113 54498 102 27423 332 23453 31 41536 115 57047
4926 143 24749 113 54498 102 27423 332 23453 31 41536 93 57047
4926 143 24749 113 54498 102 27423 332 23453 31 28672 237 57047
4926 143 24749 113 54498 102 27423 332 23453 31 28672 115 57047
4926 143 24749 113 54498 102 27423 332 23453 31 56160 348 57047
4926 143 24749 113 54498 102 27423 332 23453 31 40941 348 57047
4926 143 24749 113 54498 102 27423 332 29064 31 21501 348 57047
4926 143 24749 113 54498 102 27423 332 29064 31 49252 237 57047
4926 143 24749 113 54498 102 27423 332 29064 31 49252 115 57047
4926 143 24749 113 54498 102 59370 332 65855 31 46254 348 57047
4926 143 24749 113 54498 102 6362 332 65853 31 65603 348 57047
4926 143 24749 113 54498 102 52748 332 68334 369 60562 231 57047
4926 143 24749 113 54498 102 19162 151 73592 277 1949 348 57047
4926 143 24749 113 54498 102 19162 151 73592 277 36301 294 57047
4926 143 24749 113 54498 300 59812 211 60620 155 4279 294 57047
4926 143 24749 113 54498 300 59812 211 36604 32 42634 294 57047
4926 143 24749 113 54498 300 59812 211 9678 80 24879 354 57047
4926 143 24749 113 54498 256 54168 254 1444 297 38619 236 57047
4926 143 24749 113 54498 256 54168 254 1444 142 48666 104 57047
4926 143 24749 113 54498 256 54168 254 1444 142 54654 104 57047
4926 143 24749 113 54498 256 54168 254 1444 142 54934 104 57047
4926 143 24749 113 54498 256 54168 254 1444 142 37564 104 57047
4926 143 24749 113 54498 256 54168 254 1444 142 24185 104 57047
4926 143 24749 113 54498 256 54168 254 1444 142 17545 104 57047
4926 143 24749 113 54498 256 54168 254 1444 142 71632 104 57047
4926 143 24749 113 54498 256 54168 254 1444 142 1173 104 57047
4926 143 24749 113 54498 256 54168 254 1444 142 55597 104 57047
4926 143 24749 113 54498 256 54168 254 1444 142 14885 104 57047
4926 143 24749 113 54498 256 54168 254 1444 142 70085 104 57047
4926 143 24749 113 54498 256 54168 254 1444 142 48321 104 57047
4926 143 24749 113 54498 256 54168 254 1444 142 37 104 57047
4926 143 24749 113 54498 256 54168 254 1444 142 44663 104 57047
4926 143 24749 113 54498 256 54168 254 1444 142 50950 104 57047
4926 143 24749 113 54498 256 54168 254 1444 142 29474 104 57047
4926 143 24749 113 54498 256 54168 254 1444 142 51242 104 57047
4926 143 24749 113 54498 256 54168 254 1444 142 66036 104 57047
4926 143 24749 113 54498 256 54168 254 1444 142 33691 104 57047
4926 143 24749 113 54498 256 54168 254 1444 142 12711 104 57047
4926 143 24749 113 54498 256 54168 254 1444 142 45478 104 57047
4926 143 24749 113 54498 256 54168 254 20689 356 35917 348 57047
4926 143 24749 113 54498 256 54168 254 14385 103 24191 348 57047
4926 143 24749 113 54498 256 54168 254 59220 5 489 104 57047
4926 143 24749 113 54498 256 54168 254 59220 361 30647 104 57047
4926 143 24749 113 54498 256 54168 254 59220 361 58242 104 57047
4926 143 24749 113 54498 256 54168 254 59220 361 47335 104 57047
4926 143 24749 113 54498 256 54168 254 24058 196 1713 236 57047
4926 143 24749 113 54498 256 54168 254 71850 142 50552 104 57047
4926 143 24749 113 54498 256 54168 254 71850 142 2859 104 57047
4926 143 24749 113 54498 256 54168 254 71850 142 12302 104 57047
4926 143 24749 113 54498 256 54168 254 71850 294 31389 231 57047
4926 143 24749 113 54498 256 54168 254 39117 101 62034 348 57047
4926 143 24749 113 54498 256 54168 254 39117 101 73912 348 57047
4926 143 24749 113 54498 256 54168 254 18597 373 64863 348 57047
4926 143 24749 113 54498 256 54168 254 18597 373 37549 348 57047
4926 143 24749 113 54498 256 54168 254 18597 373 40844 348 57047
4926 143 24749 113 54498 256 54168 254 47724 115 32755 237 57047
4926 143 24749 113 54498 256 54168 254 47724 115 32755 115 57047
4926 143 24749 113 54498 256 54168 254 47724 288 10528 166 57047
4926 143 24749 113 54498 256 54168 254 47724 288 55689 166 57047
4926 143 24749 113 54498 256 54168 254 47724 288 58488 166 57047
4926 143 24749 113 54498 256 54168 254 47724 288 13919 166 57047
4926 143 24749 113 54498 256 54168 254 72636 297 9510 231 57047
4926 143 24749 113 54498 256 54168 254 72636 297 69954 231 57047
4926 143 24749 113 54498 256 54168 254 72636 339 58984 231 57047
4926 143 24749 113 54498 256 54168 254 72636 45 2556 317 57047
4926 143 24749 113 54498 256 54168 254 72636 288 68113 166 57047
4926 143 24749 113 54498 256 54168 254 61962 288 61006 166 57047
4926 143 24749 113 54498 256 54168 254 61962 288 32835 166 57047
4926 143 24749 113 54498 256 54168 254 15756 114 15986 155 57047
4926 143 24749 113 54498 256 54168 254 15756 383 14330 294 57047
4926 143 24749 113 54498 256 54168 254 15756 282 55527 397 57047
4926 143 24749 113 54498 256 54168 254 15756 282 33498 397 57047
4926 143 24749 113 54498 256 54168 254 73838 383 69404 115 57047
4926 143 24749 113 54498 256 54168 254 73838 52 59388 115 57047
4926 143 24749 113 54498 256 54168 254 73838 52 50343 237 57047
4926 143 24749 113 54498 256 54168 254 73838 52 53012 237 57047
4926 143 24749 113 54498 256 54168 254 73838 52 53012 115 57047
4926 143 24749 113 54498 256 54168 254 73838 52 57826 237 57047
4926 143 24749 113 54498 256 54168 254 73838 52 57826 115 57047
4926 143 24749 113 54498 256 54168 254 73838 52 47441 115 57047
4926 143 24749 113 54498 256 54168 254 73838 52 4514 115 57047
4926 143 24749 113 54498 256 54168 254 26127 103 30170 348 57047
4926 143 24749 113 54498 256 54168 254 52246 268 31233 348 57047
4926 143 24749 113 54498 256 54168 254 63472 103 29819 348 57047
4926 143 24749 113 54498 256 54168 254 63472 103 20345 348 57047
4926 143 24749 113 54498 256 54168 254 63472 103 30920 348 57047
4926 143 24749 113 54498 256 54168 254 1524 342 29240 348 57047
4926 143 24749 113 54498 256 54168 379 1483 88 38464 104 57047
4926 143 24749 176 69443 6 38128 104 69092 277 67952 348 57047
4926 143 24749 176 69443 336 53751 213 58833 121 68704 397 57047
4926 143 24749 176 69443 336 53751 213 58833 121 68704 348 57047
4926 143 24749 176 69443 336 53751 151 41897 277 47384 348 57047
4926 143 24749 176 69443 213 31702 355 45392 6 53093 348 57047
4926 143 74349 331 38784 336 20467 18 12956 24 56610 234 57047
4926 143 74349 331 38784 336 20467 18 12956 45 43895 317 57047
4926 143 74349 331 38784 159 27894 369 40417 142 63097 104 57047
4926 143 74349 331 38784 18 65543 282 31376 307 63662 348 57047
4926 143 74349 331 38784 18 19694 45 41876 23 48715 348 57047
4926 143 7803 113 57906 102 30234 332 65856 31 66657 348 57047
4926 143 7803 113 57906 102 58806 332 68805 31 64210 348 57047
4926 143 24749 113 54498 382 44428 6 70550 252 62747 252 43790 348 57047
4926 143 24749 113 54498 382 44428 6 67791 15 33377 80 22537 354 57047
4926 143 24749 113 54498 382 44428 6 29427 383 61543 294 49027 236 57047
4926 143 24749 113 54498 382 44428 6 29427 290 17820 100 9176 354 57047
4926 143 24749 113 54498 382 44428 6 29427 342 25928 338 71695 104 57047
4926 143 24749 113 54498 382 44428 6 20626 271 61212 22 9149 348 57047
4926 143 24749 113 54498 382 44428 358 17726 28 52898 65 12244 104 57047
4926 143 24749 113 54498 102 4082 369 33054 277 54310 121 41682 348 57047
4926 143 24749 113 54498 102 4082 369 33054 252 29940 336 26592 348 57047
4926 143 24749 113 54498 102 27423 332 29052 31 7479 103 8361 348 57047
4926 143 24749 113 54498 102 27423 332 23453 31 23042 103 32274 348 57047
4926 143 24749 113 54498 102 27423 332 29064 31 21501 103 39203 348 57047
4926 143 24749 113 54498 102 48083 359 65917 373 36865 356 28985 348 57047
4926 143 24749 113 54498 102 48083 359 65917 373 36865 356 48887 348 57047
4926 143 24749 113 54498 102 52748 332 29061 31 58925 103 39027 348 57047
4926 143 24749 113 54498 300 59812 211 14858 383 39260 103 40296 348 57047
4926 143 24749 113 54498 300 59812 211 14858 383 39260 103 63033 348 57047
4926 143 24749 113 54498 300 59812 211 74546 101 2183 268 65999 348 57047
4926 143 24749 113 54498 256 54168 254 1444 297 38619 142 14947 104 57047
4926 143 24749 113 54498 256 54168 254 1444 142 12323 270 42074 104 57047
4926 143 24749 113 54498 256 54168 254 24058 196 20177 290 54273 348 57047
4926 143 24749 113 54498 256 54168 254 15756 364 33843 103 2805 348 57047
4926 143 24749 113 54498 256 54168 254 15756 364 38790 303 37730 348 57047
4926 143 24749 113 54498 256 54168 254 15756 364 12823 268 39356 348 57047
4926 143 24749 113 54498 256 54168 254 15756 364 36096 103 44369 348 57047
4926 143 24749 113 54498 256 54168 254 60827 398 3193 270 62927 104 57047
4926 143 74349 331 38784 18 65543 288 49024 89 50942 33 3949 166 57047
4926 143 74349 331 38784 18 65543 288 49024 89 50942 33 2059 166 57047
4926 143 24749 113 54498 382 44428 6 67791 15 64351 352 64473 65 22387 104 57047
4926 143 24749 113 54498 382 44428 6 67791 15 64351 352 64473 338 67207 104 57047
