13797 211 23142
13797 211 62223 172 23142
13797 211 62223 105 23142
13797 211 62223 303 23142
13797 211 56638 172 23142
13797 211 56638 249 23142
13797 211 56638 105 23142
13797 211 25762 172 23142
13797 211 13855 172 23142
13797 211 13855 303 23142
13797 211 19813 147 25720 373 23142
13797 211 19813 147 25720 398 23142
13797 211 22748 147 14472 382 23142
13797 211 22748 300 59812 211 23142
13797 211 43545 393 67410 392 23142
13797 211 62223 385 58887 254 23142
13797 211 13658 256 4429 254 23142
13797 211 63705 256 20817 254 23142
13797 211 63705 256 20817 141 23142
13797 211 19813 147 25720 333 36469 217 23142
13797 211 9942 382 46941 141 43936 256 69974 254 23142
13797 211 9942 300 62434 211 70550 300 15652 211 23142
