15652 211 23142
15652 211 70550 300 59812 211 23142
15652 211 70550 252 6067 32 67410 392 23142
15652 211 70550 300 59812 110 56638 172 23142
15652 211 70550 300 59812 110 56638 249 23142
15652 211 70550 300 59812 110 56638 105 23142
15652 211 70550 300 59812 110 62223 172 23142
15652 211 70550 300 59812 110 62223 105 23142
15652 211 70550 300 59812 110 62223 303 23142
15652 211 70550 300 59812 110 25762 172 23142
15652 211 70550 75 33054 277 25720 373 23142
15652 211 70550 75 33054 277 25720 398 23142
15652 211 448 5 74373 217 14472 382 23142
15652 211 70550 300 59812 211 22748 300 13797 211 23142
15652 211 70550 300 59812 211 9025 382 20817 254 23142
15652 211 70550 300 59812 211 9025 382 20817 141 23142
15652 211 70550 300 59812 110 62223 385 58887 254 23142
15652 211 70550 300 59812 110 25762 172 13855 172 23142
15652 211 70550 300 59812 110 25762 172 13855 303 23142
15652 211 70550 300 5604 110 13658 256 4429 254 23142
15652 211 70550 75 33054 277 25720 333 36469 217 23142
15652 211 70550 300 5604 332 43192 205 43936 256 69974 254 23142
