23323 211 14691
23323 211 33697 300 4173 211 14691
23323 211 33697 300 62849 211 14691
23323 211 33697 300 62879 211 14691
23323 211 33697 300 62434 211 14691
23323 211 33697 300 16843 211 14691
23323 211 33697 300 17426 211 14691
23323 211 33697 300 55212 211 14691
23323 211 33697 300 17629 211 14691
23323 211 33697 300 26313 211 14691
23323 211 33697 300 64408 211 14691
23323 211 33697 300 74587 211 14691
23323 211 24058 262 36101 323 14691
23323 211 24058 262 54744 323 14691
23323 211 24058 262 57685 323 14691
23323 211 24058 262 10036 323 14691
23323 211 24058 262 68699 323 14691
23323 211 24058 262 3377 323 14691
23323 211 24058 262 44620 323 14691
23323 211 24058 262 63290 323 14691
23323 211 24058 262 29580 323 14691
23323 211 24058 262 12217 323 14691
23323 211 24058 262 10368 323 14691
23323 211 24058 262 19607 323 14691
23323 211 24058 262 3690 323 14691
23323 211 24058 300 65810 211 14691
23323 211 24058 300 33456 211 14691
23323 211 33697 300 62434 211 67908 241 14691
23323 211 33697 300 62434 211 28369 241 14691
23323 211 24058 262 65297 43 19295 323 14691
23323 211 24058 262 65297 43 20320 323 14691
23323 211 24058 262 65297 43 55523 323 14691
23323 211 24058 262 29580 323 21202 241 14691
23323 211 33697 300 62434 211 67908 313 18855 323 14691
23323 211 33697 300 62434 211 75172 313 16619 323 14691
23323 211 33697 300 62434 211 61774 313 60653 323 14691
23323 211 33697 300 62434 211 61774 313 19567 323 14691
23323 211 33697 300 62434 211 61774 313 46000 323 14691
23323 211 33697 300 62434 211 61774 313 9972 323 14691
23323 211 33697 300 62434 211 61774 313 17688 323 14691
23323 211 33697 300 62434 211 61774 313 54069 323 14691
23323 211 33697 300 62434 211 61774 313 58482 323 14691
23323 211 33697 300 62434 211 61774 313 48926 323 14691
23323 211 33697 300 62434 211 61774 313 68348 323 14691
23323 211 33697 300 62434 211 6495 313 73158 323 14691
23323 211 33697 300 66239 211 72578 313 63852 323 14691
23323 211 24058 262 36101 323 23815 313 47265 323 14691
23323 211 24058 262 36101 323 23815 313 18285 323 14691
23323 211 24058 262 36101 323 23815 313 21680 323 14691
23323 211 24058 262 36101 323 23815 313 1856 323 14691
