59812 211 23142
59812 110 56638 172 23142
59812 110 56638 249 23142
59812 110 56638 105 23142
59812 110 62223 172 23142
59812 110 62223 105 23142
59812 110 62223 303 23142
59812 110 25762 172 23142
59812 211 57577 393 67410 392 23142
59812 211 57577 356 14472 382 23142
59812 211 70550 300 15652 211 23142
59812 211 22748 300 13797 211 23142
59812 211 9025 382 20817 254 23142
59812 211 9025 382 20817 141 23142
59812 110 63849 356 25720 373 23142
59812 110 63849 356 25720 398 23142
59812 110 62223 385 58887 254 23142
59812 110 25762 172 13855 172 23142
59812 110 25762 172 13855 303 23142
59812 211 66837 82 11544 287 36469 217 23142
59812 110 22834 96 13658 256 4429 254 23142
59812 211 52869 57 7925 205 43936 256 69974 254 23142
