59812 211 33922
59812 211 44667 105 27339 172 33922
59812 211 44667 300 62434 211 33922
59812 211 51021 143 37487 113 33922
59812 211 19642 369 33054 277 33922
59812 211 53751 369 15647 277 33922
59812 211 53751 369 3643 277 33922
59812 211 32357 300 62033 211 33922
59812 211 32357 300 74208 211 33922
59812 211 44667 300 62434 211 28369 277 33922
59812 211 19642 369 33054 277 35869 277 33922
59812 211 19642 369 33054 252 47207 277 33922
59812 211 30490 383 69092 294 33856 75 64085 277 33922
59812 211 30490 383 69092 294 33856 75 4786 277 33922
