62033 211 33922
62033 211 32357 105 27339 172 33922
62033 211 32357 300 59812 211 33922
62033 211 32357 300 62434 211 33922
62033 211 32357 300 74208 211 33922
62033 211 32357 369 15647 277 33922
62033 211 32357 369 3643 277 33922
62033 211 32357 75 33054 277 33922
62033 211 58806 143 37487 113 33922
62033 211 32357 300 62434 211 28369 277 33922
62033 211 32357 75 33054 277 35869 277 33922
62033 211 32357 75 33054 252 47207 277 33922
62033 211 32357 383 69092 294 33856 75 64085 277 33922
62033 211 32357 383 69092 294 33856 75 4786 277 33922
