62434 211 63319
62434 211 38128 15 63319
62434 211 38128 398 63319
62434 211 66979 15 63319
62434 211 28806 15 63319
62434 211 28806 6 63319
62434 211 65908 398 49641 398 63319
62434 211 70550 382 10141 6 63319
62434 211 37898 164 69304 15 63319
62434 211 37898 164 69304 6 63319
62434 211 37898 164 69304 398 63319
62434 211 37898 164 45970 6 63319
62434 211 37898 164 45970 398 63319
62434 211 37898 164 74368 398 63319
62434 211 48050 64 9678 15 63319
62434 211 48050 64 9678 398 63319
62434 211 21356 385 44022 15 63319
62434 211 21356 385 44022 398 63319
62434 211 33363 172 52734 172 44534 15 63319
62434 211 33363 172 52734 172 44534 398 63319
62434 211 72079 332 10045 31 61075 6 63319
62434 211 38128 382 2748 6 10519 15 63319
62434 211 38128 382 2748 6 10519 398 63319
62434 211 38128 382 2748 6 1293 398 63319
62434 211 38128 382 2748 6 74492 15 63319
62434 211 38128 382 2748 6 74492 398 63319
62434 211 38128 382 2748 6 26509 15 63319
62434 211 38128 382 2748 6 26509 398 63319
62434 211 38128 382 2748 6 65877 15 63319
62434 211 38128 382 2748 6 65877 398 63319
62434 211 38128 141 31011 164 51209 15 63319
62434 211 38128 141 31011 164 51209 398 63319
62434 211 38128 141 31011 164 44680 398 63319
62434 211 1444 107 24879 315 15252 15 63319
62434 211 32101 296 20492 99 67509 15 63319
62434 252 33054 277 52898 338 24712 15 63319
62434 252 33054 277 52898 338 24712 398 63319
62434 211 18792 382 67689 382 43756 6 52761 15 63319
62434 211 18792 382 67689 382 43756 6 52761 398 63319
