48786 99 10896
48786 99 8511 217 9911 5 10896
48786 99 8511 80 38944 315 10896
48786 99 8511 80 38944 91 10896
48786 99 8511 85 17058 112 10896
48786 99 8511 85 17058 191 10896
48786 99 8511 85 64632 112 10896
48786 99 8511 85 64632 191 10896
48786 99 8511 117 3580 334 10896
48786 99 8511 265 60841 64 10896
48786 99 22832 85 74615 112 10896
48786 99 22832 85 74615 191 10896
48786 99 22832 384 25456 123 10896
48786 99 22832 265 19933 64 10896
48786 99 8511 85 64632 249 4148 64 10896
48786 99 8511 265 60841 161 62261 64 10896
48786 99 8511 147 31011 164 7077 384 3650 123 10896
48786 99 8511 147 31011 164 23800 384 6901 123 10896
48786 99 8511 147 31011 297 61222 231 23640 64 10896
48786 99 8511 147 31011 297 61222 231 61656 123 10896
48786 99 8511 147 31011 297 61222 231 73103 123 10896
48786 99 8511 147 31011 297 61222 20 20249 64 10896
