24058 196 17625
24058 332 10045 31 17625
24058 332 65855 31 17625
24058 332 65853 31 17625
24058 332 29052 31 17625
24058 332 29065 31 17625
24058 332 29064 31 17625
24058 332 23453 31 17625
24058 332 32380 31 17625
24058 332 68334 31 17625
24058 358 51607 28 17625
24058 196 44925 332 65857 31 17625
24058 196 44925 332 29061 31 17625
24058 196 51172 359 57906 102 17625
24058 196 16927 114 33504 155 17625
24058 383 69092 294 5850 13 17625
24058 102 46685 359 54091 102 17625
24058 196 51172 359 57906 102 57449 12 17625
