63966 377 10911
63966 75 27067 32 48502 377 10911
63966 75 27067 32 40326 377 10911
63966 75 27067 32 7790 377 10911
63966 75 27067 32 28575 377 10911
63966 75 27067 32 31371 377 10911
63966 75 27067 32 38944 8 65445 377 10911
63966 75 27067 32 61756 32 30796 212 44842 377 10911
63966 75 27067 32 61756 32 19933 383 50989 377 10911
63966 75 27067 32 23029 383 69092 294 34765 377 10911
63966 75 27067 32 23029 383 69092 294 56275 377 10911
63966 75 27067 32 23029 383 69092 294 48620 377 10911
63966 75 27067 32 23029 383 69092 294 36329 377 10911
63966 75 27067 32 23029 383 69092 294 7101 377 10911
63966 75 27067 32 23029 383 69092 294 36886 377 10911
63966 75 27067 32 23029 383 69092 294 28548 377 10911
63966 75 27067 32 23029 383 69092 294 71354 377 10911
63966 75 27067 32 23029 383 69092 294 66942 377 10911
63966 75 27067 32 23029 383 69092 294 59758 377 10911
63966 75 27067 32 23029 383 69092 294 75274 377 10911
63966 75 27067 32 23029 332 10045 31 57526 377 10911
63966 75 27067 32 23029 332 23453 31 47026 377 10911
63966 75 27067 32 23029 332 29065 31 74234 377 10911
63966 75 27067 32 23029 332 29065 31 22717 377 10911
63966 75 27067 32 23029 297 61222 231 69610 377 10911
63966 75 27067 32 19499 369 14859 75 43833 377 10911
63966 75 27067 32 70019 151 25372 146 13510 377 10911
63966 75 27067 32 59167 94 32131 50 6289 377 10911
63966 75 27067 32 1444 297 56340 75 1098 377 10911
63966 75 27067 32 5869 114 21553 155 53230 377 10911
63966 75 27067 32 19694 277 55164 298 34258 377 10911
63966 75 27067 32 19694 322 21531 92 28744 377 10911
63966 75 27067 32 13691 294 14858 75 68918 377 10911
63966 75 27067 32 13691 294 14858 75 14 377 10911
63966 75 27067 32 15756 383 22668 294 1008 377 10911
63966 75 27067 32 15756 339 23785 383 31458 377 10911
63966 75 27067 32 61365 94 9013 36 44555 377 10911
63966 75 27067 32 65908 290 66455 155 29457 377 10911
63966 75 27067 32 61756 290 72858 155 20177 146 49788 377 10911
63966 75 27067 32 61756 290 72858 155 19847 84 28343 377 10911
63966 75 27067 32 61756 290 72858 155 19847 84 73212 377 10911
63966 75 27067 32 61756 290 72858 155 19847 84 66126 377 10911
63966 75 27067 32 61756 290 72858 155 19847 84 74917 377 10911
63966 75 27067 32 61756 290 72858 155 19847 298 39216 377 10911
63966 75 27067 32 61756 290 72858 155 19847 50 4735 377 10911
63966 75 27067 32 61756 290 72858 155 19847 50 71505 377 10911
63966 75 27067 32 61756 290 72858 155 19847 50 1587 377 10911
63966 75 27067 32 61756 290 72858 155 19847 50 20407 377 10911
63966 75 27067 32 61756 290 72858 100 22041 146 39837 377 10911
63966 75 27067 32 61756 290 72858 100 9755 50 7521 377 10911
63966 75 27067 32 61756 290 72858 100 20503 298 40877 377 10911
63966 75 27067 32 61756 290 72858 100 20503 298 17641 377 10911
63966 75 27067 32 61756 290 72858 100 20503 50 33035 377 10911
63966 75 27067 32 61756 290 72858 100 20503 50 37468 377 10911
63966 75 27067 32 61756 290 72858 100 13075 146 64128 377 10911
63966 75 27067 32 61756 290 72858 100 54185 8 19838 377 10911
63966 75 27067 32 61756 290 72858 100 17121 146 17773 377 10911
63966 75 27067 32 61756 290 72858 100 11992 70 770 377 10911
63966 75 27067 32 61756 290 72858 100 57616 208 43144 377 10911
63966 75 27067 32 61756 290 72858 100 75101 50 64035 377 10911
63966 75 27067 32 61756 8 16686 25 23889 146 25129 377 10911
63966 75 27067 32 61756 8 16686 25 68880 146 32669 377 10911
63966 75 27067 32 61756 8 16686 25 75196 208 71838 377 10911
63966 75 27067 32 61756 72 60562 20 49027 178 15443 377 10911
63966 75 27067 32 23029 383 69092 294 6714 180 10392 377 10911
63966 75 27067 32 23029 332 65855 31 16613 146 27600 377 10911
63966 75 27067 32 23029 332 29052 31 9025 28 47975 377 10911
63966 75 27067 32 23029 332 29065 31 28033 146 33398 377 10911
63966 75 27067 32 23029 332 29064 31 26654 146 65658 377 10911
63966 75 27067 32 23029 332 32380 31 33390 146 6664 377 10911
63966 75 27067 32 23029 297 61222 231 43225 146 19501 377 10911
63966 75 27067 32 21458 342 64632 249 9068 155 58593 377 10911
63966 75 27067 32 5869 114 21553 100 3168 146 28000 377 10911
63966 75 27067 32 5869 114 21553 100 44527 146 46199 377 10911
63966 75 27067 32 61756 290 72858 100 37672 8 23517 139 60273 377 10911
63966 75 27067 32 61756 290 72858 397 32937 339 37333 277 49210 377 10911
63966 75 27067 32 61756 290 72858 397 32937 339 48590 277 52773 377 10911
63966 75 27067 32 23029 383 69092 294 32415 344 1854 225 63467 377 10911
63966 75 27067 32 23029 332 65853 31 64880 277 47970 151 70957 377 10911
63966 75 27067 32 23029 294 73838 52 46068 240 3299 146 16390 377 10911
63966 75 27067 32 67526 72 20249 272 14095 118 54437 329 14085 377 10911
