19642 256 54168
19642 147 39108 164 67791 256 54168
19642 147 39108 164 46239 256 54168
19642 147 39108 164 18597 256 54168
19642 300 62434 211 72079 256 54168
19642 300 62434 211 72079 385 54168
19642 300 62434 211 4701 385 54168
19642 300 62434 211 66494 256 54168
19642 300 62434 211 66245 256 54168
19642 300 62434 211 44079 256 54168
19642 300 62434 211 65908 256 54168
19642 300 62434 211 45140 256 54168
19642 300 62434 211 66166 256 54168
19642 300 62434 211 32830 256 54168
19642 300 62434 211 15994 256 54168
19642 300 62434 211 70550 256 54168
19642 300 62434 211 70550 385 54168
19642 300 62434 211 74935 256 54168
19642 300 62434 211 51172 256 54168
19642 300 62434 211 9561 256 54168
19642 300 62434 211 37898 256 54168
19642 300 62434 211 1444 256 54168
19642 300 62434 211 75367 256 54168
19642 300 62434 211 18267 256 54168
19642 300 62434 211 58140 256 54168
19642 300 62434 211 23105 256 54168
19642 300 62434 211 34594 256 54168
19642 300 62434 211 34594 271 54168
19642 300 62434 211 57681 256 54168
19642 300 62434 211 74585 256 54168
19642 300 62434 211 15020 256 54168
19642 300 62434 211 24058 256 54168
19642 300 62434 211 66747 256 54168
19642 300 62434 211 4848 256 54168
19642 300 62434 211 4848 385 54168
19642 300 62434 211 52683 256 54168
19642 300 62434 211 52683 385 54168
19642 300 62434 211 48726 256 54168
19642 300 62434 211 71525 256 54168
19642 300 62434 211 11257 256 54168
19642 300 62434 211 11257 385 54168
19642 300 62434 211 40951 256 54168
19642 300 62434 211 16381 256 54168
19642 300 62434 211 5956 256 54168
19642 300 62434 211 44741 256 54168
19642 300 62434 211 37302 256 54168
19642 300 62434 211 61481 256 54168
19642 300 62434 211 1105 256 54168
19642 300 62434 211 59152 256 54168
19642 300 62434 211 1600 256 54168
19642 300 62434 211 1600 385 54168
19642 300 62434 211 59822 256 54168
19642 300 62434 211 17692 256 54168
19642 300 62434 211 2060 256 54168
19642 300 62434 211 40637 256 54168
19642 300 62434 211 73393 256 54168
19642 300 62434 211 28806 256 54168
19642 300 62434 211 25264 256 54168
19642 300 62434 211 28376 256 54168
19642 300 62434 211 58806 256 54168
19642 300 62434 211 47724 256 54168
19642 300 62434 211 64590 256 54168
19642 300 62434 211 15756 256 54168
19642 300 62434 211 63472 256 54168
19642 300 62434 211 63472 385 54168
19642 300 62434 211 73239 256 54168
19642 300 62434 211 73239 271 54168
19642 300 62434 211 73239 385 54168
19642 300 62434 211 60258 256 54168
19642 300 62434 211 31910 385 54168
19642 300 62434 211 31910 256 54168
19642 300 62434 211 33731 256 54168
19642 300 62434 211 65931 256 54168
19642 300 62434 211 30666 256 54168
19642 300 62434 211 54333 385 54168
19642 300 62434 211 54333 256 54168
19642 300 59812 211 30884 256 54168
19642 300 59812 211 43754 256 54168
19642 300 59812 211 36050 256 54168
19642 300 59812 211 68441 256 54168
19642 300 59812 211 14740 256 54168
19642 300 59812 211 54498 256 54168
19642 300 59812 211 43173 256 54168
19642 300 59812 211 43173 385 54168
19642 300 59812 211 11017 256 54168
19642 300 59812 211 64073 256 54168
19642 300 59812 211 18362 256 54168
19642 300 59812 211 64545 256 54168
19642 369 33054 277 12741 256 54168
19642 369 33054 277 12741 385 54168
19642 369 33054 277 19162 256 54168
19642 369 33054 277 19162 385 54168
19642 369 33054 277 64947 256 54168
19642 369 33054 277 64335 256 54168
19642 369 33054 277 48778 256 54168
19642 369 33054 252 34525 256 54168
19642 369 33054 252 15927 385 54168
19642 369 33054 32 32512 256 54168
19642 369 33054 32 34324 256 54168
19642 369 33054 32 7747 256 54168
19642 369 33054 32 7747 385 54168
19642 369 33054 32 29427 385 54168
19642 369 33054 32 29427 256 54168
19642 147 39108 164 17570 217 59220 256 54168
19642 147 39108 164 17570 217 59220 385 54168
19642 147 39108 164 19514 15 55044 256 54168
19642 147 39108 164 19514 15 55044 385 54168
19642 147 39108 164 19514 15 67094 256 54168
19642 147 39108 164 57936 254 42693 256 54168
19642 147 39108 164 57936 254 42693 385 54168
19642 147 39108 164 57936 254 41959 256 54168
19642 147 39108 164 57936 254 41959 385 54168
19642 147 39108 164 57936 254 9696 256 54168
19642 147 39108 164 57936 254 9696 385 54168
19642 147 39108 164 57936 254 35781 256 54168
19642 147 39108 164 72687 147 31011 385 54168
19642 147 39108 164 72687 147 31011 256 54168
19642 147 39108 164 72687 217 75212 256 54168
19642 147 39108 164 72687 217 75212 385 54168
19642 147 39108 164 72687 85 17058 112 54168
19642 147 39108 164 72687 85 17058 191 54168
19642 147 39108 164 18597 373 44399 256 54168
19642 147 39108 164 18597 373 27479 256 54168
19642 147 39108 164 18597 373 366 256 54168
19642 147 39108 164 18597 373 60170 256 54168
19642 147 39108 164 18597 373 74887 256 54168
19642 147 39108 164 18597 373 20689 256 54168
19642 147 39108 164 18597 373 20689 271 54168
19642 147 39108 164 18597 373 20689 385 54168
19642 147 39108 164 18597 373 21330 256 54168
19642 147 39108 164 18597 373 21330 385 54168
19642 147 39108 164 18597 373 49565 256 54168
19642 147 39108 164 18597 373 49565 385 54168
19642 147 39108 164 18597 373 42205 256 54168
19642 147 39108 164 18597 373 19766 256 54168
19642 147 39108 164 18597 373 19766 385 54168
19642 147 39108 164 18597 373 46549 256 54168
19642 147 39108 164 18597 373 69702 256 54168
19642 147 39108 164 18597 373 69702 385 54168
19642 147 39108 164 18597 373 34139 256 54168
19642 147 39108 164 18597 373 52577 256 54168
19642 147 39108 164 18597 373 52577 271 54168
19642 147 39108 164 18597 373 52577 385 54168
19642 147 39108 164 18597 373 20846 256 54168
19642 147 39108 164 18597 373 20846 271 54168
19642 147 39108 164 18597 373 1524 256 54168
19642 147 39108 164 18597 373 1524 385 54168
19642 147 39108 164 18597 15 49424 256 54168
19642 147 39108 164 18597 382 9367 256 54168
19642 147 39108 164 64351 104 71850 256 54168
19642 147 39108 164 8487 104 72636 256 54168
19642 147 39108 164 33377 37 22668 91 54168
19642 147 39108 164 70739 15 73714 256 54168
19642 147 39108 164 70739 15 73714 385 54168
19642 147 39108 164 39737 15 25233 256 54168
19642 147 39108 164 39737 15 25233 271 54168
19642 147 39108 164 39737 15 25233 385 54168
19642 147 39108 164 39737 15 60827 256 54168
19642 147 39108 164 39737 15 60827 385 54168
19642 147 39108 5 68575 379 1483 88 54168
19642 147 39108 256 22878 254 16008 256 54168
19642 147 39108 256 29063 254 10048 256 54168
19642 300 62434 211 38128 147 14297 256 54168
19642 300 62434 211 38128 141 20749 256 54168
19642 300 62434 211 38348 196 53393 256 54168
19642 300 62434 211 26537 358 64880 385 54168
19642 300 62434 211 45140 356 11860 256 54168
19642 300 62434 211 53751 255 32487 256 54168
19642 300 62434 211 53751 255 13251 256 54168
19642 300 62434 211 53751 255 4713 256 54168
19642 300 62434 211 53751 255 49761 385 54168
19642 300 62434 211 53751 255 2 256 54168
19642 300 62434 211 24058 196 33689 256 54168
19642 300 62434 211 24058 196 8453 256 54168
19642 300 62434 211 24058 277 36041 256 54168
19642 300 62434 211 44084 359 34351 256 54168
19642 300 62434 211 21109 155 34502 256 54168
19642 300 62434 211 21109 155 67240 256 54168
19642 300 62434 211 21109 155 67240 271 54168
19642 300 62434 211 21109 155 19215 256 54168
19642 300 62434 211 61434 356 3616 256 54168
19642 300 62434 211 61434 356 73969 256 54168
19642 300 62434 211 28806 6 6313 256 54168
19642 300 62434 211 28806 6 6313 385 54168
19642 300 62434 211 48050 294 73838 256 54168
19642 300 62434 211 48050 294 73838 271 54168
19642 300 62434 211 28376 101 52246 256 54168
19642 300 62434 211 28376 101 52246 385 54168
19642 300 62434 211 28376 101 20470 256 54168
19642 300 62434 211 32131 126 42770 256 54168
19642 300 62434 211 32131 126 6576 256 54168
19642 300 62434 211 32131 126 58402 256 54168
19642 300 62434 211 32131 126 46288 256 54168
19642 300 62434 211 50528 373 44531 256 54168
19642 300 62434 211 50528 373 44531 385 54168
19642 300 62434 211 47724 282 12445 256 54168
19642 300 62434 211 47724 282 20810 271 54168
19642 300 62434 211 47724 95 58486 271 54168
19642 300 62434 211 47724 95 58486 256 54168
19642 300 62434 211 40314 52 42088 256 54168
19642 300 62434 211 40314 52 3581 256 54168
19642 300 62434 211 8456 365 22105 256 54168
19642 300 62434 211 15756 364 48552 256 54168
19642 300 62434 211 15756 364 26127 256 54168
19642 300 62434 211 15756 364 26127 271 54168
19642 300 62434 211 15756 364 25539 256 54168
19642 300 62434 211 15756 364 25539 271 54168
19642 300 62434 211 15756 364 25539 385 54168
19642 300 62434 211 53175 96 72579 256 54168
19642 300 62434 211 63472 103 52085 256 54168
19642 300 62434 211 63472 103 52085 271 54168
19642 300 62434 211 63472 103 15711 256 54168
19642 300 62434 211 63472 103 15711 271 54168
19642 300 62434 211 63472 103 15711 385 54168
19642 300 62434 211 63472 103 42616 256 54168
19642 300 62434 211 63472 103 42616 385 54168
19642 300 62434 211 21356 155 3042 256 54168
19642 369 33054 277 42618 6 8505 256 54168
19642 369 33054 277 42618 6 8505 385 54168
19642 369 33054 277 36156 359 71837 256 54168
19642 369 33054 277 25928 342 11786 256 54168
19642 369 33054 277 25928 342 11786 271 54168
19642 369 33054 277 25928 342 11786 385 54168
19642 369 33054 277 25928 303 26823 256 54168
19642 369 33054 277 25928 303 26823 271 54168
19642 369 33054 277 60841 75 51405 256 54168
19642 369 33054 277 34687 303 39117 256 54168
19642 369 33054 277 34687 303 39117 385 54168
19642 369 33054 277 54310 121 15204 256 54168
19642 369 33054 277 32929 157 55455 256 54168
19642 369 33054 252 73217 303 69494 256 54168
19642 369 33054 252 73217 303 69494 271 54168
19642 369 33054 252 73217 303 69494 385 54168
19642 369 33054 252 65861 31 53103 256 54168
19642 369 33054 252 65856 31 5754 256 54168
19642 369 33054 252 65856 31 70604 256 54168
19642 369 33054 252 65856 31 29358 256 54168
19642 369 33054 252 65856 31 14216 256 54168
19642 369 33054 252 65856 31 5019 271 54168
19642 369 33054 252 65856 31 5019 256 54168
19642 369 33054 252 65856 31 5019 396 54168
19642 369 33054 252 65856 31 5019 385 54168
19642 369 33054 252 65856 31 19870 256 54168
19642 369 33054 252 65856 31 19870 271 54168
19642 369 33054 252 65856 31 19870 385 54168
19642 369 33054 252 65857 31 50024 256 54168
19642 369 33054 252 65857 31 1279 256 54168
19642 369 33054 252 65857 31 47505 256 54168
19642 369 33054 252 65857 31 61962 256 54168
19642 369 33054 252 11600 277 41210 256 54168
19642 369 33054 332 29052 31 25226 256 54168
19642 369 33054 332 29052 31 74298 256 54168
19642 369 33054 332 29052 31 63135 256 54168
19642 369 33054 332 29052 31 14385 256 54168
19642 369 33054 332 29052 31 26019 256 54168
19642 369 33054 32 60885 359 58853 256 54168
19642 369 33054 32 60885 359 13518 256 54168
19642 369 33054 32 29427 114 63077 256 54168
19642 369 33054 32 29427 126 24837 385 54168
19642 369 33054 32 29427 126 24837 256 54168
19642 369 33054 32 29427 126 65052 385 54168
19642 147 39108 164 19514 15 18045 217 37530 385 54168
19642 147 39108 164 19514 15 18045 217 37530 256 54168
19642 147 39108 164 19514 382 44428 6 11652 256 54168
19642 147 39108 164 19514 382 44428 6 11652 385 54168
19642 147 39108 164 67791 300 66239 211 46350 256 54168
19642 147 39108 164 67791 300 66239 211 40002 256 54168
19642 147 39108 164 67791 300 66239 211 40002 271 54168
19642 147 39108 164 67791 300 66239 211 31989 385 54168
19642 147 39108 164 67791 300 66239 211 31989 256 54168
19642 147 39108 164 67791 297 61222 231 10970 256 54168
19642 147 39108 164 67791 297 61222 231 35201 256 54168
19642 147 39108 164 67791 297 61222 231 18715 256 54168
19642 147 39108 164 66979 300 17629 211 14557 271 54168
19642 147 39108 164 57936 6 21435 22 8133 256 54168
19642 147 39108 164 57936 6 21435 22 39548 256 54168
19642 147 39108 164 57936 6 21435 22 39548 385 54168
19642 147 39108 164 57936 6 21435 22 60011 256 54168
19642 147 39108 164 72687 130 63974 6 32655 256 54168
19642 147 39108 164 11565 383 69092 294 46913 256 54168
19642 147 39108 164 11565 383 69092 294 9479 256 54168
19642 147 39108 164 11565 332 65853 31 31609 256 54168
19642 147 39108 164 11565 332 29065 31 51543 256 54168
19642 147 39108 164 11565 332 29065 31 54657 256 54168
19642 147 39108 164 11565 332 29065 31 54657 271 54168
19642 147 39108 164 11565 332 29065 31 54657 385 54168
19642 147 39108 164 18597 373 1524 342 41878 256 54168
19642 147 39108 164 18597 373 1524 342 41878 271 54168
19642 147 39108 164 69820 332 29061 31 34402 256 54168
19642 147 39108 164 64351 104 57047 364 40414 256 54168
19642 147 39108 164 64351 104 57047 364 40414 385 54168
19642 147 39108 164 64351 104 57047 364 21830 256 54168
19642 147 39108 164 64351 104 57047 364 19511 256 54168
19642 147 39108 164 64351 104 57047 364 19511 385 54168
19642 147 39108 164 64351 104 57047 364 13515 256 54168
19642 147 39108 164 64351 104 57047 364 13515 271 54168
19642 147 39108 164 64351 104 57047 364 57433 256 54168
19642 147 39108 164 64351 104 57047 364 36861 256 54168
19642 147 39108 164 64351 104 57047 364 36861 271 54168
19642 147 39108 164 36992 202 23785 277 36503 256 54168
19642 147 39108 256 29063 202 25986 75 50262 256 54168
19642 300 62434 211 33363 105 27339 172 26983 256 54168
19642 300 62434 211 33363 105 27339 172 66266 256 54168
19642 300 62434 211 72079 382 429 6 32245 256 54168
19642 300 62434 211 72079 382 429 6 32245 385 54168
19642 300 62434 211 72079 271 51246 130 59754 256 54168
19642 300 62434 211 72079 271 51246 130 62331 271 54168
19642 300 62434 211 72079 271 51246 130 62331 256 54168
19642 300 62434 211 45264 369 22958 277 60845 256 54168
19642 300 62434 211 45264 369 22958 277 60845 385 54168
19642 300 62434 211 10831 143 69742 113 65601 256 54168
19642 300 62434 211 10831 143 69742 113 56692 256 54168
19642 300 62434 211 66494 105 63771 172 34844 256 54168
19642 300 62434 211 73460 28 73592 277 11202 256 54168
19642 300 62434 211 73460 28 73592 277 26681 256 54168
19642 300 62434 211 70550 15 480 6 6909 256 54168
19642 300 62434 211 70550 15 480 147 58581 256 54168
19642 300 62434 211 70550 15 480 147 58581 385 54168
19642 300 62434 211 51172 57 69354 205 14003 256 54168
19642 300 62434 211 53751 105 30112 382 58862 256 54168
19642 300 62434 211 58804 397 59413 282 44046 256 54168
19642 300 62434 211 24058 114 33951 114 14235 256 54168
19642 300 62434 211 48050 294 73838 52 68008 256 54168
19642 300 62434 211 48050 294 73838 52 68008 271 54168
19642 300 62434 211 15756 222 31537 217 54430 385 54168
19642 300 62434 211 15756 222 31537 217 54430 256 54168
19642 369 33054 277 68072 382 24642 217 20238 385 54168
19642 369 33054 277 68072 382 24642 217 20238 256 54168
19642 147 39108 164 72687 85 17058 214 41980 121 35053 256 54168
19642 300 62434 211 28376 358 30355 358 45029 130 51762 256 54168
