25226 256 54168
25226 332 29052 31 72079 256 54168
25226 332 29052 31 72079 385 54168
25226 332 29052 31 64880 385 54168
25226 332 29052 31 50024 256 54168
25226 332 29052 31 74298 256 54168
25226 332 29052 31 66245 256 54168
25226 332 29052 31 44399 256 54168
25226 332 29052 31 12741 256 54168
25226 332 29052 31 12741 385 54168
25226 332 29052 31 65908 256 54168
25226 332 29052 31 45140 256 54168
25226 332 29052 31 32830 256 54168
25226 332 29052 31 70550 256 54168
25226 332 29052 31 70550 385 54168
25226 332 29052 31 366 256 54168
25226 332 29052 31 1279 256 54168
25226 332 29052 31 51172 256 54168
25226 332 29052 31 1444 256 54168
25226 332 29052 31 32512 256 54168
25226 332 29052 31 6576 256 54168
25226 332 29052 31 47505 256 54168
25226 332 29052 31 74887 256 54168
25226 332 29052 31 58140 256 54168
25226 332 29052 31 63135 256 54168
25226 332 29052 31 14385 256 54168
25226 332 29052 31 42693 256 54168
25226 332 29052 31 42693 385 54168
25226 332 29052 31 29358 256 54168
25226 332 29052 31 59220 256 54168
25226 332 29052 31 59220 385 54168
25226 332 29052 31 24058 256 54168
25226 332 29052 31 75212 256 54168
25226 332 29052 31 75212 385 54168
25226 332 29052 31 48726 256 54168
25226 332 29052 31 14740 256 54168
25226 332 29052 31 71525 256 54168
25226 332 29052 31 11257 256 54168
25226 332 29052 31 11257 385 54168
25226 332 29052 31 21330 256 54168
25226 332 29052 31 21330 385 54168
25226 332 29052 31 40951 256 54168
25226 332 29052 31 39117 256 54168
25226 332 29052 31 39117 385 54168
25226 332 29052 31 64335 256 54168
25226 332 29052 31 26019 256 54168
25226 332 29052 31 9696 256 54168
25226 332 29052 31 9696 385 54168
25226 332 29052 31 18362 256 54168
25226 332 29052 31 1600 256 54168
25226 332 29052 31 1600 385 54168
25226 332 29052 31 53103 256 54168
25226 332 29052 31 17692 256 54168
25226 332 29052 31 40637 256 54168
25226 332 29052 31 14216 256 54168
25226 332 29052 31 46549 256 54168
25226 332 29052 31 28376 256 54168
25226 332 29052 31 58806 256 54168
25226 332 29052 31 29427 385 54168
25226 332 29052 31 29427 256 54168
25226 332 29052 31 3042 256 54168
25226 332 29052 31 22105 256 54168
25226 332 29052 31 36041 256 54168
25226 332 29052 31 72636 256 54168
25226 332 29052 31 61962 256 54168
25226 332 29052 31 64590 256 54168
25226 332 29052 31 3581 256 54168
25226 332 29052 31 25233 256 54168
25226 332 29052 31 25233 271 54168
25226 332 29052 31 25233 385 54168
25226 332 29052 31 52577 256 54168
25226 332 29052 31 52577 271 54168
25226 332 29052 31 52577 385 54168
25226 332 29052 31 1524 256 54168
25226 332 29052 31 1524 385 54168
25226 332 29052 31 19870 256 54168
25226 332 29052 31 19870 271 54168
25226 332 29052 31 19870 385 54168
25226 332 29052 31 15927 385 54168
25226 332 29052 31 31910 385 54168
25226 332 29052 31 31910 256 54168
25226 332 29052 31 33731 256 54168
25226 332 29052 31 48778 256 54168
25226 332 29052 31 72079 373 20689 256 54168
25226 332 29052 31 72079 373 20689 271 54168
25226 332 29052 31 72079 373 20689 385 54168
25226 332 29052 31 72079 373 23105 256 54168
25226 332 29052 31 72079 268 63472 256 54168
25226 332 29052 31 72079 268 63472 385 54168
25226 332 29052 31 64880 397 47724 256 54168
25226 332 29052 31 12203 356 18597 256 54168
25226 332 29052 31 27423 359 54498 256 54168
25226 332 29052 31 30490 249 65931 256 54168
25226 332 29052 31 54334 359 71837 256 54168
25226 332 29052 31 4830 383 71850 256 54168
25226 332 29052 31 45140 356 11860 256 54168
25226 332 29052 31 24865 303 20470 256 54168
25226 332 29052 31 24865 303 11786 256 54168
25226 332 29052 31 24865 303 11786 271 54168
25226 332 29052 31 24865 303 11786 385 54168
25226 332 29052 31 24865 303 19766 256 54168
25226 332 29052 31 24865 303 19766 385 54168
25226 332 29052 31 42618 6 8505 256 54168
25226 332 29052 31 42618 6 8505 385 54168
25226 332 29052 31 42618 6 73239 256 54168
25226 332 29052 31 42618 6 73239 271 54168
25226 332 29052 31 42618 6 73239 385 54168
25226 332 29052 31 6934 359 58853 256 54168
25226 332 29052 31 6934 359 15994 256 54168
25226 332 29052 31 6934 359 34324 256 54168
25226 332 29052 31 6934 359 66747 256 54168
25226 332 29052 31 69841 75 34525 256 54168
25226 332 29052 31 69841 114 64073 256 54168
25226 332 29052 31 1444 382 28806 256 54168
25226 332 29052 31 1444 164 9367 256 54168
25226 332 29052 31 57305 294 73838 256 54168
25226 332 29052 31 57305 294 73838 271 54168
25226 332 29052 31 67997 348 15756 256 54168
25226 332 29052 31 59220 164 73714 256 54168
25226 332 29052 31 59220 164 73714 385 54168
25226 332 29052 31 59220 164 60827 256 54168
25226 332 29052 31 59220 164 60827 385 54168
25226 332 29052 31 59220 164 67094 256 54168
25226 332 29052 31 59220 15 67791 256 54168
25226 332 29052 31 33054 277 19642 256 54168
25226 332 29052 31 33054 277 19162 256 54168
25226 332 29052 31 33054 277 19162 385 54168
25226 332 29052 31 33054 277 64947 256 54168
25226 332 29052 31 33054 252 54333 385 54168
25226 332 29052 31 33054 252 54333 256 54168
25226 332 29052 31 33054 32 7747 256 54168
25226 332 29052 31 33054 32 7747 385 54168
25226 332 29052 31 33054 32 52683 256 54168
25226 332 29052 31 33054 32 52683 385 54168
25226 332 29052 31 24058 196 33689 256 54168
25226 332 29052 31 24058 196 53393 256 54168
25226 332 29052 31 24058 196 8453 256 54168
25226 332 29052 31 39520 114 49761 385 54168
25226 332 29052 31 22772 252 42770 256 54168
25226 332 29052 31 22772 22 37302 256 54168
25226 332 29052 31 22772 22 18715 256 54168
25226 332 29052 31 33373 356 1105 256 54168
25226 332 29052 31 39117 101 52246 256 54168
25226 332 29052 31 39117 101 52246 385 54168
25226 332 29052 31 49073 37 22668 91 54168
25226 332 29052 31 49073 379 1483 88 54168
25226 332 29052 31 49073 374 17058 112 54168
25226 332 29052 31 49073 374 17058 191 54168
25226 332 29052 31 63040 359 34351 256 54168
25226 332 29052 31 1929 211 64545 256 54168
25226 332 29052 31 25928 342 52085 256 54168
25226 332 29052 31 25928 342 52085 271 54168
25226 332 29052 31 25928 303 26823 256 54168
25226 332 29052 31 25928 303 26823 271 54168
25226 332 29052 31 46549 164 49424 256 54168
25226 332 29052 31 14859 277 19215 256 54168
25226 332 29052 31 19933 252 51405 256 54168
25226 332 29052 31 9013 298 16008 256 54168
25226 332 29052 31 58806 147 68441 256 54168
25226 332 29052 31 19847 294 31011 385 54168
25226 332 29052 31 19847 294 31011 256 54168
25226 332 29052 31 29427 114 63077 256 54168
25226 332 29052 31 29427 126 70604 256 54168
25226 332 29052 31 29427 126 5019 271 54168
25226 332 29052 31 29427 126 5019 256 54168
25226 332 29052 31 29427 126 5019 396 54168
25226 332 29052 31 29427 126 5019 385 54168
25226 332 29052 31 29427 126 24837 385 54168
25226 332 29052 31 29427 126 24837 256 54168
25226 332 29052 31 29427 126 65052 385 54168
25226 332 29052 31 29427 290 58402 256 54168
25226 332 29052 31 40298 114 58486 271 54168
25226 332 29052 31 40298 114 58486 256 54168
25226 332 29052 31 59413 282 44046 256 54168
25226 332 29052 31 59413 282 12445 256 54168
25226 332 29052 31 59413 282 20810 271 54168
25226 332 29052 31 59413 282 73969 256 54168
25226 332 29052 31 40314 52 42088 256 54168
25226 332 29052 31 5466 93 60170 256 54168
25226 332 29052 31 54310 121 15204 256 54168
25226 332 29052 31 5604 211 59822 256 54168
25226 332 29052 31 32929 157 55455 256 54168
25226 332 29052 31 1524 268 42616 256 54168
25226 332 29052 31 1524 268 42616 385 54168
25226 332 29052 31 1524 342 41878 256 54168
25226 332 29052 31 1524 342 41878 271 54168
25226 332 29052 369 69092 114 9561 256 54168
25226 332 29052 369 69092 294 44741 256 54168
25226 332 29052 369 69092 294 46913 256 54168
25226 332 29052 369 69092 294 9479 256 54168
25226 332 29052 369 69092 294 2060 256 54168
25226 332 29052 369 69092 294 34594 256 54168
25226 332 29052 369 69092 294 34594 271 54168
25226 332 29052 369 69092 294 30666 256 54168
25226 332 29052 369 69092 294 11017 256 54168
25226 332 29052 369 69092 294 6313 256 54168
25226 332 29052 369 69092 294 6313 385 54168
25226 332 29052 31 34575 332 65855 31 69494 256 54168
25226 332 29052 31 34575 332 65855 31 69494 271 54168
25226 332 29052 31 34575 332 65855 31 69494 385 54168
25226 332 29052 31 34575 332 65855 31 46350 256 54168
25226 332 29052 31 34575 332 65855 31 5754 256 54168
25226 332 29052 31 34575 332 65855 31 59152 256 54168
25226 332 29052 31 34575 332 65853 31 2 256 54168
25226 332 29052 31 34575 332 65853 31 11652 256 54168
25226 332 29052 31 34575 332 65853 31 11652 385 54168
25226 332 29052 31 34575 332 65853 31 31609 256 54168
25226 332 29052 31 34575 332 23453 31 66166 256 54168
25226 332 29052 31 34575 332 23453 31 36050 256 54168
25226 332 29052 31 34575 332 23453 31 48552 256 54168
25226 332 29052 31 34575 332 23453 31 8133 256 54168
25226 332 29052 31 34575 332 23453 31 54657 256 54168
25226 332 29052 31 34575 332 23453 31 54657 271 54168
25226 332 29052 31 34575 332 23453 31 54657 385 54168
25226 332 29052 31 34575 332 29065 31 51543 256 54168
25226 332 29052 31 15024 332 29064 31 35201 256 54168
25226 332 29052 31 15024 332 29064 31 40002 256 54168
25226 332 29052 31 15024 332 29064 31 40002 271 54168
25226 332 29052 31 15024 332 29061 31 34402 256 54168
25226 332 29052 31 15024 6 38128 147 14297 256 54168
25226 332 29052 31 15024 6 38128 141 20749 256 54168
25226 332 29052 31 70136 332 7925 205 14003 256 54168
25226 332 29052 31 62011 336 14504 255 13251 256 54168
25226 332 29052 31 62011 336 53751 255 32487 256 54168
25226 332 29052 31 62011 336 53751 255 4713 256 54168
25226 332 29052 31 65268 72 67410 392 43173 256 54168
25226 332 29052 31 65268 72 67410 392 43173 385 54168
25226 332 29052 31 72079 105 27339 172 43754 256 54168
25226 332 29052 31 72079 105 27339 172 26983 256 54168
25226 332 29052 31 72079 105 27339 172 66266 256 54168
25226 332 29052 31 72079 382 429 6 55044 256 54168
25226 332 29052 31 72079 382 429 6 55044 385 54168
25226 332 29052 31 72079 382 429 6 32245 256 54168
25226 332 29052 31 72079 382 429 6 32245 385 54168
25226 332 29052 31 72079 382 429 6 15711 256 54168
25226 332 29052 31 72079 382 429 6 15711 271 54168
25226 332 29052 31 72079 382 429 6 15711 385 54168
25226 332 29052 31 72079 382 65513 6 3616 256 54168
25226 332 29052 31 72079 300 66239 211 31989 385 54168
25226 332 29052 31 72079 300 66239 211 31989 256 54168
25226 332 29052 31 72079 300 62434 211 4701 385 54168
25226 332 29052 31 72079 300 62434 211 66494 256 54168
25226 332 29052 31 72079 300 62434 211 44079 256 54168
25226 332 29052 31 72079 300 62434 211 74935 256 54168
25226 332 29052 31 72079 300 62434 211 37898 256 54168
25226 332 29052 31 72079 300 62434 211 75367 256 54168
25226 332 29052 31 72079 300 62434 211 18267 256 54168
25226 332 29052 31 72079 300 62434 211 57681 256 54168
25226 332 29052 31 72079 300 62434 211 74585 256 54168
25226 332 29052 31 72079 300 62434 211 15020 256 54168
25226 332 29052 31 72079 300 62434 211 4848 256 54168
25226 332 29052 31 72079 300 62434 211 4848 385 54168
25226 332 29052 31 72079 300 62434 211 16381 256 54168
25226 332 29052 31 72079 300 62434 211 5956 256 54168
25226 332 29052 31 72079 300 62434 211 61481 256 54168
25226 332 29052 31 72079 300 62434 211 46239 256 54168
25226 332 29052 31 72079 300 62434 211 73393 256 54168
25226 332 29052 31 72079 300 62434 211 25264 256 54168
25226 332 29052 31 72079 300 62434 211 60258 256 54168
25226 332 29052 31 72079 256 29063 254 10048 256 54168
25226 332 29052 31 72079 373 20689 356 20846 256 54168
25226 332 29052 31 72079 373 20689 356 20846 271 54168
25226 332 29052 31 72079 60 61212 130 35781 256 54168
25226 332 29052 31 72079 271 67659 130 69702 256 54168
25226 332 29052 31 72079 271 67659 130 69702 385 54168
25226 332 29052 31 72079 271 67659 130 41959 256 54168
25226 332 29052 31 72079 271 67659 130 41959 385 54168
25226 332 29052 31 72079 271 51246 130 59754 256 54168
25226 332 29052 31 72079 271 51246 130 62331 271 54168
25226 332 29052 31 72079 271 51246 130 62331 256 54168
25226 332 29052 31 72079 297 61222 231 10970 256 54168
25226 332 29052 31 64880 369 73592 277 11202 256 54168
25226 332 29052 31 64880 369 73592 277 26681 256 54168
25226 332 29052 31 64690 105 52734 172 13518 256 54168
25226 332 29052 31 64690 143 69742 113 30884 256 54168
25226 332 29052 31 64690 143 69742 113 65601 256 54168
25226 332 29052 31 64690 143 69742 113 49565 256 54168
25226 332 29052 31 64690 143 69742 113 49565 385 54168
25226 332 29052 31 64690 143 69742 113 56692 256 54168
25226 332 29052 31 12203 356 18597 373 27479 256 54168
25226 332 29052 31 12203 356 18597 373 42205 256 54168
25226 332 29052 31 12203 356 18597 373 34139 256 54168
25226 332 29052 31 56660 60 21435 22 39548 256 54168
25226 332 29052 31 56660 60 21435 22 39548 385 54168
25226 332 29052 31 56660 60 21435 22 60011 256 54168
25226 332 29052 31 65908 114 72858 155 67240 256 54168
25226 332 29052 31 65908 114 72858 155 67240 271 54168
25226 332 29052 31 65908 114 72858 100 34502 256 54168
25226 332 29052 31 24865 32 57047 364 40414 256 54168
25226 332 29052 31 24865 32 57047 364 40414 385 54168
25226 332 29052 31 24865 32 57047 364 21830 256 54168
25226 332 29052 31 24865 32 57047 364 19511 256 54168
25226 332 29052 31 24865 32 57047 364 19511 385 54168
25226 332 29052 31 24865 32 57047 364 13515 256 54168
25226 332 29052 31 24865 32 57047 364 13515 271 54168
25226 332 29052 31 24865 32 57047 364 57433 256 54168
25226 332 29052 31 24865 32 57047 364 36861 256 54168
25226 332 29052 31 24865 32 57047 364 36861 271 54168
25226 332 29052 31 70550 15 480 6 6909 256 54168
25226 332 29052 31 70550 15 480 147 58581 256 54168
25226 332 29052 31 70550 15 480 147 58581 385 54168
25226 332 29052 31 15004 94 32131 126 46288 256 54168
25226 332 29052 31 63489 356 63974 6 32655 256 54168
25226 332 29052 31 11497 32 25986 75 50262 256 54168
25226 332 29052 31 6576 5 19038 141 58862 256 54168
25226 332 29052 31 57305 294 73838 52 68008 256 54168
25226 332 29052 31 57305 294 73838 52 68008 271 54168
25226 332 29052 31 67997 348 15756 364 26127 256 54168
25226 332 29052 31 67997 348 15756 364 26127 271 54168
25226 332 29052 31 67997 348 15756 364 25539 256 54168
25226 332 29052 31 67997 348 15756 364 25539 271 54168
25226 332 29052 31 67997 348 15756 364 25539 385 54168
25226 332 29052 31 59220 5 18045 217 37530 385 54168
25226 332 29052 31 59220 5 18045 217 37530 256 54168
25226 332 29052 31 33054 277 22834 96 72579 256 54168
25226 332 29052 31 33054 252 11600 277 41210 256 54168
25226 332 29052 31 33054 32 50528 373 44531 256 54168
25226 332 29052 31 33054 32 50528 373 44531 385 54168
25226 332 29052 31 24058 300 17629 211 14557 271 54168
25226 332 29052 31 24058 114 33951 114 14235 256 54168
25226 332 29052 31 31842 369 22958 277 60845 256 54168
25226 332 29052 31 31842 369 22958 277 60845 385 54168
25226 332 29052 31 59413 322 14429 68 36503 256 54168
25226 332 29052 31 69214 144 41980 121 35053 256 54168
25226 332 29052 31 7417 105 63771 172 34844 256 54168
25226 332 29052 31 1444 383 56734 142 31537 217 54430 385 54168
25226 332 29052 31 1444 383 56734 142 31537 217 54430 256 54168
25226 332 29052 31 33054 277 68072 382 24642 217 20238 385 54168
25226 332 29052 31 33054 277 68072 382 24642 217 20238 256 54168
25226 332 29052 31 28376 358 30355 358 45029 130 51762 256 54168
