44046 256 54168
44046 397 59413 282 64880 385 54168
44046 397 59413 282 12741 256 54168
44046 397 59413 282 12741 385 54168
44046 397 59413 282 12445 256 54168
44046 397 59413 282 20810 271 54168
44046 397 59413 282 73969 256 54168
44046 397 59413 237 47724 256 54168
44046 397 59413 237 15756 256 54168
44046 397 59413 115 61962 256 54168
44046 397 59413 93 73838 256 54168
44046 397 59413 93 73838 271 54168
44046 397 59413 282 72858 155 65908 256 54168
44046 397 59413 282 72858 155 1444 256 54168
44046 397 59413 282 72858 155 67240 256 54168
44046 397 59413 282 72858 155 67240 271 54168
44046 397 59413 282 72858 255 49761 385 54168
44046 397 59413 282 72858 100 67791 256 54168
44046 397 59413 282 72858 100 29427 385 54168
44046 397 59413 282 72858 100 29427 256 54168
44046 397 59413 282 72858 100 34502 256 54168
44046 397 59413 282 72858 100 19215 256 54168
44046 397 59413 282 72858 100 58806 256 54168
44046 397 59413 282 72858 100 51405 256 54168
44046 397 59413 282 72858 397 8453 256 54168
44046 397 59413 282 49546 155 72636 256 54168
44046 397 59413 383 69092 75 34525 256 54168
44046 397 59413 383 69092 75 22668 91 54168
44046 397 59413 383 69092 114 9561 256 54168
44046 397 59413 383 69092 114 64073 256 54168
44046 397 59413 383 69092 294 70550 256 54168
44046 397 59413 383 69092 294 70550 385 54168
44046 397 59413 383 69092 294 64590 256 54168
44046 397 59413 383 69092 294 24058 256 54168
44046 397 59413 383 69092 294 20689 256 54168
44046 397 59413 383 69092 294 20689 271 54168
44046 397 59413 383 69092 294 20689 385 54168
44046 397 59413 383 69092 294 14740 256 54168
44046 397 59413 383 69092 294 72079 256 54168
44046 397 59413 383 69092 294 72079 385 54168
44046 397 59413 383 69092 294 28806 256 54168
44046 397 59413 383 69092 294 29358 256 54168
44046 397 59413 383 69092 294 32512 256 54168
44046 397 59413 383 69092 294 16008 256 54168
44046 397 59413 383 69092 294 42693 256 54168
44046 397 59413 383 69092 294 42693 385 54168
44046 397 59413 383 69092 294 44741 256 54168
44046 397 59413 383 69092 294 33689 256 54168
44046 397 59413 383 69092 294 46913 256 54168
44046 397 59413 383 69092 294 9479 256 54168
44046 397 59413 383 69092 294 2060 256 54168
44046 397 59413 383 69092 294 34594 256 54168
44046 397 59413 383 69092 294 34594 271 54168
44046 397 59413 383 69092 294 68441 256 54168
44046 397 59413 383 69092 294 64545 256 54168
44046 397 59413 383 69092 294 21330 256 54168
44046 397 59413 383 69092 294 21330 385 54168
44046 397 59413 383 69092 294 30666 256 54168
44046 397 59413 383 69092 294 34351 256 54168
44046 397 59413 383 69092 294 64947 256 54168
44046 397 59413 383 69092 294 71837 256 54168
44046 397 59413 383 69092 294 40637 256 54168
44046 397 59413 383 69092 294 64335 256 54168
44046 397 59413 383 69092 294 11017 256 54168
44046 397 59413 383 69092 294 31910 385 54168
44046 397 59413 383 69092 294 31910 256 54168
44046 397 59413 383 69092 294 7747 256 54168
44046 397 59413 383 69092 294 7747 385 54168
44046 397 59413 383 69092 294 24837 385 54168
44046 397 59413 383 69092 294 24837 256 54168
44046 397 59413 383 69092 294 63472 256 54168
44046 397 59413 383 69092 294 63472 385 54168
44046 397 59413 383 69092 294 28376 256 54168
44046 397 59413 383 69092 294 34324 256 54168
44046 397 59413 383 69092 294 52683 256 54168
44046 397 59413 383 69092 294 52683 385 54168
44046 397 59413 383 69092 294 6313 256 54168
44046 397 59413 383 69092 294 6313 385 54168
44046 397 59413 383 69092 294 40951 256 54168
44046 397 59413 383 69092 294 1600 256 54168
44046 397 59413 383 69092 294 1600 385 54168
44046 397 59413 383 69092 294 48778 256 54168
44046 397 59413 383 69092 151 1524 256 54168
44046 397 59413 383 69092 151 1524 385 54168
44046 397 59413 383 69092 151 60827 256 54168
44046 397 59413 383 69092 151 60827 385 54168
44046 397 59413 383 69092 277 3042 256 54168
44046 397 59413 383 69092 277 25233 256 54168
44046 397 59413 383 69092 277 25233 271 54168
44046 397 59413 383 69092 277 25233 385 54168
44046 397 59413 75 33951 114 14235 256 54168
44046 397 59413 75 33951 155 3581 256 54168
44046 397 59413 28 73592 277 44399 256 54168
44046 397 59413 28 73592 277 366 256 54168
44046 397 59413 28 73592 277 51172 256 54168
44046 397 59413 28 73592 277 47505 256 54168
44046 397 59413 28 73592 277 59220 256 54168
44046 397 59413 28 73592 277 59220 385 54168
44046 397 59413 28 73592 277 75212 256 54168
44046 397 59413 28 73592 277 75212 385 54168
44046 397 59413 28 73592 277 48726 256 54168
44046 397 59413 28 73592 277 43173 256 54168
44046 397 59413 28 73592 277 43173 385 54168
44046 397 59413 28 73592 277 19766 256 54168
44046 397 59413 28 73592 277 19766 385 54168
44046 397 59413 28 73592 277 11202 256 54168
44046 397 59413 28 73592 277 26019 256 54168
44046 397 59413 28 73592 277 32245 256 54168
44046 397 59413 28 73592 277 32245 385 54168
44046 397 59413 28 73592 277 26681 256 54168
44046 397 59413 28 73592 277 52577 256 54168
44046 397 59413 28 73592 277 52577 271 54168
44046 397 59413 28 73592 277 52577 385 54168
44046 397 59413 28 73592 252 19162 256 54168
44046 397 59413 28 73592 252 19162 385 54168
44046 397 59413 28 73592 358 37302 256 54168
44046 397 59413 297 61222 383 71850 256 54168
44046 397 59413 297 61222 231 22105 256 54168
44046 397 59413 297 61222 231 42770 256 54168
44046 397 59413 297 61222 231 55455 256 54168
44046 397 59413 297 61222 231 48552 256 54168
44046 397 59413 297 61222 231 10970 256 54168
44046 397 59413 297 61222 231 35201 256 54168
44046 397 59413 297 61222 231 31011 385 54168
44046 397 59413 297 61222 231 31011 256 54168
44046 397 59413 297 61222 231 4701 385 54168
44046 397 59413 297 61222 231 36041 256 54168
44046 397 59413 297 61222 231 18715 256 54168
44046 397 59413 297 61222 52 42088 256 54168
44046 397 59413 237 47724 95 58486 271 54168
44046 397 59413 237 47724 95 58486 256 54168
44046 397 59413 237 15756 364 26127 256 54168
44046 397 59413 237 15756 364 26127 271 54168
44046 397 59413 237 15756 364 15927 385 54168
44046 397 59413 237 15756 364 25539 256 54168
44046 397 59413 237 15756 364 25539 271 54168
44046 397 59413 237 15756 364 25539 385 54168
44046 397 59413 332 65856 31 66245 256 54168
44046 397 59413 332 65856 31 45140 256 54168
44046 397 59413 332 65856 31 32830 256 54168
44046 397 59413 332 65856 31 5754 256 54168
44046 397 59413 332 65856 31 74887 256 54168
44046 397 59413 332 65856 31 70604 256 54168
44046 397 59413 332 65856 31 58140 256 54168
44046 397 59413 332 65856 31 39117 256 54168
44046 397 59413 332 65856 31 39117 385 54168
44046 397 59413 332 65856 31 9696 256 54168
44046 397 59413 332 65856 31 9696 385 54168
44046 397 59413 332 65856 31 18362 256 54168
44046 397 59413 332 65856 31 59152 256 54168
44046 397 59413 332 65856 31 17692 256 54168
44046 397 59413 332 65856 31 14216 256 54168
44046 397 59413 332 65856 31 46549 256 54168
44046 397 59413 332 65856 31 5019 271 54168
44046 397 59413 332 65856 31 5019 256 54168
44046 397 59413 332 65856 31 5019 396 54168
44046 397 59413 332 65856 31 5019 385 54168
44046 397 59413 332 65856 31 19870 256 54168
44046 397 59413 332 65856 31 19870 271 54168
44046 397 59413 332 65856 31 19870 385 54168
44046 397 59413 332 65856 31 33731 256 54168
44046 397 59413 332 1707 31 53103 256 54168
44046 397 59413 332 29052 31 25226 256 54168
44046 397 59413 332 29052 31 50024 256 54168
44046 397 59413 332 29052 31 74298 256 54168
44046 397 59413 332 29052 31 1279 256 54168
44046 397 59413 332 29052 31 6576 256 54168
44046 397 59413 332 29052 31 63135 256 54168
44046 397 59413 332 29052 31 14385 256 54168
44046 397 59413 332 29052 31 71525 256 54168
44046 397 59413 332 29052 31 11257 256 54168
44046 397 59413 332 29052 31 11257 385 54168
44046 397 59413 332 29061 31 34402 256 54168
44046 397 59413 332 29061 31 1105 256 54168
44046 397 59413 332 29061 31 8133 256 54168
44046 397 59413 332 23453 31 66166 256 54168
44046 397 59413 332 23453 31 36050 256 54168
44046 397 59413 332 23453 31 54657 256 54168
44046 397 59413 332 23453 31 54657 271 54168
44046 397 59413 332 23453 31 54657 385 54168
44046 397 59413 93 73838 52 68008 256 54168
44046 397 59413 93 73838 52 68008 271 54168
44046 397 59413 322 14429 68 36503 256 54168
44046 397 59413 282 64880 332 65857 31 69494 256 54168
44046 397 59413 282 64880 332 65857 31 69494 271 54168
44046 397 59413 282 64880 332 65857 31 69494 385 54168
44046 397 59413 282 64880 332 65857 31 67094 256 54168
44046 397 59413 282 64880 332 10045 31 11652 256 54168
44046 397 59413 282 64880 332 10045 31 11652 385 54168
44046 397 59413 282 64880 332 65855 31 20470 256 54168
44046 397 59413 282 64880 332 65855 31 46350 256 54168
44046 397 59413 282 64880 332 65853 31 2 256 54168
44046 397 59413 282 64880 332 65853 31 31609 256 54168
44046 397 59413 282 64880 213 58833 121 37898 256 54168
44046 397 59413 282 64880 213 58833 121 60258 256 54168
44046 397 59413 282 64880 213 58833 121 65931 256 54168
44046 397 59413 282 64880 396 54516 35 18597 256 54168
44046 397 59413 282 64880 271 56059 217 44079 256 54168
44046 397 59413 282 72858 155 39260 103 52246 256 54168
44046 397 59413 282 72858 155 39260 103 52246 385 54168
44046 397 59413 282 72858 155 39260 103 11786 256 54168
44046 397 59413 282 72858 155 39260 103 11786 271 54168
44046 397 59413 282 72858 155 39260 103 11786 385 54168
44046 397 59413 282 72858 155 69099 126 63077 256 54168
44046 397 59413 282 72858 155 1444 164 9367 256 54168
44046 397 59413 282 72858 155 50528 373 44531 256 54168
44046 397 59413 282 72858 155 50528 373 44531 385 54168
44046 397 59413 282 72858 100 39781 278 72579 256 54168
44046 397 59413 282 72858 100 2516 290 58402 256 54168
44046 397 59413 282 72858 100 2516 290 13251 256 54168
44046 397 59413 282 72858 100 29427 126 65052 385 54168
44046 397 59413 282 72858 100 15060 26 4713 256 54168
44046 397 59413 282 72858 397 5466 93 60170 256 54168
44046 397 59413 282 12741 300 66239 211 40002 256 54168
44046 397 59413 282 12741 300 66239 211 40002 271 54168
44046 397 59413 282 12741 300 66239 211 31989 385 54168
44046 397 59413 282 12741 300 66239 211 31989 256 54168
44046 397 59413 282 12741 332 29064 31 42616 256 54168
44046 397 59413 282 12741 332 29064 31 42616 385 54168
44046 397 59413 282 12741 256 29063 254 55044 256 54168
44046 397 59413 282 12741 256 29063 254 55044 385 54168
44046 397 59413 282 12741 256 29063 254 10048 256 54168
44046 397 59413 282 12741 369 33054 277 19642 256 54168
44046 397 59413 282 12741 369 33054 252 54333 385 54168
44046 397 59413 282 12741 369 33054 252 54333 256 54168
44046 397 59413 282 12741 336 53751 255 32487 256 54168
44046 397 59413 282 58804 300 62434 211 66494 256 54168
44046 397 59413 282 58804 300 62434 211 15994 256 54168
44046 397 59413 282 58804 300 62434 211 74935 256 54168
44046 397 59413 282 58804 300 62434 211 75367 256 54168
44046 397 59413 282 58804 300 62434 211 18267 256 54168
44046 397 59413 282 58804 300 62434 211 23105 256 54168
44046 397 59413 282 58804 300 62434 211 57681 256 54168
44046 397 59413 282 58804 300 62434 211 74585 256 54168
44046 397 59413 282 58804 300 62434 211 15020 256 54168
44046 397 59413 282 58804 300 62434 211 66747 256 54168
44046 397 59413 282 58804 300 62434 211 4848 256 54168
44046 397 59413 282 58804 300 62434 211 4848 385 54168
44046 397 59413 282 58804 300 62434 211 16381 256 54168
44046 397 59413 282 58804 300 62434 211 5956 256 54168
44046 397 59413 282 58804 300 62434 211 61481 256 54168
44046 397 59413 282 58804 300 62434 211 59822 256 54168
44046 397 59413 282 58804 300 62434 211 46239 256 54168
44046 397 59413 282 58804 300 62434 211 73393 256 54168
44046 397 59413 282 58804 300 62434 211 25264 256 54168
44046 397 59413 282 58804 300 62434 211 73239 256 54168
44046 397 59413 282 58804 300 62434 211 73239 271 54168
44046 397 59413 282 58804 300 62434 211 73239 385 54168
44046 397 59413 282 12445 271 61212 130 35781 256 54168
44046 397 59413 282 62274 100 32131 126 46288 256 54168
44046 397 59413 282 20810 271 67659 130 69702 256 54168
44046 397 59413 282 20810 271 67659 130 69702 385 54168
44046 397 59413 282 20810 271 67659 130 41959 256 54168
44046 397 59413 282 20810 271 67659 130 41959 385 54168
44046 397 59413 282 73969 373 61434 356 11860 256 54168
44046 397 59413 282 73969 373 61434 356 3616 256 54168
44046 397 59413 383 69092 114 26378 172 58862 256 54168
44046 397 59413 383 69092 142 38128 147 14297 256 54168
44046 397 59413 383 69092 142 38128 379 1483 88 54168
44046 397 59413 383 69092 142 38128 85 17058 112 54168
44046 397 59413 383 69092 142 38128 85 17058 191 54168
44046 397 59413 383 69092 142 38128 141 20749 256 54168
44046 397 59413 383 69092 32 57047 364 49424 256 54168
44046 397 59413 383 69092 32 57047 364 40414 256 54168
44046 397 59413 383 69092 32 57047 364 40414 385 54168
44046 397 59413 383 69092 32 57047 364 54498 256 54168
44046 397 59413 383 69092 32 57047 364 21830 256 54168
44046 397 59413 383 69092 32 57047 364 19511 256 54168
44046 397 59413 383 69092 32 57047 364 19511 385 54168
44046 397 59413 383 69092 32 57047 364 13515 256 54168
44046 397 59413 383 69092 32 57047 364 13515 271 54168
44046 397 59413 383 69092 32 57047 364 15711 256 54168
44046 397 59413 383 69092 32 57047 364 15711 271 54168
44046 397 59413 383 69092 32 57047 364 15711 385 54168
44046 397 59413 383 69092 32 57047 364 57433 256 54168
44046 397 59413 383 69092 32 57047 364 20846 256 54168
44046 397 59413 383 69092 32 57047 364 20846 271 54168
44046 397 59413 383 69092 32 57047 364 41878 256 54168
44046 397 59413 383 69092 32 57047 364 41878 271 54168
44046 397 59413 383 69092 32 57047 364 36861 256 54168
44046 397 59413 383 69092 32 57047 364 36861 271 54168
44046 397 59413 383 69092 32 57047 364 26823 256 54168
44046 397 59413 383 69092 32 57047 364 26823 271 54168
44046 397 59413 383 69092 294 24058 196 53393 256 54168
44046 397 59413 383 69092 294 61370 75 41210 256 54168
44046 397 59413 383 69092 294 63472 103 52085 256 54168
44046 397 59413 383 69092 294 63472 103 52085 271 54168
44046 397 59413 383 69092 294 60885 359 58853 256 54168
44046 397 59413 383 69092 294 60885 359 13518 256 54168
44046 397 59413 383 69092 294 25986 75 50262 256 54168
44046 397 59413 383 69092 151 7925 205 14003 256 54168
44046 397 59413 383 69092 277 29065 31 51543 256 54168
44046 397 59413 75 3643 151 21435 22 39548 256 54168
44046 397 59413 75 3643 151 21435 22 39548 385 54168
44046 397 59413 75 3643 151 21435 22 60011 256 54168
44046 397 59413 28 73592 277 59220 164 73714 256 54168
44046 397 59413 28 73592 277 59220 164 73714 385 54168
44046 397 59413 237 15756 222 31537 217 54430 385 54168
44046 397 59413 237 15756 222 31537 217 54430 256 54168
44046 397 59413 332 65856 31 42618 6 8505 256 54168
44046 397 59413 332 65856 31 42618 6 8505 385 54168
44046 397 59413 332 29052 31 54310 121 15204 256 54168
44046 397 59413 393 20249 392 63974 6 32655 256 54168
44046 397 59413 303 65814 369 22958 277 60845 256 54168
44046 397 59413 303 65814 369 22958 277 60845 385 54168
44046 397 59413 282 64880 255 11414 172 63771 172 65601 256 54168
44046 397 59413 282 64880 255 11414 172 63771 172 34844 256 54168
44046 397 59413 282 64880 255 11414 172 63771 105 66266 256 54168
44046 397 59413 282 64880 255 11414 105 27339 172 43754 256 54168
44046 397 59413 282 64880 255 11414 105 27339 172 26983 256 54168
44046 397 59413 282 64880 396 54516 35 18597 373 27479 256 54168
44046 397 59413 282 64880 396 54516 35 18597 373 49565 256 54168
44046 397 59413 282 64880 396 54516 35 18597 373 49565 385 54168
44046 397 59413 282 64880 396 54516 35 18597 373 42205 256 54168
44046 397 59413 282 64880 396 54516 35 18597 373 34139 256 54168
44046 397 59413 282 72858 155 51363 300 59812 211 30884 256 54168
44046 397 59413 282 72858 155 74876 143 67171 113 56692 256 54168
44046 397 59413 282 72858 255 49761 102 46685 359 59754 256 54168
44046 397 59413 282 72858 100 29427 164 480 6 6909 256 54168
44046 397 59413 282 72858 100 29427 164 480 147 58581 256 54168
44046 397 59413 282 72858 100 29427 164 480 147 58581 385 54168
44046 397 59413 282 72858 100 58806 271 51246 130 62331 271 54168
44046 397 59413 282 72858 100 58806 271 51246 130 62331 256 54168
44046 397 59413 282 12741 256 29063 15 18045 217 37530 385 54168
44046 397 59413 282 12741 256 29063 15 18045 217 37530 256 54168
44046 397 59413 383 69092 294 24058 300 17629 211 14557 271 54168
44046 397 59413 237 15756 364 11175 214 41980 121 35053 256 54168
44046 397 59413 282 72858 100 58806 358 30355 358 45029 130 51762 256 54168
44046 397 59413 282 12741 369 33054 277 68072 382 24642 217 20238 385 54168
44046 397 59413 282 12741 369 33054 277 68072 382 24642 217 20238 256 54168
