72079 256 29063
72079 373 59220 5 29063
72079 382 429 6 55044 256 29063
72079 300 66239 88 70739 15 29063
72079 300 66239 88 70739 398 29063
72079 300 66239 211 12741 256 29063
72079 300 62434 211 14858 222 29063
72079 300 62434 211 48050 222 29063
72079 300 62434 211 50528 222 29063
72079 332 1707 31 16834 222 29063
72079 332 1707 31 47686 222 29063
72079 332 1707 31 9696 256 29063
72079 332 1707 369 60562 222 29063
72079 332 1707 369 19933 222 29063
72079 332 10045 31 2851 222 29063
72079 332 10045 369 6003 222 29063
72079 332 1705 369 60841 222 29063
72079 332 65855 31 64947 222 29063
72079 332 65855 31 64151 222 29063
72079 332 65853 31 5319 222 29063
72079 332 65853 31 14859 222 29063
72079 332 65853 31 43304 222 29063
72079 332 6058 31 65235 222 29063
72079 332 29052 31 17624 222 29063
72079 332 29052 31 59204 222 29063
72079 332 29052 31 56340 222 29063
72079 332 29052 31 27358 222 29063
72079 332 29065 31 66047 222 29063
72079 332 29065 31 26742 222 29063
72079 332 29065 31 23640 222 29063
72079 332 29064 31 68655 222 29063
72079 332 29064 31 38500 222 29063
72079 332 23453 31 56734 222 29063
72079 332 29061 31 36583 222 29063
72079 332 29061 369 45397 222 29063
72079 332 29061 369 9132 222 29063
72079 332 35877 369 67410 222 29063
72079 332 32380 369 74024 222 29063
72079 256 54168 254 10048 256 29063
72079 373 45140 356 34020 256 29063
72079 373 17020 294 46511 222 29063
72079 373 59220 5 18045 398 29063
72079 373 59220 5 18045 15 29063
72079 373 59220 5 18045 6 29063
72079 373 59220 361 59591 15 29063
72079 373 58806 32 31621 222 29063
72079 373 58806 32 31621 91 29063
72079 383 69092 32 51420 222 29063
72079 383 69092 294 40417 222 29063
72079 383 69092 294 42634 222 29063
72079 383 69092 294 36301 222 29063
72079 383 69092 294 40455 222 29063
72079 383 69092 294 67033 222 29063
72079 383 69092 294 25986 222 29063
72079 383 69092 277 4148 222 29063
72079 383 69092 277 33297 222 29063
72079 383 69092 277 38619 222 29063
72079 383 69092 252 69931 222 29063
72079 383 69092 252 9510 222 29063
72079 297 61222 231 62261 222 29063
72079 297 61222 231 36029 222 29063
72079 297 61222 231 18999 222 29063
72079 297 61222 231 15191 222 29063
72079 297 61222 231 31389 222 29063
72079 297 61222 231 13330 222 29063
72079 297 61222 20 62834 222 29063
72079 105 27339 105 72636 383 27998 222 29063
72079 105 27339 105 72636 383 50041 222 29063
72079 105 27339 105 72636 383 4279 222 29063
72079 105 27339 105 72636 28 1713 222 29063
72079 105 27339 105 72636 339 29827 222 29063
72079 105 27339 105 72636 339 64508 222 29063
72079 382 37878 369 33054 277 705 222 29063
72079 382 5850 6 18597 147 39108 256 29063
72079 382 56441 321 24058 196 25099 222 29063
72079 300 66239 211 15756 339 30796 222 29063
72079 300 62434 211 21109 155 42751 222 29063
72079 256 54168 254 73714 5 31592 15 29063
72079 256 54168 254 73714 5 31592 398 29063
72079 256 54168 254 73714 5 31592 6 29063
72079 256 54168 254 37530 5 51674 15 29063
72079 256 54168 254 37530 5 51674 398 29063
72079 256 54168 254 37530 5 51674 6 29063
72079 383 69092 294 40417 277 54222 222 29063
72079 383 69092 294 40417 272 74760 222 29063
