17373 373 40401
17373 105 40401
17373 28 53965 85 64632 249 40401
17373 28 53965 80 38944 358 53751 151 40401
17373 28 53965 85 17058 191 58864 217 40401
17373 28 41411 32 67410 294 6168 252 40401
17373 82 2759 122 70719 267 43419 254 40401
17373 28 53965 85 17058 191 58864 141 25518 385 50489 254 40401
17373 28 21458 75 27067 32 65139 358 73954 15 20712 256 24028 254 40401
17373 28 21458 75 27067 32 65139 358 73954 15 20712 256 34300 254 40401
17373 28 21458 75 27067 32 65139 358 73954 15 20712 256 34300 141 40401
