6132 155 32022
6132 358 5422 28 49856 63 32022
6132 358 5422 28 49856 119 24288 373 57893 63 32022
6132 358 5422 28 49856 172 17373 373 14858 383 69092 277 32022
6132 358 5422 28 49856 172 17373 373 29427 32 56734 151 32022
6132 358 5422 28 49856 172 17373 373 29427 32 56734 383 32022
6132 358 5422 28 49856 172 17373 373 29427 32 56734 277 32022
6132 358 5422 28 49856 172 17373 373 29427 32 56734 28 32022
6132 358 5422 28 49856 172 17373 28 54994 252 23093 72 43547 272 32022
6132 358 5422 28 49856 172 17373 28 54994 252 23093 369 37675 277 32022
