72717 155 64021
72717 297 61222 294 64021
72717 155 32937 383 69092 294 64021
72717 155 32937 75 3643 32 64021
72717 155 4445 114 15276 155 64021
72717 155 4445 114 58089 155 64021
72717 155 4445 114 24640 155 64021
72717 155 4445 75 39971 32 64021
72717 155 4445 75 4818 32 64021
72717 155 4445 75 15647 32 64021
72717 155 4445 75 59599 32 64021
72717 155 4445 75 10037 32 64021
72717 155 2532 75 42789 32 64021
72717 155 61365 75 60943 32 64021
72717 155 61365 75 41897 32 64021
72717 155 61365 75 49095 32 64021
72717 155 32937 332 65857 31 70019 294 64021
