72717 155 61365
72717 155 32937 75 3643 32 61365
72717 155 4445 114 31324 155 61365
72717 155 4445 114 15276 155 61365
72717 155 4445 114 15276 32 61365
72717 155 4445 114 58089 155 61365
72717 155 4445 114 24640 155 61365
72717 155 4445 75 4818 32 61365
72717 155 4445 75 59599 32 61365
72717 155 4445 75 10037 32 61365
72717 155 2532 114 35200 155 61365
72717 155 2532 114 22277 155 61365
72717 155 2532 75 42789 32 61365
72717 155 2532 75 25905 32 61365
72717 155 64021 75 60943 32 61365
72717 155 64021 75 41897 32 61365
72717 155 64021 75 49095 32 61365
72717 383 71850 294 57074 383 61365
72717 383 71850 294 6346 32 61365
72717 155 32937 383 69092 294 9013 298 61365
72717 155 32937 332 65855 31 11926 155 61365
72717 155 32937 332 68803 31 31514 32 61365
72717 155 64021 75 41897 277 36274 155 61365
72717 155 64021 75 41897 277 33504 155 61365
72717 155 64021 383 70019 75 27067 32 61365
72717 383 71850 294 17630 114 49880 155 61365
72717 383 71850 294 65174 369 30855 32 61365
72717 297 61222 231 19694 75 17869 32 61365
72717 155 32937 383 69092 294 48546 114 46659 155 61365
72717 383 71850 294 1444 383 61102 75 59985 32 61365
