72717 155 32937
72717 297 61222 231 32937
72717 297 61222 52 32937
72717 155 4445 383 69092 294 32937
72717 155 4445 332 65853 31 32937
72717 155 4445 332 65857 31 32937
72717 155 4445 332 1707 31 32937
72717 155 4445 332 10045 31 32937
72717 155 4445 332 1705 31 32937
72717 155 4445 332 26184 31 32937
72717 155 4445 332 29052 31 32937
72717 155 4445 332 29065 31 32937
72717 155 4445 332 29064 31 32937
72717 155 4445 332 23453 31 32937
72717 155 4445 332 29061 31 32937
72717 155 4445 332 32380 31 32937
72717 155 4445 332 68334 31 32937
72717 155 4445 332 68336 31 32937
72717 155 4445 332 12340 31 32937
72717 155 4445 332 40313 31 32937
72717 155 2532 75 3643 32 32937
72717 297 61222 231 64981 236 32937
72717 297 61222 231 53798 294 32937
72717 297 61222 231 53798 369 32937
72717 297 61222 231 56024 52 32937
72717 297 61222 231 60920 52 32937
72717 297 61222 231 44280 52 32937
72717 297 61222 231 52811 392 32937
72717 297 61222 231 40846 52 32937
72717 297 61222 231 22024 52 32937
72717 297 61222 231 69083 237 32937
72717 297 61222 231 69083 115 32937
72717 297 61222 231 73838 52 32937
72717 297 61222 231 22093 52 32937
72717 297 61222 20 49482 236 32937
72717 52 15277 45 21391 317 32937
72717 52 21550 282 72553 397 32937
72717 52 21550 288 10528 166 32937
72717 52 21550 95 52940 261 32937
72717 52 32244 282 72858 397 32937
72717 52 32244 93 7419 52 32937
72717 52 32244 229 53497 370 32937
72717 52 32244 288 49024 166 32937
72717 52 32244 95 31376 261 32937
72717 52 43608 95 5879 261 32937
72717 52 42088 288 45069 166 32937
72717 52 64590 332 65855 31 32937
72717 52 64590 332 65856 31 32937
72717 52 64590 285 11544 2 32937
72717 52 64590 288 61006 166 32937
72717 52 64590 288 58488 166 32937
72717 52 64590 288 13919 166 32937
72717 52 22952 240 9466 294 32937
72717 52 22952 90 13429 157 32937
72717 52 22952 285 54048 2 32937
72717 52 22952 285 54048 234 32937
72717 52 22952 285 39045 2 32937
72717 52 22952 285 39045 234 32937
72717 52 22952 45 17661 317 32937
72717 52 22952 229 63213 370 32937
72717 52 22952 288 27535 166 32937
72717 52 22952 288 67958 166 32937
72717 52 22952 288 421 166 32937
72717 52 8453 24 48074 234 32937
72717 52 19960 229 15310 370 32937
72717 52 3581 114 33951 32 32937
72717 155 4445 342 65814 332 3992 31 32937
72717 155 4445 75 33054 277 6452 234 32937
72717 155 4445 75 33054 277 37839 234 32937
72717 155 4445 75 33054 252 40309 31 32937
72717 155 4445 75 33054 252 68339 31 32937
72717 155 4445 383 69092 114 19447 369 32937
72717 155 4445 383 69092 294 26700 354 32937
72717 155 4445 383 69092 294 26700 369 32937
72717 155 4445 383 69092 277 40312 31 32937
72717 155 4445 383 69092 277 54139 31 32937
72717 155 4445 383 69092 277 54136 31 32937
72717 155 4445 383 11708 332 68803 31 32937
72717 155 4445 383 11708 95 3223 261 32937
72717 155 4445 332 65853 31 5604 211 32937
72717 155 4445 332 65857 31 52959 32 32937
72717 155 4445 332 65857 31 52959 358 32937
72717 155 4445 332 29064 31 7299 294 32937
72717 155 2532 114 22277 396 54516 35 32937
72717 155 61365 75 41897 277 12801 31 32937
72717 383 71850 294 17630 229 18699 370 32937
72717 383 71850 294 12956 285 18017 234 32937
72717 383 71850 294 30796 153 62527 370 32937
72717 383 71850 294 12051 383 41640 294 32937
72717 383 71850 294 62831 288 67605 166 32937
72717 297 61222 231 19694 95 70501 261 32937
72717 297 61222 231 53798 222 41880 202 32937
72717 297 61222 231 73103 95 9901 261 32937
72717 297 61222 231 73560 285 23143 2 32937
72717 297 61222 52 47441 45 59082 317 32937
72717 52 32244 95 31376 307 71457 261 32937
72717 52 32244 95 31376 307 4744 261 32937
72717 52 32244 95 31376 307 44886 261 32937
72717 52 32244 95 31376 307 66986 261 32937
72717 52 32244 95 31376 307 59419 261 32937
72717 52 32244 95 31376 307 19395 261 32937
72717 52 32244 95 31376 307 54008 261 32937
72717 52 32244 95 31376 307 39499 261 32937
72717 52 32244 95 31376 307 25048 261 32937
72717 52 32244 95 31376 307 66699 261 32937
72717 52 32244 95 31376 307 16590 261 32937
72717 52 32244 95 31376 307 16590 397 32937
72717 52 32244 95 31376 307 15544 261 32937
72717 52 32244 95 31376 307 28675 261 32937
72717 52 32244 95 31376 307 74453 261 32937
72717 52 32244 95 31376 307 23469 261 32937
72717 52 32244 95 31376 307 15793 261 32937
72717 52 32244 95 31376 307 13419 261 32937
72717 52 32244 95 31376 307 11945 261 32937
72717 52 32244 95 31376 307 24786 261 32937
72717 52 32244 95 31376 307 24786 397 32937
72717 52 32244 95 31376 307 53027 261 32937
72717 52 32244 95 31376 307 6239 261 32937
72717 52 32244 95 31376 307 67732 261 32937
72717 52 32244 95 31376 307 58173 261 32937
72717 52 32244 95 31376 307 32744 261 32937
72717 52 32244 95 31376 307 31408 261 32937
72717 52 32244 95 31376 307 1555 261 32937
72717 52 32244 95 31376 307 73757 261 32937
72717 52 32244 95 31376 307 6558 261 32937
72717 52 32244 95 31376 307 3071 261 32937
72717 52 32244 95 31376 307 64683 261 32937
72717 52 32244 95 31376 307 7193 261 32937
72717 52 32244 95 31376 307 18330 261 32937
72717 52 32244 95 31376 307 48710 261 32937
72717 52 32244 95 31376 307 41999 261 32937
72717 52 32244 95 31376 307 51041 261 32937
72717 52 32244 95 31376 307 17185 261 32937
72717 52 32244 95 31376 307 8937 261 32937
72717 52 32244 95 31376 307 64084 261 32937
72717 52 32244 95 31376 307 64084 397 32937
72717 52 32244 95 31376 307 28526 261 32937
72717 52 32244 95 31376 307 60980 261 32937
72717 52 32244 95 31376 307 58532 261 32937
72717 52 32244 95 31376 307 26093 261 32937
72717 52 32244 95 31376 307 26093 397 32937
72717 52 32244 95 31376 307 49057 261 32937
72717 52 32244 95 31376 307 3901 261 32937
72717 52 32244 95 31376 307 47324 261 32937
72717 52 32244 95 31376 307 47324 397 32937
72717 52 32244 95 31376 307 60690 261 32937
72717 52 32244 95 31376 307 26382 261 32937
72717 52 32244 95 31376 307 16086 261 32937
72717 52 32244 95 31376 307 46014 261 32937
72717 52 32244 95 31376 307 44400 261 32937
72717 52 32244 95 31376 307 44400 397 32937
72717 52 32244 95 31376 307 36079 261 32937
72717 52 32244 95 31376 307 23639 261 32937
72717 52 32244 95 31376 307 25563 261 32937
72717 52 32244 95 31376 307 25563 397 32937
72717 52 32244 95 31376 307 23466 261 32937
72717 52 32244 95 31376 307 67893 261 32937
72717 52 32244 95 31376 307 23489 261 32937
72717 52 32244 95 31376 307 23489 397 32937
72717 52 32244 95 31376 307 12772 261 32937
72717 52 32244 95 31376 307 53410 261 32937
72717 52 32244 95 31376 307 40867 261 32937
72717 52 32244 95 31376 307 3302 261 32937
72717 52 32244 95 31376 307 74117 261 32937
72717 52 32244 95 31376 307 57759 261 32937
72717 52 32244 95 31376 307 74307 261 32937
72717 52 32244 95 31376 307 61587 261 32937
72717 52 32244 95 31376 307 1761 261 32937
72717 52 32244 95 31376 307 8582 261 32937
72717 52 32244 95 31376 307 19436 261 32937
72717 52 32244 95 31376 307 63701 261 32937
72717 52 32244 95 31376 307 50111 261 32937
72717 52 32244 95 31376 307 50111 397 32937
72717 52 32244 95 31376 307 72016 261 32937
72717 52 32244 95 31376 307 72016 397 32937
72717 52 32244 95 31376 307 26430 261 32937
72717 52 32244 95 31376 307 26430 397 32937
72717 52 22952 240 50930 294 23632 236 32937
72717 52 22952 240 9466 304 36632 32 32937
72717 52 22952 240 9466 304 36632 358 32937
72717 52 19960 229 15310 245 55855 236 32937
72717 52 19960 229 15310 245 55855 231 32937
72717 52 19960 229 15310 245 55855 358 32937
72717 52 19960 229 15310 245 39968 236 32937
72717 155 4445 75 33054 277 63948 180 9304 294 32937
72717 155 4445 383 69092 114 32131 126 66052 261 32937
72717 155 4445 383 69092 114 19447 304 7946 236 32937
72717 155 4445 383 69092 294 26700 304 15636 236 32937
72717 155 4445 383 69092 294 26700 72 2596 32 32937
72717 155 4445 383 69092 294 26700 72 2596 358 32937
72717 155 4445 332 10045 31 6043 244 3771 294 32937
72717 155 4445 332 29064 31 7299 72 12693 294 32937
72717 383 71850 294 17630 229 18699 245 41238 236 32937
72717 383 71850 294 17630 229 18699 245 43773 236 32937
72717 383 71850 294 12051 383 41640 304 2417 231 32937
72717 297 61222 231 22800 172 67909 311 56699 370 32937
72717 297 61222 231 73560 383 5636 291 16428 294 32937
72717 297 61222 231 73560 383 5636 369 29467 236 32937
72717 52 21550 282 72553 213 51646 121 74976 397 32937
72717 52 22952 240 50930 294 23632 277 41760 310 32937
72717 52 19960 229 15310 245 39968 277 22620 310 32937
72717 52 19960 229 61279 195 50149 9 19487 370 32937
72717 52 19960 229 61279 195 50149 9 67208 370 32937
72717 52 19960 229 61279 302 52372 232 1412 370 32937
72717 155 4445 383 69092 114 19447 290 22845 100 37346 310 32937
72717 155 4445 383 69092 114 19447 290 22845 100 37346 369 32937
72717 155 4445 383 69092 294 26700 72 2596 277 28016 294 32937
72717 383 71850 294 17630 75 25099 383 24229 304 68266 236 32937
72717 383 71850 294 17630 229 18699 245 43773 277 70872 294 32937
72717 383 71850 294 71354 377 10911 238 52773 369 48590 236 32937
72717 383 71850 294 71354 377 10911 238 49210 369 37333 236 32937
72717 297 61222 231 73560 383 5636 369 29467 277 46515 294 32937
72717 297 61222 231 73560 383 5636 369 29467 20 676 32 32937
72717 297 61222 231 73560 383 5636 369 29467 20 676 358 32937
72717 52 22952 240 9466 290 21951 100 54388 304 6865 231 32937
72717 155 4445 383 69092 114 19447 290 22845 100 37346 72 61237 236 32937
72717 383 71850 294 71354 377 10911 238 52773 369 48590 186 15181 310 32937
72717 383 71850 294 71354 377 10911 238 52773 369 48590 186 15181 369 32937
72717 297 61222 231 73560 383 5636 369 29467 20 676 277 52014 294 32937
