72717 155 4445
72717 383 71850 294 4445
72717 155 32937 383 69092 294 4445
72717 155 32937 332 1707 31 4445
72717 155 32937 332 10045 31 4445
72717 155 32937 332 1705 31 4445
72717 155 32937 332 65853 31 4445
72717 155 32937 332 65857 31 4445
72717 155 32937 332 26184 31 4445
72717 155 32937 332 29052 31 4445
72717 155 32937 332 29065 31 4445
72717 155 32937 332 29064 31 4445
72717 155 32937 332 23453 31 4445
72717 155 32937 332 29061 31 4445
72717 155 32937 332 32380 31 4445
72717 155 32937 332 68334 31 4445
72717 155 32937 332 68336 31 4445
72717 155 32937 332 12340 31 4445
72717 155 32937 332 40313 31 4445
72717 155 2532 114 31324 155 4445
72717 155 2532 114 15276 155 4445
72717 155 2532 114 58089 155 4445
72717 155 2532 114 34150 155 4445
72717 155 2532 114 24640 155 4445
72717 155 2532 75 4818 32 4445
72717 155 2532 75 33054 32 4445
72717 155 61365 75 59599 32 4445
72717 155 61365 75 10037 32 4445
72717 155 64021 75 39971 32 4445
72717 155 64021 75 15647 32 4445
72717 383 71850 294 69841 32 4445
72717 297 61222 231 11708 294 4445
72717 52 64590 332 65861 31 4445
72717 52 64590 332 68338 31 4445
72717 155 32937 383 69092 151 74810 31 4445
72717 155 32937 383 69092 277 68807 31 4445
72717 155 32937 383 69092 277 40308 31 4445
72717 155 32937 383 69092 277 6058 31 4445
72717 155 32937 383 69092 277 14964 31 4445
72717 155 32937 332 3992 31 65814 303 4445
72717 155 32937 332 3992 31 65814 342 4445
72717 155 32937 93 40846 28 73592 277 4445
72717 155 32937 93 40846 28 73592 358 4445
72717 155 2532 114 34150 75 30480 358 4445
72717 155 61365 75 41897 277 23887 31 4445
72717 383 71850 294 17630 332 71061 31 4445
