72717 155 2532
72717 297 61222 231 2532
72717 155 32937 383 69092 294 2532
72717 155 32937 75 3643 32 2532
72717 155 4445 114 31324 155 2532
72717 155 4445 114 15276 155 2532
72717 155 4445 114 58089 155 2532
72717 155 4445 114 34150 155 2532
72717 155 4445 114 34150 32 2532
72717 155 4445 114 24640 155 2532
72717 155 4445 75 4818 32 2532
72717 155 4445 75 33054 32 2532
72717 155 61365 114 35200 155 2532
72717 155 61365 114 35200 32 2532
72717 155 61365 114 22277 155 2532
72717 155 61365 75 42789 32 2532
72717 155 61365 75 25905 32 2532
72717 383 71850 294 3682 32 2532
72717 383 71850 294 28364 32 2532
72717 383 71850 294 1963 32 2532
72717 297 61222 231 32755 93 2532
72717 297 61222 231 70471 93 2532
72717 297 61222 231 19111 93 2532
72717 297 61222 231 38910 93 2532
72717 297 61222 231 5016 93 2532
72717 297 61222 231 45349 93 2532
72717 297 61222 231 6345 93 2532
72717 297 61222 231 53927 93 2532
72717 297 61222 231 59128 93 2532
72717 297 61222 231 18387 155 2532
72717 297 61222 231 18387 32 2532
72717 297 61222 231 41536 93 2532
72717 297 61222 231 73875 93 2532
72717 297 61222 20 20249 392 2532
72717 155 32937 237 69083 237 9003 93 2532
72717 155 32937 237 69083 237 33905 93 2532
72717 155 32937 237 69083 115 45741 93 2532
72717 155 32937 282 72858 100 2851 278 10651 155 2532
