36821 171 10199
36821 171 2597 388 10199
36821 171 30186 388 10199
36821 171 64937 388 10199
36821 171 70308 388 10199
36821 171 35161 388 10199
36821 171 28036 388 10199
36821 171 18360 388 10199
36821 171 38226 388 10199
36821 171 7694 388 10199
36821 171 16915 388 10199
36821 171 5771 388 10199
36821 171 2597 171 25603 388 10199
36821 171 2597 171 6435 388 10199
36821 171 2597 388 57095 388 10199
36821 171 2597 388 38563 388 10199
36821 171 58637 171 19182 388 10199
36821 171 34867 358 37408 28 10199
36821 171 64937 171 46832 388 10199
36821 171 64937 388 75139 388 10199
36821 171 7694 388 69070 388 10199
36821 171 2597 171 6435 171 6603 388 10199
