68892 171 2597
68892 171 31096 171 2597
68892 171 31096 388 2597
68892 171 41803 171 2597
68892 171 41803 388 2597
68892 171 31096 171 42664 171 2597
68892 171 31096 171 58977 171 2597
68892 171 31096 171 33292 388 2597
68892 171 31096 171 22665 171 2597
68892 171 31096 171 42284 171 2597
68892 171 31096 171 42284 388 2597
68892 171 31096 171 71663 171 2597
68892 171 31096 171 71663 388 2597
68892 171 31096 171 73566 388 2597
68892 171 31096 171 12080 171 2597
68892 171 31096 171 12080 388 2597
68892 171 31096 171 71238 171 2597
68892 171 31096 171 71238 388 2597
68892 171 31096 171 18360 171 2597
68892 171 31096 171 18360 388 2597
68892 171 31096 171 38226 171 2597
68892 171 31096 171 38226 388 2597
68892 171 31096 388 65726 171 2597
68892 171 31096 388 9941 171 2597
68892 171 31096 388 9941 388 2597
68892 171 31096 388 63624 171 2597
68892 171 31096 388 20962 171 2597
68892 171 31096 388 20962 388 2597
68892 171 31096 388 12176 171 2597
68892 171 31096 388 18137 171 2597
68892 171 31096 388 56967 388 2597
68892 171 31096 388 66507 171 2597
68892 171 31096 388 66507 388 2597
68892 171 31096 388 45420 171 2597
68892 171 31096 388 45420 388 2597
68892 171 31096 388 39238 171 2597
68892 171 31096 388 39238 388 2597
68892 171 31096 388 6435 171 2597
68892 171 31096 388 6435 388 2597
68892 171 31096 388 73370 171 2597
68892 171 31096 388 73370 388 2597
68892 171 31096 388 36821 171 2597
68892 171 31096 388 53432 171 2597
68892 171 31096 388 21205 171 2597
68892 171 31096 388 21205 388 2597
68892 171 31096 388 60773 171 2597
68892 171 31096 388 60773 388 2597
68892 171 31096 388 35864 171 2597
68892 171 31096 388 35864 388 2597
68892 171 31096 388 36197 171 2597
68892 171 31096 388 36197 388 2597
68892 171 31096 388 27109 171 2597
68892 171 31096 388 27109 388 2597
68892 171 31096 388 6831 171 2597
68892 171 31096 388 36791 171 2597
68892 171 31096 388 5771 388 2597
68892 171 31096 388 14592 171 2597
68892 171 31096 388 14592 388 2597
68892 171 31096 388 65515 171 2597
68892 171 31096 388 56745 171 2597
68892 171 31096 388 56745 388 2597
68892 171 31096 388 26228 171 2597
68892 171 31096 388 26228 388 2597
68892 171 31096 388 22300 171 2597
68892 171 31096 388 22300 388 2597
68892 171 31096 388 55476 171 2597
68892 171 31096 388 6030 388 2597
68892 171 31096 388 70535 171 2597
68892 171 31096 388 9690 171 2597
68892 171 31096 388 9690 388 2597
68892 171 31096 388 36778 171 2597
68892 171 31096 388 59709 388 2597
68892 171 31096 388 15609 171 2597
68892 171 31096 388 15609 388 2597
68892 171 31096 388 26764 171 2597
68892 171 31096 388 30186 171 2597
68892 171 31096 388 30186 388 2597
68892 171 31096 389 12270 171 2597
68892 171 31096 389 12270 388 2597
68892 171 41803 171 24030 171 2597
68892 171 41803 171 24030 388 2597
68892 171 41803 171 70308 171 2597
68892 171 41803 171 70308 388 2597
68892 171 41803 171 61139 171 2597
68892 171 41803 171 61139 388 2597
68892 171 41803 171 59891 171 2597
68892 171 41803 171 59891 388 2597
68892 171 41803 171 58596 171 2597
68892 171 41803 171 58596 388 2597
68892 171 41803 171 11171 171 2597
68892 171 41803 171 11171 388 2597
68892 171 41803 171 19235 171 2597
68892 171 41803 171 19235 388 2597
68892 171 41803 171 53578 171 2597
68892 171 41803 171 53578 388 2597
68892 388 2598 171 54233 171 2597
68892 388 2598 171 1737 171 2597
68892 388 2598 171 35641 171 2597
68892 388 2598 171 462 171 2597
68892 388 2598 171 17378 171 2597
68892 388 2598 171 20067 171 2597
68892 388 2598 171 52941 171 2597
68892 388 2598 171 70996 171 2597
68892 388 2598 171 27742 171 2597
68892 388 2598 171 21453 171 2597
68892 388 2598 171 42954 171 2597
68892 388 2598 171 37569 171 2597
68892 171 31096 171 42664 171 45227 171 2597
68892 171 31096 171 42664 171 45227 388 2597
68892 171 31096 171 42664 171 55544 171 2597
68892 171 31096 171 42664 171 55544 388 2597
68892 171 31096 171 58637 171 19470 171 2597
68892 171 31096 171 58637 171 19470 388 2597
68892 171 31096 171 58637 171 17936 171 2597
68892 171 31096 171 58637 171 17936 388 2597
68892 171 31096 171 58637 171 58436 171 2597
68892 171 31096 171 58637 171 58436 388 2597
68892 171 31096 171 58637 171 73092 171 2597
68892 171 31096 171 58637 171 73092 388 2597
68892 171 31096 171 58637 388 17376 171 2597
68892 171 31096 171 58637 388 17376 388 2597
68892 171 31096 171 19182 171 41531 388 2597
68892 171 31096 171 19182 171 41531 171 2597
68892 171 31096 171 19182 171 42039 171 2597
68892 171 31096 171 19182 171 42039 388 2597
68892 171 31096 171 19182 171 15489 171 2597
68892 171 31096 171 19182 171 15489 388 2597
68892 171 31096 171 19182 171 16915 171 2597
68892 171 31096 171 19182 171 16915 388 2597
68892 171 31096 171 19182 388 50726 171 2597
68892 171 31096 171 19182 388 10199 171 2597
68892 171 31096 171 33292 388 67116 171 2597
68892 171 31096 171 33292 388 67116 388 2597
68892 171 31096 171 33292 388 28976 171 2597
68892 171 31096 171 33292 388 1103 171 2597
68892 171 31096 171 33292 388 1103 388 2597
68892 171 31096 171 33292 388 43717 171 2597
68892 171 31096 171 33292 388 43717 388 2597
68892 171 31096 171 42284 388 64937 171 2597
68892 171 31096 171 42284 388 64937 388 2597
68892 171 31096 171 42284 388 1921 171 2597
68892 171 31096 171 42284 388 1921 388 2597
68892 171 31096 171 18360 388 34191 171 2597
68892 171 31096 171 18360 388 24391 171 2597
68892 171 31096 171 18360 388 24391 388 2597
68892 171 31096 171 18360 388 54941 171 2597
68892 171 31096 171 18360 388 54941 388 2597
68892 171 31096 171 18360 388 28333 171 2597
68892 171 31096 171 18360 388 66804 171 2597
68892 171 31096 171 18360 388 29567 171 2597
68892 171 31096 171 18360 388 10611 171 2597
68892 171 31096 171 18360 388 10611 388 2597
68892 171 31096 171 18360 388 26467 171 2597
68892 171 31096 171 18360 388 26467 388 2597
68892 171 31096 171 18360 388 26988 171 2597
68892 171 31096 171 18360 388 26988 388 2597
68892 171 31096 171 18360 388 30510 171 2597
68892 171 31096 171 18360 388 30510 388 2597
68892 171 31096 171 18360 388 58695 171 2597
68892 171 31096 171 18360 388 58695 388 2597
68892 171 31096 171 18360 388 28303 171 2597
68892 171 31096 171 18360 388 28303 388 2597
68892 171 31096 171 18360 388 1196 171 2597
68892 171 31096 171 18360 388 1196 388 2597
68892 171 31096 171 18360 388 39422 171 2597
68892 171 31096 171 18360 388 39422 388 2597
68892 171 31096 171 18360 388 52334 171 2597
68892 171 31096 171 18360 388 52240 171 2597
68892 171 31096 171 18360 388 71005 171 2597
68892 171 31096 171 18360 388 71005 388 2597
68892 171 31096 171 18360 388 19398 171 2597
68892 171 31096 171 18360 388 19398 388 2597
68892 171 31096 171 18360 388 15068 171 2597
68892 171 31096 171 18360 388 60705 171 2597
68892 171 31096 171 18360 388 44030 171 2597
68892 171 31096 171 18360 388 43451 171 2597
68892 171 31096 171 18360 388 43451 388 2597
68892 171 31096 171 18360 388 44506 171 2597
68892 171 31096 388 36821 171 34867 171 2597
68892 171 31096 388 36821 171 34867 388 2597
68892 171 31096 388 36821 171 18527 171 2597
68892 171 31096 388 36821 171 18527 388 2597
68892 171 31096 388 36821 171 4294 171 2597
68892 171 31096 388 36821 171 4294 388 2597
68892 171 31096 388 36821 171 8841 171 2597
68892 171 31096 388 36821 171 8841 388 2597
68892 171 31096 388 36821 171 35938 171 2597
68892 171 31096 388 36821 171 35938 388 2597
68892 171 31096 388 36821 171 15359 171 2597
68892 171 31096 388 36821 171 15359 388 2597
68892 171 31096 388 36821 171 28049 171 2597
68892 171 31096 388 36821 171 28049 388 2597
68892 171 31096 388 36821 228 49208 171 2597
68892 171 31096 388 36821 228 49208 388 2597
68892 171 31096 388 36821 228 31950 171 2597
68892 171 31096 388 36821 228 31950 388 2597
68892 171 31096 388 56745 171 68490 171 2597
68892 171 31096 388 56745 171 68490 388 2597
68892 171 31096 388 56745 388 68702 171 2597
68892 171 31096 388 56745 388 68702 388 2597
68892 171 31096 388 56745 388 25603 388 2597
68892 171 31096 388 30186 171 34281 388 2597
68892 171 31096 388 30186 171 23537 388 2597
68892 171 31096 389 12270 171 38563 171 2597
68892 171 31096 389 12270 171 57095 171 2597
68892 171 31096 171 42284 388 64937 388 64165 171 2597
68892 171 31096 171 42284 388 64937 388 64165 388 2597
68892 171 31096 171 42284 388 64937 388 70377 171 2597
68892 171 31096 171 42284 388 64937 388 4135 171 2597
68892 171 31096 171 42284 388 64937 388 4135 388 2597
68892 171 31096 388 36821 228 53621 228 34474 171 2597
68892 171 31096 388 60773 358 37408 28 39856 171 2597
68892 171 31096 388 60773 358 37408 28 45566 388 2597
68892 171 31096 388 5771 388 69184 171 26800 388 2597
68892 171 31096 388 5771 388 69184 171 69948 171 2597
68892 171 31096 388 5771 388 69184 171 69948 388 2597
68892 171 31096 171 18360 388 60572 332 29064 31 60674 171 2597
68892 171 31096 388 36821 228 75476 171 42161 388 11844 171 2597
68892 171 31096 388 36821 228 75476 171 42161 388 11844 388 2597
68892 171 31096 388 36821 228 75476 171 42161 388 11844 388 70357 171 2597
68892 171 31096 388 36821 228 75476 171 42161 388 11844 388 70357 388 2597
68892 171 31096 388 30186 358 9577 28 40635 358 27215 358 37313 28 2597
