38128 379 1483
38128 398 52008 379 1483
38128 15 63319 15 44022 379 1483
38128 15 63319 15 69304 379 1483
38128 15 70550 256 48065 379 1483
38128 15 70550 256 54168 379 1483
38128 15 22928 398 3890 379 1483
38128 15 22928 398 72849 379 1483
38128 15 22928 382 37057 379 1483
38128 15 22928 382 54070 379 1483
38128 15 22928 382 16174 379 1483
38128 15 22928 382 6983 379 1483
38128 382 2748 6 7077 379 1483
38128 300 62434 211 53145 379 1483
38128 217 9911 5 28511 379 1483
38128 217 9911 5 56943 379 1483
38128 217 9911 5 39066 379 1483
38128 217 9911 5 33316 379 1483
38128 217 9911 5 66068 379 1483
38128 217 9911 5 69700 379 1483
38128 217 9911 5 59497 379 1483
38128 80 38944 315 38273 379 1483
38128 80 38944 315 31076 379 1483
38128 80 38944 315 35333 379 1483
38128 80 38944 315 34230 379 1483
38128 80 38944 315 18896 379 1483
38128 80 38944 315 4901 379 1483
38128 80 38944 315 11188 379 1483
38128 80 38944 315 44353 379 1483
38128 80 38944 315 38868 379 1483
38128 80 38944 315 6222 379 1483
38128 80 38944 315 71212 379 1483
38128 80 38944 315 453 379 1483
38128 80 38944 315 57926 379 1483
38128 80 38944 315 57273 379 1483
38128 80 38944 315 36746 379 1483
38128 80 38944 91 39870 379 1483
38128 85 17058 112 8260 379 1483
38128 85 17058 112 47423 379 1483
38128 85 17058 112 11324 379 1483
38128 85 17058 112 68575 379 1483
38128 85 17058 112 7244 379 1483
38128 85 17058 112 55846 379 1483
38128 85 17058 191 49073 379 1483
38128 85 17058 191 41507 379 1483
38128 203 60073 396 67699 379 1483
38128 15 70550 332 29052 31 51747 379 1483
38128 15 70550 151 41897 28 31299 379 1483
38128 15 70550 297 61222 142 65618 379 1483
38128 15 11658 172 52734 172 68448 379 1483
38128 398 45713 296 20492 99 6330 379 1483
38128 382 8039 303 25928 338 38464 379 1483
38128 300 62434 211 3650 124 62598 379 1483
38128 104 69092 75 34480 91 70653 379 1483
38128 104 69092 294 19933 64 70691 379 1483
38128 15 63319 15 44022 85 13535 191 68182 379 1483
38128 15 63319 15 44022 117 3580 334 37529 379 1483
38128 15 63319 15 69304 265 30796 222 74021 379 1483
38128 15 70550 300 59812 110 45948 381 2149 379 1483
38128 15 70550 332 65857 31 63694 334 28916 379 1483
38128 15 28376 32 1444 300 66239 88 36941 379 1483
38128 15 28376 321 24058 300 49783 88 61086 379 1483
38128 15 28376 321 24058 300 49783 88 36333 379 1483
38128 15 22928 382 16174 141 26528 385 70381 379 1483
38128 15 22928 382 16174 254 14735 256 46912 379 1483
38128 85 17058 112 22832 85 15258 191 65438 379 1483
38128 104 69092 142 39737 15 64579 15 10133 379 1483
