38273 379 1483
38273 80 38944 315 38128 379 1483
38273 80 38944 315 16174 379 1483
38273 80 38944 315 44022 379 1483
38273 80 38944 315 3890 379 1483
38273 80 38944 315 28511 379 1483
38273 80 38944 315 7077 379 1483
38273 80 38944 315 69304 379 1483
38273 80 38944 315 31076 379 1483
38273 80 38944 315 35333 379 1483
38273 80 38944 315 34230 379 1483
38273 80 38944 315 18896 379 1483
38273 80 38944 315 56943 379 1483
38273 80 38944 315 4901 379 1483
38273 80 38944 315 39066 379 1483
38273 80 38944 315 11188 379 1483
38273 80 38944 315 48065 379 1483
38273 80 38944 315 72849 379 1483
38273 80 38944 315 66068 379 1483
38273 80 38944 315 44353 379 1483
38273 80 38944 315 38868 379 1483
38273 80 38944 315 6222 379 1483
38273 80 38944 315 71212 379 1483
38273 80 38944 315 69700 379 1483
38273 80 38944 315 453 379 1483
38273 80 38944 315 57926 379 1483
38273 80 38944 315 57273 379 1483
38273 80 38944 315 36746 379 1483
38273 80 38944 91 39870 379 1483
38273 80 38944 91 59497 379 1483
38273 265 19933 64 47423 379 1483
38273 265 19933 64 70691 379 1483
38273 265 19933 64 11324 379 1483
38273 80 38944 315 38128 398 52008 379 1483
38273 80 38944 315 18549 257 65618 379 1483
38273 80 38944 114 53782 256 6983 379 1483
38273 80 38944 114 53782 5 31299 379 1483
38273 80 38944 32 67410 64 55846 379 1483
38273 80 38944 354 57047 142 38464 379 1483
38273 80 38944 310 1444 256 54168 379 1483
38273 80 38944 75 33054 277 49073 379 1483
38273 384 22368 237 50691 123 41507 379 1483
38273 384 22368 332 29065 31 51747 379 1483
38273 80 38944 315 13437 217 9911 5 33316 379 1483
38273 80 38944 315 13437 217 9911 5 37057 379 1483
38273 80 38944 315 13437 85 17058 112 8260 379 1483
38273 80 38944 315 13437 85 17058 112 54070 379 1483
38273 80 38944 315 13437 85 17058 112 68575 379 1483
38273 80 38944 315 13437 85 17058 112 7244 379 1483
38273 80 38944 315 10896 384 3650 124 62598 379 1483
38273 80 38944 315 10896 117 3580 334 37529 379 1483
38273 80 38944 315 48029 296 20492 99 6330 379 1483
38273 80 38944 315 38128 300 62434 211 53145 379 1483
38273 80 38944 315 38128 203 60073 396 67699 379 1483
38273 80 38944 315 48195 265 30796 222 74021 379 1483
38273 80 38944 315 5190 85 74832 112 36941 379 1483
38273 80 38944 315 16174 374 13535 191 68182 379 1483
38273 80 38944 315 16174 141 26528 385 70381 379 1483
38273 80 38944 315 16174 254 14735 256 46912 379 1483
38273 80 38944 315 60665 37 34480 91 70653 379 1483
38273 80 38944 315 16377 309 73723 182 2149 379 1483
38273 80 38944 315 57273 379 3786 88 36333 379 1483
38273 80 38944 315 57273 379 49783 88 61086 379 1483
38273 80 38944 75 33054 277 63694 334 28916 379 1483
38273 265 19933 64 22832 85 15258 191 65438 379 1483
38273 80 38944 315 4421 296 1819 99 64579 15 10133 379 1483
38273 80 38944 315 38128 15 11658 172 52734 172 68448 379 1483
