8078 379 66239
8078 379 61696 88 6330 379 66239
8078 379 61696 88 36941 379 66239
8078 379 61696 88 20839 379 66239
8078 379 61696 88 34418 379 66239
8078 379 61696 88 47824 379 66239
8078 379 61696 88 6422 379 66239
8078 379 61696 88 69820 379 66239
8078 379 61696 88 33377 379 66239
8078 379 61696 88 38265 379 66239
8078 379 61696 88 65618 379 66239
8078 379 61696 88 70652 379 66239
8078 379 61696 88 67892 379 66239
8078 292 52898 65 8487 379 66239
8078 292 52898 65 35110 379 66239
8078 292 52898 65 36992 379 66239
8078 379 61696 88 69820 257 70739 379 66239
8078 379 61696 88 69820 257 3193 379 66239
8078 379 61696 88 33377 398 67791 300 66239
8078 379 61696 88 33377 321 24058 300 66239
8078 379 61696 88 33377 202 1444 300 66239
8078 379 61696 88 65618 270 36227 379 66239
8078 379 61696 88 65618 270 62552 379 66239
8078 379 61696 88 65618 270 57604 379 66239
8078 379 61696 88 65618 270 13449 379 66239
8078 379 61696 88 65618 104 15756 300 66239
8078 292 52898 338 39737 15 57936 300 66239
8078 292 52898 338 39737 15 25233 300 66239
8078 292 52898 252 33054 277 12741 300 66239
8078 292 52898 252 33054 277 53598 300 66239
8078 292 52898 252 33054 277 36689 300 66239
8078 292 52898 252 33054 32 42166 300 66239
8078 292 52898 252 33054 32 75205 300 66239
8078 292 52898 358 17726 28 5496 379 66239
8078 292 52898 65 58242 270 24437 379 66239
8078 379 61696 88 20839 217 59220 5 50323 379 66239
8078 379 61696 88 20839 217 59220 5 4070 379 66239
8078 379 61696 88 20839 217 59220 164 67094 300 66239
8078 379 61696 88 20839 217 59220 164 20626 300 66239
8078 379 61696 88 20839 217 59220 356 72079 300 66239
8078 379 61696 88 6422 85 64632 249 18597 300 66239
8078 379 61696 88 69820 332 65855 31 32723 300 66239
8078 379 61696 88 69820 332 65855 31 46350 300 66239
8078 379 61696 88 69820 332 65855 31 67997 300 66239
8078 379 61696 88 69820 332 65855 31 42505 300 66239
8078 379 61696 88 69820 332 65855 31 47566 300 66239
8078 379 61696 88 69820 332 65855 31 71525 300 66239
8078 379 61696 88 69820 332 65855 31 37302 300 66239
8078 379 61696 88 69820 332 65855 31 1600 300 66239
8078 379 61696 88 69820 332 65855 31 46549 300 66239
8078 379 61696 88 69820 332 65855 31 27205 300 66239
8078 379 61696 88 69820 332 65855 31 64590 300 66239
8078 379 61696 88 69820 332 65855 31 37744 300 66239
8078 379 61696 88 69820 332 65855 31 31910 300 66239
8078 379 61696 88 69820 332 65855 31 26159 300 66239
8078 379 61696 88 69820 332 65853 31 3394 300 66239
8078 379 61696 88 69820 332 65853 31 2060 300 66239
8078 379 61696 88 69820 332 65857 31 63530 300 66239
8078 379 61696 88 69820 332 29065 31 33744 300 66239
8078 379 61696 88 69820 332 29064 31 40002 300 66239
8078 379 61696 88 69820 14 55113 15 19215 300 66239
8078 379 61696 88 69820 104 61222 231 22800 300 66239
8078 379 61696 88 69820 104 61222 231 71881 300 66239
8078 379 61696 88 69820 104 61222 231 59259 300 66239
8078 379 61696 88 69820 104 61222 231 27901 300 66239
8078 379 61696 88 69820 104 61222 231 9015 300 66239
8078 379 61696 88 69820 104 61222 231 47724 300 66239
8078 379 61696 88 69820 104 61222 231 63964 300 66239
8078 379 61696 88 69820 104 69092 114 60924 300 66239
8078 379 61696 88 69820 104 69092 294 284 300 66239
8078 379 61696 88 69820 104 69092 294 18100 300 66239
8078 379 61696 88 33377 332 65856 31 33697 300 66239
8078 379 61696 88 33377 379 34828 88 15033 379 66239
8078 379 61696 88 33377 202 1444 114 27376 300 66239
8078 379 61696 88 65618 379 55212 211 38348 300 66239
8078 379 61696 88 65618 379 55212 211 27327 300 66239
8078 379 61696 88 65618 379 55212 211 14010 300 66239
8078 292 52898 252 33054 277 67332 350 15401 300 66239
8078 292 52898 252 33054 277 6526 398 71334 379 66239
8078 292 52898 252 33054 32 60885 359 3710 300 66239
8078 292 52898 252 33054 151 62434 211 19219 300 66239
8078 292 52898 252 33054 151 62434 211 26537 300 66239
8078 292 52898 252 33054 151 62434 211 28617 300 66239
8078 292 52898 252 33054 151 62434 211 60391 300 66239
8078 292 52898 252 33054 151 62434 211 31333 300 66239
8078 292 52898 252 33054 151 62434 211 27388 300 66239
8078 292 52898 252 33054 151 62434 211 49910 300 66239
8078 292 52898 252 33054 151 62434 211 55908 300 66239
8078 292 52898 252 33054 151 62434 211 3447 300 66239
8078 292 52898 252 33054 151 62434 211 19210 300 66239
8078 292 52898 252 33054 151 62434 211 8145 300 66239
8078 292 52898 252 33054 151 62434 211 32709 300 66239
8078 292 52898 252 33054 151 62434 211 53848 300 66239
8078 292 52898 252 33054 151 62434 211 48374 300 66239
8078 292 52898 252 33054 151 62434 211 50085 300 66239
8078 292 52898 252 33054 151 62434 211 66459 300 66239
8078 379 61696 88 6330 379 1483 88 54168 254 73969 300 66239
8078 379 61696 88 6330 379 1483 88 54168 254 31989 300 66239
8078 379 61696 88 20839 217 59220 5 4070 15 73635 300 66239
8078 379 61696 88 69820 332 65855 31 17630 256 40335 379 66239
8078 379 61696 88 69820 332 65855 31 19295 323 72578 300 66239
8078 379 61696 88 69820 332 29065 31 33744 123 60511 379 66239
8078 379 61696 88 33377 321 24058 300 65810 211 42564 300 66239
8078 379 61696 88 33377 321 24058 300 65810 211 59973 300 66239
8078 379 61696 88 33377 321 24058 300 26313 211 56477 300 66239
8078 379 61696 88 33377 321 24058 300 26313 211 45959 300 66239
8078 379 61696 88 69820 332 65855 31 67997 396 73009 35 40081 300 66239
