52103 357 2907
52103 357 10184 105 63771 172 2907
52103 357 10184 105 63771 105 2907
52103 357 10184 356 42173 373 2907
52103 105 52734 105 34222 336 2907
52103 105 52734 105 34222 255 2907
52103 213 59108 121 37269 255 2907
52103 213 59108 121 3007 336 2907
52103 213 59108 121 3007 255 2907
52103 336 58964 336 72387 336 2907
52103 336 58964 336 72387 255 2907
52103 336 53751 255 32685 336 2907
52103 336 53751 255 32685 255 2907
52103 213 59108 121 3007 213 48362 121 2907
52103 336 53751 155 69092 294 14161 336 2907
52103 336 53751 155 69092 294 14161 255 2907
