15664 180 28577
15664 29 60746 306 63948 180 28577
15664 29 60746 306 62822 180 28577
15664 29 60746 306 57443 180 28577
15664 29 60746 306 28031 180 28577
15664 29 60746 306 73252 180 28577
15664 29 60746 306 5767 180 28577
15664 29 60746 306 27776 180 28577
15664 29 60746 306 53497 1 28577
15664 29 60746 306 41838 180 28577
15664 29 60746 306 8307 151 33054 277 63936 180 28577
15664 29 60746 306 8307 151 33054 277 41491 180 28577
15664 29 60746 306 8307 151 33054 277 59335 180 28577
15664 29 60746 306 8307 151 33054 252 57147 180 28577
15664 29 60746 306 8307 151 33054 252 60943 180 28577
15664 29 60746 306 8307 151 33054 252 24321 180 28577
15664 29 60746 306 8307 151 33054 252 27595 180 28577
15664 29 60746 306 8307 151 33054 252 62108 180 28577
15664 29 60746 306 8307 151 33054 252 44040 180 28577
15664 29 60746 306 24403 332 65853 31 9105 180 28577
15664 29 60746 306 24403 180 10392 71 43591 180 28577
15664 29 60746 306 24403 180 10392 71 69638 180 28577
15664 29 60746 306 24403 29 42543 306 55396 180 28577
15664 29 60746 306 24403 29 42543 306 5364 180 28577
15664 29 60746 306 62822 152 48613 326 30135 180 28577
15664 29 60746 306 62822 152 48613 326 62035 1 28577
15664 29 60746 306 17574 180 67319 71 61596 180 28577
15664 29 60746 306 17574 180 67319 71 67440 180 28577
15664 29 60746 306 17574 180 67319 71 22646 180 28577
15664 29 60746 306 17574 180 67319 71 62432 180 28577
15664 29 60746 306 17574 180 67319 71 57271 180 28577
15664 29 60746 306 17574 180 67319 71 66516 180 28577
15664 29 60746 306 17574 180 67319 71 19313 180 28577
15664 29 60746 306 53497 1 44310 343 59337 1 28577
15664 29 60746 306 24403 332 65856 369 41897 32 14702 180 28577
15664 29 60746 306 24403 180 10392 71 37434 181 7721 81 61274 180 28577
15664 29 60746 306 24403 29 42543 306 38705 7 69523 145 3578 180 28577
15664 29 60746 306 27608 29 64058 306 68393 314 4967 3 6918 180 28577
15664 29 60746 306 69216 347 56026 109 16633 109 2433 328 29833 180 28577
