24403 180 10392
24403 29 39786 180 10392
24403 332 65853 31 16161 180 10392
24403 332 65853 31 65305 180 10392
24403 332 65856 31 5767 180 10392
24403 332 29065 31 66896 180 10392
24403 29 42543 306 43591 180 10392
24403 29 42543 306 39287 180 10392
24403 29 42543 306 11177 180 10392
24403 29 42543 306 22541 180 10392
24403 29 60746 306 62822 180 10392
24403 29 60746 306 2291 180 10392
24403 29 60746 306 67992 180 10392
24403 29 60746 306 17574 180 10392
24403 29 60746 306 39189 180 10392
24403 29 60746 306 28031 180 10392
24403 29 60746 306 42062 180 10392
24403 29 60746 306 41838 180 10392
24403 369 33054 277 15526 180 10392
24403 369 33054 252 33128 180 10392
24403 369 33054 252 62747 180 10392
24403 369 33054 252 73056 180 10392
24403 369 33054 252 45836 180 10392
24403 332 65853 31 61962 288 575 180 10392
24403 332 65853 31 75274 377 10911 238 10392
24403 332 65853 369 69092 294 6714 180 10392
24403 332 29065 31 22411 252 2945 180 10392
24403 369 33054 277 6452 346 68419 180 10392
24403 369 33054 252 65857 31 23543 180 10392
24403 332 65853 31 34575 358 9577 28 23208 180 10392
24403 332 65853 31 24058 196 8453 288 48287 180 10392
24403 332 65853 31 9105 180 28577 71 69638 180 10392
24403 332 65853 31 32937 229 18699 302 62618 180 10392
24403 332 65853 31 19694 322 14429 266 43837 180 10392
24403 332 65853 31 19694 322 38784 92 66774 180 10392
24403 332 23453 31 41491 152 48613 326 37434 180 10392
24403 332 29065 31 38002 255 69443 266 68647 180 10392
24403 29 42543 306 43591 344 30690 225 17444 180 10392
24403 29 60746 306 27608 29 64058 306 9166 180 10392
24403 332 65853 31 75371 185 25324 318 63277 69 31571 180 10392
24403 332 29064 31 21202 241 15401 98 33274 81 16400 180 10392
