19847 383 55787
19847 84 26411 246 55787
19847 75 34219 155 55787
19847 290 56412 100 55787
19847 290 8607 100 55787
19847 290 62647 100 55787
19847 290 30823 100 55787
19847 290 70563 100 55787
19847 290 55983 100 55787
19847 290 17555 100 55787
19847 290 9959 100 55787
19847 290 8774 100 55787
19847 290 2943 100 55787
19847 290 7990 100 55787
19847 297 61222 231 55787
19847 332 29064 31 55787
19847 290 11356 367 64316 34 55787
19847 290 18652 356 43338 34 55787
19847 290 8774 367 36030 100 55787
19847 114 72858 155 20177 290 7785 227 55787
19847 114 72858 155 705 114 55037 100 55787
19847 114 72858 100 45550 290 40891 100 55787
19847 114 72858 100 75101 290 4302 100 55787
19847 84 6289 246 32131 290 23326 100 55787
19847 84 6289 246 32131 290 73765 100 55787
19847 84 6289 246 32131 26 59354 100 55787
19847 75 69092 294 69900 290 47657 100 55787
19847 297 61222 231 20718 26 2829 100 55787
