26733 37 14614
26733 217 17518 5 8511 37 14614
26733 80 22537 315 10042 37 14614
26733 80 22537 315 43357 37 14614
26733 80 22537 315 22868 37 14614
26733 80 22537 315 70680 37 14614
26733 80 22537 315 37057 37 14614
26733 85 64632 112 10519 37 14614
26733 85 64632 369 41897 32 14614
26733 217 17518 5 49073 369 33054 277 14614
26733 217 17518 5 49073 369 33054 151 14614
26733 217 17518 5 48065 217 53782 155 14614
26733 80 22537 315 69820 104 69092 75 14614
26733 80 22537 315 69820 104 69092 114 14614
26733 85 64632 369 41897 32 12051 383 14614
26733 217 17518 5 47560 296 30382 99 18501 37 14614
26733 217 17518 5 8511 117 3580 334 29094 384 14614
26733 217 17518 5 15254 296 20492 99 68382 37 14614
26733 217 17518 5 7077 384 3650 123 57989 384 14614
26733 217 17518 5 72687 217 59220 5 27350 37 14614
26733 217 17518 164 29753 147 17373 28 12546 37 14614
