34419 37 16834
34419 155 29427 114 33095 155 16834
34419 155 29427 114 49880 155 16834
34419 155 29427 114 21109 155 16834
34419 155 29427 114 21109 32 16834
34419 155 29427 75 33054 277 16834
34419 155 29427 75 33054 151 16834
34419 155 29427 75 27067 32 16834
34419 155 29427 75 17869 32 16834
34419 155 29427 75 46206 32 16834
34419 155 29427 383 69092 294 16834
34419 155 29427 290 72858 155 16834
34419 155 29427 28 73592 358 16834
34419 155 29427 297 61222 231 16834
34419 155 29427 332 65855 31 16834
34419 155 29427 332 65861 31 16834
34419 155 29427 332 65853 31 16834
34419 155 29427 332 1705 31 16834
34419 155 29427 332 10045 31 16834
34419 155 29427 332 65857 31 16834
34419 155 29427 332 1707 31 16834
34419 155 29427 332 29064 31 16834
34419 155 29427 332 23453 31 16834
34419 155 29427 332 29065 31 16834
34419 155 29427 332 68334 31 16834
34419 155 29427 332 29061 31 16834
34419 155 29427 332 68336 31 16834
34419 155 29427 332 68337 31 16834
34419 155 29427 151 41897 32 16834
34419 155 29427 114 33095 155 67410 383 16834
34419 155 29427 114 30112 172 53751 277 16834
34419 155 29427 114 30112 172 53751 28 16834
34419 155 29427 114 30112 172 53751 32 16834
34419 155 29427 114 30112 172 53751 151 16834
34419 155 29427 75 23705 32 47068 277 16834
34419 155 29427 75 23705 32 47068 294 16834
34419 155 29427 75 33054 277 21115 303 16834
34419 155 29427 75 33054 252 68135 32 16834
34419 155 29427 75 33054 32 48225 383 16834
34419 155 29427 383 69092 294 62180 294 16834
34419 155 29427 383 69092 151 12340 31 16834
34419 155 29427 383 69092 151 35877 31 16834
34419 155 29427 383 69092 151 40319 31 16834
34419 155 29427 383 69092 277 60305 31 16834
34419 155 29427 383 69092 277 40407 31 16834
34419 155 29427 383 69092 277 51359 31 16834
34419 155 29427 383 69092 277 6696 31 16834
34419 155 29427 252 5319 222 29063 202 16834
34419 155 29427 290 72858 100 59845 294 16834
34419 155 29427 172 17373 28 41411 32 16834
34419 155 29427 342 25928 332 54134 31 16834
34419 155 29427 332 29065 31 21448 32 16834
34419 155 29427 32 51420 369 3643 277 16834
34419 155 29427 321 32357 332 48570 31 16834
34419 155 29427 385 54168 85 17058 112 36348 155 16834
34419 155 29427 114 33095 155 67410 64 17898 155 16834
34419 155 29427 114 33095 155 67410 75 36145 32 16834
34419 155 29427 114 33095 155 67410 75 3844 32 16834
34419 155 29427 114 33095 155 67410 75 17211 32 16834
34419 155 29427 114 33095 155 67410 75 56325 32 16834
34419 155 29427 114 33095 155 67410 75 6211 32 16834
34419 155 29427 114 33095 155 67410 75 72757 32 16834
34419 155 29427 114 33095 155 67410 75 27733 358 16834
34419 155 29427 114 33095 155 67410 75 2305 32 16834
34419 155 29427 114 33095 155 67410 75 52803 32 16834
34419 155 29427 114 33095 155 67410 75 37273 32 16834
34419 155 29427 114 33095 155 67410 75 4620 32 16834
34419 155 29427 114 33095 155 67410 75 32284 32 16834
34419 155 29427 114 33095 155 67410 383 1251 294 16834
34419 155 29427 114 31011 383 75101 75 2239 252 16834
34419 155 29427 114 31011 383 75101 75 2239 32 16834
34419 155 29427 114 31011 383 75101 75 2239 151 16834
34419 155 29427 114 30112 172 53751 28 4546 32 16834
34419 155 29427 114 30112 172 53751 28 1453 32 16834
34419 155 29427 114 30112 172 53751 256 52125 32 16834
34419 155 29427 114 25694 227 32131 315 11599 37 16834
34419 155 29427 114 25694 227 32131 75 67129 32 16834
34419 155 29427 114 25694 227 32131 75 56486 32 16834
34419 155 29427 114 25694 227 32131 75 49757 32 16834
34419 155 29427 114 25694 227 32131 75 66951 32 16834
34419 155 29427 114 25694 227 32131 75 9843 32 16834
34419 155 29427 114 25694 227 32131 75 24750 32 16834
34419 155 29427 114 25694 227 32131 70 55911 294 16834
34419 155 29427 75 33054 252 21707 28 51462 358 16834
34419 155 29427 75 73624 116 41876 23 74493 32 16834
34419 155 29427 290 72858 155 10684 369 52249 277 16834
