38273 80 38944
38273 37 38944
38273 379 1483 88 38128 80 38944
38273 379 1483 88 38128 37 38944
38273 379 1483 88 16174 80 38944
38273 379 1483 88 16174 37 38944
38273 379 1483 88 44022 80 38944
38273 379 1483 88 44022 37 38944
38273 379 1483 88 3890 80 38944
38273 379 1483 88 3890 37 38944
38273 379 1483 88 28511 80 38944
38273 379 1483 88 39870 37 38944
38273 379 1483 88 7077 80 38944
38273 379 1483 88 69304 80 38944
38273 379 1483 88 69304 37 38944
38273 379 1483 88 31076 80 38944
38273 379 1483 88 31076 37 38944
38273 379 1483 88 35333 80 38944
38273 379 1483 88 35333 37 38944
38273 379 1483 88 34230 80 38944
38273 379 1483 88 34230 37 38944
38273 379 1483 88 18896 80 38944
38273 379 1483 88 56943 80 38944
38273 379 1483 88 4901 80 38944
38273 379 1483 88 4901 37 38944
38273 379 1483 88 39066 80 38944
38273 379 1483 88 39066 37 38944
38273 379 1483 88 11188 80 38944
38273 379 1483 88 11188 37 38944
38273 379 1483 88 48065 80 38944
38273 379 1483 88 48065 37 38944
38273 379 1483 88 72849 80 38944
38273 379 1483 88 66068 80 38944
38273 379 1483 88 44353 80 38944
38273 379 1483 88 44353 37 38944
38273 379 1483 88 38868 80 38944
38273 379 1483 88 38868 37 38944
38273 379 1483 88 6222 80 38944
38273 379 1483 88 6222 37 38944
38273 379 1483 88 71212 80 38944
38273 379 1483 88 69700 80 38944
38273 379 1483 88 69700 37 38944
38273 379 1483 88 453 80 38944
38273 379 1483 88 57926 80 38944
38273 379 1483 88 57926 37 38944
38273 379 1483 88 57273 80 38944
38273 379 1483 88 36746 80 38944
38273 379 1483 88 36746 37 38944
38273 379 1483 88 59497 37 38944
38273 384 22368 123 32904 37 38944
38273 384 22368 123 68162 80 38944
38273 384 22368 383 69092 75 38944
38273 384 22368 383 69092 114 38944
38273 384 11708 123 5190 80 38944
38273 384 11708 123 5190 37 38944
38273 384 11708 123 54965 80 38944
38273 384 11708 123 34691 80 38944
38273 384 11708 123 34691 37 38944
38273 384 11708 123 50899 80 38944
38273 384 11708 123 50899 37 38944
38273 384 11708 123 23800 80 38944
38273 384 11708 123 23800 37 38944
38273 384 11708 123 68542 80 38944
38273 384 11708 123 68542 37 38944
38273 384 11708 123 5496 80 38944
38273 384 11708 222 41435 80 38944
38273 384 11708 222 41435 37 38944
38273 384 11708 75 41897 252 38944
38273 384 11708 369 33054 32 38944
38273 265 19933 64 13437 80 38944
38273 265 19933 64 13437 37 38944
38273 265 19933 64 10896 80 38944
38273 265 19933 64 10896 37 38944
38273 265 19933 64 48029 80 38944
38273 265 19933 64 48029 37 38944
38273 265 19933 64 40683 80 38944
38273 265 19933 64 40683 37 38944
38273 265 19933 64 63414 80 38944
38273 265 19933 64 52094 80 38944
38273 265 19933 64 52094 37 38944
38273 265 19933 64 48195 80 38944
38273 265 19933 64 48195 37 38944
38273 265 19933 64 17171 37 38944
38273 265 19933 64 74833 80 38944
38273 265 19933 64 74833 37 38944
38273 265 19933 64 70808 80 38944
38273 265 19933 64 70808 37 38944
38273 265 19933 64 4120 80 38944
38273 265 19933 64 4120 37 38944
38273 265 19933 64 3354 80 38944
38273 265 19933 64 59147 80 38944
38273 265 19933 64 35283 80 38944
38273 265 19933 64 71797 80 38944
38273 265 19933 64 35347 80 38944
38273 265 19933 64 35347 37 38944
38273 265 19933 64 37047 80 38944
38273 265 19933 64 37047 37 38944
38273 265 19933 64 58671 80 38944
38273 265 19933 64 15964 80 38944
38273 265 19933 64 47937 80 38944
38273 265 19933 64 36374 80 38944
38273 265 19933 64 36374 37 38944
38273 265 19933 64 10519 80 38944
38273 265 19933 64 23721 80 38944
38273 265 19933 64 23721 37 38944
38273 265 19933 64 60675 37 38944
38273 265 19933 64 49651 80 38944
38273 265 19933 64 49651 37 38944
38273 265 19933 64 35279 37 38944
38273 265 19933 64 48284 80 38944
38273 265 19933 64 48284 37 38944
38273 265 19933 64 57080 80 38944
38273 265 19933 64 57080 37 38944
38273 265 19933 64 8593 80 38944
38273 265 19933 64 8593 37 38944
38273 265 19933 64 72371 80 38944
38273 265 19933 64 72371 37 38944
38273 265 19933 64 30262 80 38944
38273 265 19933 64 30262 37 38944
38273 265 19933 64 29777 80 38944
38273 265 19933 64 29777 37 38944
38273 265 19933 64 11059 80 38944
38273 265 19933 64 36348 37 38944
38273 265 19933 64 45970 80 38944
38273 265 19933 64 45970 37 38944
38273 265 19933 64 63292 80 38944
38273 265 19933 64 22955 80 38944
38273 265 19933 64 22955 37 38944
38273 265 19933 64 10797 80 38944
38273 265 19933 64 10797 37 38944
38273 265 19933 64 48679 80 38944
38273 265 19933 64 48679 37 38944
38273 265 19933 64 52707 80 38944
38273 265 19933 64 64733 80 38944
38273 265 19933 64 38996 80 38944
38273 265 19933 64 8318 80 38944
38273 265 19933 64 50547 80 38944
38273 265 19933 64 50547 37 38944
38273 265 19933 64 21419 80 38944
38273 265 19933 64 21419 37 38944
38273 265 19933 64 41792 80 38944
38273 265 19933 64 65682 80 38944
38273 265 19933 64 65682 37 38944
38273 265 19933 64 17660 80 38944
38273 265 19933 64 17660 37 38944
38273 265 19933 64 43370 80 38944
38273 265 19933 64 43370 37 38944
38273 265 19933 64 60434 80 38944
38273 265 19933 64 27545 80 38944
38273 265 19933 64 50538 80 38944
38273 265 19933 64 50538 37 38944
38273 265 19933 64 67545 37 38944
38273 265 19933 64 75039 80 38944
38273 265 19933 64 75039 37 38944
38273 265 19933 64 52667 37 38944
38273 265 19933 64 9852 80 38944
38273 265 19933 64 9852 37 38944
38273 265 19933 64 73400 80 38944
38273 265 19933 64 59979 80 38944
38273 265 19933 64 59979 37 38944
38273 265 19933 64 57982 37 38944
38273 265 19933 64 74772 37 38944
38273 265 19933 64 43072 80 38944
38273 265 19933 64 43072 37 38944
38273 265 19933 64 71447 80 38944
38273 265 19933 64 65877 80 38944
38273 265 19933 64 65877 37 38944
38273 265 19933 64 39226 80 38944
38273 265 19933 64 72145 80 38944
38273 265 19933 64 72145 37 38944
38273 265 19933 64 70937 80 38944
38273 265 19933 64 70937 37 38944
38273 265 19933 64 15495 80 38944
38273 265 19933 64 15495 37 38944
38273 265 19933 64 56811 37 38944
38273 265 19933 64 9348 80 38944
38273 265 19933 64 9348 37 38944
38273 265 19933 64 6444 80 38944
38273 265 19933 64 6444 37 38944
38273 265 19933 64 20633 80 38944
38273 265 19933 64 20633 37 38944
38273 265 19933 64 54397 80 38944
38273 265 19933 64 54397 37 38944
38273 265 19933 383 63370 75 38944
38273 265 19933 294 1444 383 38944
38273 265 19933 294 1444 28 38944
38273 265 19933 294 1444 107 38944
38273 265 19933 151 42789 277 38944
38273 265 19933 231 57047 240 38944
38273 379 1483 88 28511 330 16193 80 38944
38273 379 1483 88 28511 330 16193 37 38944
38273 379 1483 88 7077 386 28684 80 38944
38273 379 1483 88 18896 265 67410 75 38944
38273 379 1483 88 18896 265 14859 107 38944
38273 379 1483 88 4901 73 26509 80 38944
38273 379 1483 88 4901 73 26509 37 38944
38273 379 1483 88 6983 254 53782 155 38944
38273 379 1483 88 31299 15 53751 28 38944
38273 379 1483 88 54168 254 15756 107 38944
38273 379 1483 88 54168 254 15756 383 38944
38273 379 1483 88 65618 270 18549 80 38944
38273 379 1483 88 65618 270 18549 37 38944
38273 379 1483 88 65618 104 40134 294 38944
38273 379 1483 88 69700 281 8511 80 38944
38273 379 1483 88 69700 386 44363 80 38944
38273 379 1483 88 69700 386 44363 37 38944
38273 384 22368 282 72858 155 25099 107 38944
38273 384 22368 383 69092 75 16913 32 38944
38273 384 22368 383 69092 75 25961 32 38944
38273 384 22368 383 69092 75 25961 358 38944
38273 384 22368 383 69092 32 51420 75 38944
38273 384 22368 383 69092 32 51420 28 38944
38273 384 22368 383 69092 32 51420 277 38944
38273 384 22368 383 69092 32 51420 151 38944
38273 384 22368 383 69092 294 17575 294 38944
38273 384 22368 383 69092 294 27613 75 38944
38273 384 22368 383 69092 294 27613 277 38944
38273 384 22368 383 69092 294 12051 383 38944
38273 384 22368 383 69092 294 12051 25 38944
38273 384 22368 383 69092 294 12051 28 38944
38273 384 22368 383 69092 294 14579 294 38944
38273 384 22368 383 69092 383 18442 53 38944
38273 384 22368 383 69092 383 73694 53 38944
38273 384 22368 383 71850 294 1861 75 38944
38273 384 22368 240 37729 222 26121 80 38944
38273 384 22368 240 37729 222 26121 37 38944
38273 384 22368 332 29061 31 32824 28 38944
38273 384 22368 332 23453 31 51254 80 38944
38273 384 22368 332 23453 31 51254 37 38944
38273 384 22368 332 23453 31 11756 80 38944
38273 384 22368 332 23453 31 11756 37 38944
38273 384 22368 332 29065 31 21448 53 38944
38273 384 22368 93 11637 75 6067 151 38944
38273 384 22368 93 31910 271 51246 80 38944
38273 384 22368 93 31910 271 51246 37 38944
38273 384 22368 285 11544 122 71484 63 38944
38273 384 11708 123 43544 27 54351 37 38944
38273 384 11708 75 41897 28 27602 358 38944
38273 384 11708 383 73556 75 27067 32 38944
38273 384 11708 383 73556 75 27067 358 38944
38273 384 11708 297 61222 142 24454 80 38944
38273 384 11708 297 61222 142 24454 37 38944
38273 384 11708 297 61222 231 18333 107 38944
38273 384 11708 332 10045 31 58576 80 38944
38273 384 11708 332 10045 31 58576 37 38944
38273 384 11708 332 65855 31 36335 37 38944
38273 384 11708 332 6058 31 20058 37 38944
38273 384 11708 294 4445 75 15647 277 38944
38273 384 11708 369 33054 277 31312 358 38944
38273 384 11708 95 3223 28 39576 80 38944
38273 384 11708 95 3223 28 39576 37 38944
38273 265 19933 64 60456 398 72687 80 38944
38273 265 19933 64 60456 398 72687 37 38944
38273 265 19933 64 71797 46 33067 80 38944
38273 265 19933 64 29777 14 25116 80 38944
38273 265 19933 64 29777 14 25116 37 38944
38273 265 19933 64 59979 27 54296 80 38944
38273 265 19933 64 59979 27 54296 37 38944
38273 265 19933 64 34437 390 3509 80 38944
38273 265 19933 64 6444 386 38802 37 38944
38273 265 19933 383 68623 8 75194 25 38944
38273 265 19933 383 64669 222 72323 80 38944
38273 265 19933 383 64669 222 72323 37 38944
38273 265 19933 277 31636 114 25694 294 38944
38273 265 19933 277 28944 259 17885 68 38944
38273 265 19933 277 5838 8 49607 25 38944
38273 265 19933 277 27248 8 25113 25 38944
38273 265 19933 172 17373 28 53965 80 38944
38273 265 19933 172 17373 28 53965 37 38944
38273 265 19933 373 20689 356 9518 383 38944
38273 67 29793 127 50614 42 34345 80 38944
38273 67 29793 127 50614 42 34345 37 38944
38273 67 29793 127 50614 42 30294 80 38944
38273 379 1483 88 38128 15 63319 15 1293 80 38944
38273 379 1483 88 38128 15 63319 15 1293 37 38944
38273 379 1483 88 38128 15 63319 15 74492 80 38944
38273 379 1483 88 38128 15 63319 15 49641 80 38944
38273 379 1483 88 38128 15 63319 15 49641 37 38944
38273 379 1483 88 38128 15 70550 369 53811 277 38944
38273 379 1483 88 38128 15 28376 32 41458 383 38944
38273 379 1483 88 38128 15 28376 294 47842 107 38944
38273 379 1483 88 38128 15 22928 382 67943 80 38944
38273 379 1483 88 38128 15 22928 382 67943 37 38944
38273 379 1483 88 38128 15 22928 382 6422 80 38944
38273 379 1483 88 38128 382 2748 6 14148 80 38944
38273 379 1483 88 38128 382 2748 6 14148 37 38944
38273 379 1483 88 38128 300 62434 211 32101 80 38944
38273 379 1483 88 38128 300 62434 211 74830 80 38944
38273 379 1483 88 38128 300 62434 211 72019 37 38944
38273 379 1483 88 38128 217 9911 5 45843 80 38944
38273 379 1483 88 38128 217 9911 5 1834 80 38944
38273 379 1483 88 38128 217 9911 5 1834 37 38944
38273 379 1483 88 38128 217 9911 5 27648 80 38944
38273 379 1483 88 38128 217 9911 5 69613 80 38944
38273 379 1483 88 38128 217 9911 5 69613 37 38944
38273 379 1483 88 38128 217 9911 5 336 80 38944
38273 379 1483 88 38128 217 9911 5 336 37 38944
38273 379 1483 88 38128 217 9911 5 32276 80 38944
38273 379 1483 88 38128 217 9911 5 32276 37 38944
38273 379 1483 88 38128 217 9911 5 3217 80 38944
38273 379 1483 88 38128 217 9911 5 3217 37 38944
38273 379 1483 88 38128 217 9911 5 59143 80 38944
38273 379 1483 88 38128 217 9911 5 2913 80 38944
38273 379 1483 88 38128 217 9911 5 2913 37 38944
38273 379 1483 88 38128 217 9911 5 40993 80 38944
38273 379 1483 88 38128 217 9911 5 40993 37 38944
38273 379 1483 88 38128 217 9911 5 18482 80 38944
38273 379 1483 88 38128 217 9911 5 34882 80 38944
38273 379 1483 88 38128 217 9911 5 34882 37 38944
38273 379 1483 88 38128 217 9911 5 69324 80 38944
38273 379 1483 88 38128 217 9911 5 69324 37 38944
38273 379 1483 88 38128 217 9911 5 25205 80 38944
38273 379 1483 88 38128 217 9911 5 25205 37 38944
38273 379 1483 88 38128 217 9911 5 27581 80 38944
38273 379 1483 88 38128 217 9911 5 27581 37 38944
38273 379 1483 88 38128 217 9911 5 11635 80 38944
38273 379 1483 88 38128 217 9911 5 11635 37 38944
38273 379 1483 88 38128 217 9911 5 17898 80 38944
38273 379 1483 88 38128 217 9911 5 17898 37 38944
38273 379 1483 88 38128 217 9911 5 11783 80 38944
38273 379 1483 88 38128 217 9911 5 11783 37 38944
38273 379 1483 88 38128 217 9911 5 55218 80 38944
38273 379 1483 88 38128 217 9911 5 17439 80 38944
38273 379 1483 88 38128 217 9911 5 17439 37 38944
38273 379 1483 88 38128 217 9911 5 30988 80 38944
38273 379 1483 88 38128 217 9911 5 68577 80 38944
38273 379 1483 88 38128 217 9911 5 68577 37 38944
38273 379 1483 88 38128 217 9911 5 32747 80 38944
38273 379 1483 88 38128 217 9911 5 32747 37 38944
38273 379 1483 88 38128 217 9911 5 71904 80 38944
38273 379 1483 88 38128 217 9911 5 17712 80 38944
38273 379 1483 88 38128 217 9911 5 17712 37 38944
38273 379 1483 88 38128 217 9911 5 16377 80 38944
38273 379 1483 88 38128 217 9911 5 16377 37 38944
38273 379 1483 88 38128 217 9911 5 23327 80 38944
38273 379 1483 88 38128 217 9911 5 23327 37 38944
38273 379 1483 88 38128 217 9911 5 53399 80 38944
38273 379 1483 88 38128 217 9911 5 53399 37 38944
38273 379 1483 88 38128 217 9911 5 26212 37 38944
38273 379 1483 88 38128 217 9911 5 43709 80 38944
38273 379 1483 88 38128 217 9911 5 52278 80 38944
38273 379 1483 88 38128 217 9911 5 52278 37 38944
38273 379 1483 88 38128 296 30382 99 10979 37 38944
38273 379 1483 88 38128 85 17058 112 44827 80 38944
38273 379 1483 88 38128 85 17058 112 44827 37 38944
38273 379 1483 88 38128 85 17058 112 74415 80 38944
38273 379 1483 88 38128 85 17058 112 74415 37 38944
38273 379 1483 88 38128 85 17058 112 68320 37 38944
38273 379 1483 88 38128 85 17058 112 4484 80 38944
38273 379 1483 88 38128 85 17058 112 4484 37 38944
38273 379 1483 88 38128 85 17058 112 379 80 38944
38273 379 1483 88 38128 85 17058 112 379 37 38944
38273 379 1483 88 38128 85 17058 112 43442 80 38944
38273 379 1483 88 38128 85 17058 112 30008 80 38944
38273 379 1483 88 38128 85 17058 112 30008 37 38944
38273 379 1483 88 38128 85 17058 112 37321 80 38944
38273 379 1483 88 38128 85 17058 112 37321 37 38944
38273 379 1483 88 38128 85 17058 112 29895 80 38944
38273 379 1483 88 38128 85 17058 112 51641 80 38944
38273 379 1483 88 38128 85 17058 112 51641 37 38944
38273 379 1483 88 38128 85 17058 112 63596 80 38944
38273 379 1483 88 38128 85 17058 112 63596 37 38944
38273 379 1483 88 38128 85 17058 112 28869 80 38944
38273 379 1483 88 38128 85 17058 112 28869 37 38944
38273 379 1483 88 38128 85 17058 112 20414 80 38944
38273 379 1483 88 38128 85 17058 112 20414 37 38944
38273 379 1483 88 38128 85 17058 112 8648 80 38944
38273 379 1483 88 38128 85 17058 112 59184 80 38944
38273 379 1483 88 38128 85 17058 112 38183 80 38944
38273 379 1483 88 38128 85 17058 112 38183 37 38944
38273 379 1483 88 38128 85 17058 112 73929 80 38944
38273 379 1483 88 38128 85 17058 112 73929 37 38944
38273 379 1483 88 38128 85 17058 112 6225 80 38944
38273 379 1483 88 38128 85 17058 112 6225 37 38944
38273 379 1483 88 38128 85 17058 112 41106 80 38944
38273 379 1483 88 38128 85 17058 112 53895 80 38944
38273 379 1483 88 38128 85 17058 112 53895 37 38944
38273 379 1483 88 38128 85 17058 112 46565 80 38944
38273 379 1483 88 38128 85 17058 112 14942 80 38944
38273 379 1483 88 38128 85 17058 112 14942 37 38944
38273 379 1483 88 38128 85 17058 112 34523 80 38944
38273 379 1483 88 38128 85 17058 112 67299 80 38944
38273 379 1483 88 38128 85 17058 112 60451 80 38944
38273 379 1483 88 38128 85 17058 112 60451 37 38944
38273 379 1483 88 38128 85 17058 112 56083 80 38944
38273 379 1483 88 38128 85 17058 112 56083 37 38944
38273 379 1483 88 38128 85 17058 112 47612 80 38944
38273 379 1483 88 38128 85 17058 112 47612 37 38944
38273 379 1483 88 38128 85 17058 112 44372 80 38944
38273 379 1483 88 38128 85 17058 112 1927 80 38944
38273 379 1483 88 38128 85 17058 112 1927 37 38944
38273 379 1483 88 38128 85 17058 112 15778 80 38944
38273 379 1483 88 38128 85 17058 112 49811 80 38944
38273 379 1483 88 38128 85 17058 112 49811 37 38944
38273 379 1483 88 38128 85 17058 112 66141 80 38944
38273 379 1483 88 38128 85 17058 112 66141 37 38944
38273 379 1483 88 38128 85 17058 112 20839 80 38944
38273 379 1483 88 38128 85 17058 112 66933 37 38944
38273 379 1483 88 38128 85 17058 112 17077 80 38944
38273 379 1483 88 38128 85 17058 112 17077 37 38944
38273 379 1483 88 38128 85 17058 112 49068 80 38944
38273 379 1483 88 38128 85 17058 112 62641 37 38944
38273 379 1483 88 38128 85 17058 112 69960 80 38944
38273 379 1483 88 38128 85 17058 112 69960 37 38944
38273 379 1483 88 38128 85 17058 112 32059 80 38944
38273 379 1483 88 38128 85 17058 112 32059 37 38944
38273 379 1483 88 38128 85 17058 112 72185 80 38944
38273 379 1483 88 38128 85 17058 112 72185 37 38944
38273 379 1483 88 38128 85 17058 112 13352 80 38944
38273 379 1483 88 38128 85 17058 112 13352 37 38944
38273 379 1483 88 38128 85 17058 112 52017 80 38944
38273 379 1483 88 38128 85 17058 112 11018 80 38944
38273 379 1483 88 38128 85 17058 112 11018 37 38944
38273 379 1483 88 38128 85 17058 112 46327 80 38944
38273 379 1483 88 38128 85 17058 112 45342 80 38944
38273 379 1483 88 38128 85 17058 112 45342 37 38944
38273 379 1483 88 38128 85 17058 112 40647 80 38944
38273 379 1483 88 38128 85 17058 112 40647 37 38944
38273 379 1483 88 38128 85 17058 112 62758 37 38944
38273 379 1483 88 38128 85 17058 112 19858 80 38944
38273 379 1483 88 38128 85 17058 112 50871 80 38944
38273 379 1483 88 38128 85 17058 112 50871 37 38944
38273 379 1483 88 38128 85 17058 112 41863 80 38944
38273 379 1483 88 38128 85 17058 112 41863 37 38944
38273 379 1483 88 38128 85 17058 112 29273 80 38944
38273 379 1483 88 38128 85 17058 112 64860 80 38944
38273 379 1483 88 38128 85 17058 112 64860 37 38944
38273 379 1483 88 38128 85 17058 112 27576 80 38944
38273 379 1483 88 38128 85 17058 112 27576 37 38944
38273 379 1483 88 38128 85 17058 112 42081 80 38944
38273 379 1483 88 38128 85 17058 112 42081 37 38944
38273 379 1483 88 38128 85 17058 112 68309 80 38944
38273 379 1483 88 38128 85 17058 112 68309 37 38944
38273 379 1483 88 38128 85 17058 112 43599 80 38944
38273 379 1483 88 38128 85 17058 112 43599 37 38944
38273 379 1483 88 38128 85 17058 112 15555 80 38944
38273 379 1483 88 38128 85 17058 112 15555 37 38944
38273 379 1483 88 38128 85 17058 112 38408 80 38944
38273 379 1483 88 38128 85 17058 112 49263 80 38944
38273 379 1483 88 38128 85 17058 112 49263 37 38944
38273 379 1483 88 38128 85 17058 112 19849 80 38944
38273 379 1483 88 38128 85 17058 112 42552 80 38944
38273 379 1483 88 38128 85 17058 112 42552 37 38944
38273 379 1483 88 38128 85 17058 112 58754 80 38944
38273 379 1483 88 38128 85 17058 112 58754 37 38944
38273 379 1483 88 38128 85 17058 112 34512 80 38944
38273 379 1483 88 38128 85 17058 112 34512 37 38944
38273 379 1483 88 38128 85 17058 112 47716 80 38944
38273 379 1483 88 38128 85 17058 112 47716 37 38944
38273 379 1483 88 38128 85 17058 112 64542 80 38944
38273 379 1483 88 38128 85 17058 112 64542 37 38944
38273 379 1483 88 38128 85 17058 112 16744 37 38944
38273 379 1483 88 38128 85 17058 112 32844 80 38944
38273 379 1483 88 38128 85 17058 112 67057 80 38944
38273 379 1483 88 38128 85 17058 112 67057 37 38944
38273 379 1483 88 38128 85 17058 191 27206 80 38944
38273 379 1483 88 38128 85 17058 191 27206 37 38944
38273 379 1483 88 38128 85 64632 112 4421 80 38944
38273 379 1483 88 38128 85 64632 112 58727 37 38944
38273 379 1483 88 38128 85 64632 112 72300 80 38944
38273 379 1483 88 38128 85 64632 112 72300 37 38944
38273 379 1483 88 38128 85 64632 112 60527 80 38944
38273 379 1483 88 38128 85 64632 112 60527 37 38944
38273 379 1483 88 38128 85 64632 112 56194 80 38944
38273 379 1483 88 38128 85 64632 112 56194 37 38944
38273 379 1483 88 38128 85 64632 112 67857 80 38944
38273 379 1483 88 38128 85 64632 112 67857 37 38944
38273 379 1483 88 38128 85 64632 112 11537 80 38944
38273 379 1483 88 38128 85 64632 112 11537 37 38944
38273 379 1483 88 38128 85 64632 112 72650 80 38944
38273 379 1483 88 38128 85 64632 112 67672 80 38944
38273 379 1483 88 38128 85 64632 112 67672 37 38944
38273 379 1483 88 38128 85 64632 112 47172 80 38944
38273 379 1483 88 38128 85 64632 112 47172 37 38944
38273 379 1483 88 38128 85 64632 112 15335 80 38944
38273 379 1483 88 38128 85 64632 112 15335 37 38944
38273 379 1483 88 38128 85 64632 112 27104 80 38944
38273 379 1483 88 38128 85 64632 112 70652 80 38944
38273 379 1483 88 38128 85 64632 112 70652 37 38944
38273 379 1483 88 38128 85 64632 112 67665 80 38944
38273 379 1483 88 38128 85 64632 112 67665 37 38944
38273 379 1483 88 38128 85 64632 112 11467 80 38944
38273 379 1483 88 38128 85 64632 112 11467 37 38944
38273 379 1483 88 38128 85 64632 112 50617 80 38944
38273 379 1483 88 38128 85 64632 191 7860 80 38944
38273 379 1483 88 38128 85 64632 191 33721 80 38944
38273 379 1483 88 38128 85 64632 191 33721 37 38944
38273 379 1483 88 6330 296 20492 99 58437 80 38944
38273 379 1483 88 6330 296 20492 99 58437 37 38944
38273 379 1483 88 6330 296 20492 99 20779 80 38944
38273 379 1483 88 6330 296 20492 99 20779 37 38944
38273 379 1483 88 6330 296 20492 99 14295 80 38944
38273 379 1483 88 6330 296 20492 99 14295 37 38944
38273 379 1483 88 37529 117 3580 334 60075 80 38944
38273 379 1483 88 37529 117 3580 334 60075 37 38944
38273 379 1483 88 16174 217 17518 5 3723 37 38944
38273 379 1483 88 16174 217 17518 5 59898 80 38944
38273 379 1483 88 16174 217 17518 5 59898 37 38944
38273 379 1483 88 16174 217 17518 5 40144 37 38944
38273 379 1483 88 28511 73 24184 73 39423 80 38944
38273 379 1483 88 28511 73 24184 73 39423 37 38944
38273 379 1483 88 39870 217 59220 5 67328 37 38944
38273 379 1483 88 39870 217 59220 5 66688 80 38944
38273 379 1483 88 39870 217 59220 5 66688 37 38944
38273 379 1483 88 39870 217 59220 361 50031 37 38944
38273 379 1483 88 39870 254 16987 256 316 80 38944
38273 379 1483 88 39870 254 16987 256 316 37 38944
38273 379 1483 88 7077 37 22668 91 65351 80 38944
38273 379 1483 88 7077 37 22668 91 17553 80 38944
38273 379 1483 88 7077 37 22668 91 22444 80 38944
38273 379 1483 88 7077 37 22668 91 12531 80 38944
38273 379 1483 88 7077 37 22668 91 15849 80 38944
38273 379 1483 88 7077 37 22668 91 27905 80 38944
38273 379 1483 88 7077 37 22668 91 66572 80 38944
38273 379 1483 88 7077 37 22668 91 66026 80 38944
38273 379 1483 88 7077 37 22668 91 32696 80 38944
38273 379 1483 88 7077 37 22668 91 19788 80 38944
38273 379 1483 88 7077 37 22668 91 30282 80 38944
38273 379 1483 88 7077 37 22668 91 45256 80 38944
38273 379 1483 88 7077 37 22668 91 57599 80 38944
38273 379 1483 88 7077 37 22668 91 28070 80 38944
38273 379 1483 88 7077 37 22668 91 34625 80 38944
38273 379 1483 88 7077 37 22668 91 28625 80 38944
38273 379 1483 88 7077 37 22668 91 59429 80 38944
38273 379 1483 88 7077 37 22668 383 58147 94 38944
38273 379 1483 88 7077 37 22668 383 58147 294 38944
38273 379 1483 88 7077 37 22668 383 58147 358 38944
38273 379 1483 88 7077 37 22668 383 74440 294 38944
38273 379 1483 88 7077 37 22668 383 74440 358 38944
38273 379 1483 88 7077 37 22668 383 20391 94 38944
38273 379 1483 88 7077 37 22668 383 20391 294 38944
38273 379 1483 88 7077 37 22668 75 22509 32 38944
38273 379 1483 88 7077 384 3650 369 3704 277 38944
38273 379 1483 88 7077 384 33744 123 68576 80 38944
38273 379 1483 88 7077 384 33744 123 68576 37 38944
38273 379 1483 88 7077 384 25456 123 15630 80 38944
38273 379 1483 88 7077 384 25456 123 15630 37 38944
38273 379 1483 88 69304 147 37898 164 32451 80 38944
38273 379 1483 88 69304 147 37898 164 32451 37 38944
38273 379 1483 88 4901 384 40460 123 5818 80 38944
38273 379 1483 88 4901 384 40460 123 5818 37 38944
38273 379 1483 88 4901 384 46068 123 14132 37 38944
38273 379 1483 88 70653 37 34480 91 60665 80 38944
38273 379 1483 88 31299 15 53751 151 6609 252 38944
38273 379 1483 88 31299 15 53751 151 6609 22 38944
38273 379 1483 88 68575 217 39108 5 43021 80 38944
38273 379 1483 88 68575 217 39108 5 43021 37 38944
38273 379 1483 88 41507 384 6901 123 7149 80 38944
38273 379 1483 88 41507 384 6901 123 7149 37 38944
38273 379 1483 88 41507 384 1274 123 39365 80 38944
38273 379 1483 88 41507 384 1274 123 39365 37 38944
38273 379 1483 88 54168 254 72079 271 67659 80 38944
38273 379 1483 88 54168 254 72079 271 67659 37 38944
38273 379 1483 88 54168 254 29427 114 55497 80 38944
38273 379 1483 88 54168 254 29427 114 55497 37 38944
38273 379 1483 88 48065 254 34361 78 74194 80 38944
38273 379 1483 88 48065 254 34361 78 74194 37 38944
38273 379 1483 88 65618 117 52898 338 22927 80 38944
38273 379 1483 88 65618 117 52898 338 22927 37 38944
38273 379 1483 88 453 148 28535 289 69259 80 38944
38273 379 1483 88 453 148 28535 289 69259 37 38944
38273 384 22368 282 72858 155 59909 8 36483 25 38944
38273 384 22368 282 72858 100 11028 50 37419 51 38944
38273 384 22368 282 72858 397 4163 123 21265 80 38944
38273 384 22368 282 72858 397 4163 123 21265 37 38944
38273 384 22368 383 69092 114 32131 84 15674 53 38944
38273 384 22368 383 69092 114 32131 84 15249 53 38944
38273 384 22368 383 69092 114 32131 315 4043 37 38944
38273 384 22368 383 69092 114 32131 8 62951 25 38944
38273 384 22368 383 69092 114 32131 8 65445 25 38944
38273 384 22368 383 69092 114 32131 8 57316 25 38944
38273 384 22368 383 69092 294 36301 75 9767 37 38944
38273 384 22368 383 69092 294 14858 75 52109 80 38944
38273 384 22368 383 69092 294 14858 75 52109 37 38944
38273 384 22368 383 69092 277 38500 75 14932 80 38944
38273 384 22368 332 29064 31 22487 334 68133 80 38944
38273 384 22368 332 29064 31 22487 334 68133 37 38944
38273 384 22368 285 11544 122 66372 15 41848 37 38944
38273 384 11708 123 29094 143 67541 399 7033 80 38944
38273 384 11708 123 29094 143 67541 399 7033 37 38944
38273 384 11708 123 29094 143 67541 399 53495 80 38944
38273 384 11708 123 29094 143 67541 399 53495 37 38944
38273 265 19933 64 60456 398 72687 390 43065 37 38944
38273 265 19933 64 30262 296 50774 99 32001 80 38944
38273 265 19933 64 30262 296 50774 99 32001 37 38944
38273 265 19933 64 55784 217 62435 385 1474 37 38944
38273 265 19933 277 30754 8 61259 248 3497 25 38944
38273 265 19933 252 63382 5 22068 15 16131 80 38944
38273 265 19933 252 63382 5 22068 15 16131 37 38944
38273 265 19933 172 17373 373 10766 256 54717 80 38944
38273 265 19933 172 17373 373 10766 256 54717 37 38944
38273 67 29793 330 11092 42 29715 14 2940 80 38944
38273 67 29793 330 11092 42 29715 14 2940 37 38944
38273 379 1483 88 38128 15 63319 398 67509 14 35314 80 38944
38273 379 1483 88 38128 15 63319 398 67509 14 35314 37 38944
38273 379 1483 88 38128 300 62434 211 32101 27 38221 80 38944
38273 379 1483 88 38128 300 62434 211 32101 27 38221 37 38944
38273 379 1483 88 38128 217 9911 119 62986 295 34744 63 38944
38273 379 1483 88 38128 217 9911 119 62986 295 44326 63 38944
38273 379 1483 88 37529 117 3580 334 12538 27 48499 80 38944
38273 379 1483 88 37529 117 3580 334 12538 27 48499 37 38944
38273 379 1483 88 69700 330 25861 42 25220 330 9875 80 38944
38273 379 1483 88 69700 330 25861 42 25220 330 9875 37 38944
38273 384 22368 383 69092 294 73559 277 25962 315 49385 37 38944
38273 384 11708 297 61222 142 50967 296 51775 99 65916 80 38944
38273 384 11708 332 29052 31 24357 372 46804 6 10772 80 38944
38273 384 11708 332 29052 31 24357 372 46804 6 10772 37 38944
38273 265 19933 161 60562 277 59023 256 52176 15 3090 80 38944
38273 265 19933 161 60562 277 59023 256 52176 15 3090 37 38944
38273 265 19933 151 51091 369 40754 277 18673 151 7080 80 38944
38273 379 1483 88 44022 265 27894 153 55364 0 69067 359 73304 80 38944
38273 379 1483 88 44022 265 27894 153 55364 0 69067 359 73304 37 38944
38273 384 22368 383 69092 294 59204 256 25487 254 36773 256 21726 80 38944
