4421 37 22668
4421 80 38944 315 65351 37 22668
4421 80 38944 315 45843 37 22668
4421 80 38944 315 27648 37 22668
4421 80 38944 315 43442 37 22668
4421 80 38944 315 17553 37 22668
4421 80 38944 315 29895 37 22668
4421 80 38944 315 3509 37 22668
4421 80 38944 315 22444 37 22668
4421 80 38944 315 12531 37 22668
4421 80 38944 315 8648 37 22668
4421 80 38944 315 59184 37 22668
4421 80 38944 315 54965 37 22668
4421 80 38944 315 15849 37 22668
4421 80 38944 315 46565 37 22668
4421 80 38944 315 3354 37 22668
4421 80 38944 315 7077 37 22668
4421 80 38944 315 59143 37 22668
4421 80 38944 315 59147 37 22668
4421 80 38944 315 27905 37 22668
4421 80 38944 315 35283 37 22668
4421 80 38944 315 71797 37 22668
4421 80 38944 315 58671 37 22668
4421 80 38944 315 67299 37 22668
4421 80 38944 315 15964 37 22668
4421 80 38944 315 47937 37 22668
4421 80 38944 315 32101 37 22668
4421 80 38944 315 44372 37 22668
4421 80 38944 315 18482 37 22668
4421 80 38944 315 18896 37 22668
4421 80 38944 315 15778 37 22668
4421 80 38944 315 66572 37 22668
4421 80 38944 315 11059 37 22668
4421 80 38944 315 74492 37 22668
4421 80 38944 315 20839 37 22668
4421 80 38944 315 66026 37 22668
4421 80 38944 315 32696 37 22668
4421 80 38944 315 33067 37 22668
4421 80 38944 315 55218 37 22668
4421 80 38944 315 63292 37 22668
4421 80 38944 315 52017 37 22668
4421 80 38944 315 6422 37 22668
4421 80 38944 315 19788 37 22668
4421 80 38944 315 30988 37 22668
4421 80 38944 315 46327 37 22668
4421 80 38944 315 28684 37 22668
4421 80 38944 315 19858 37 22668
4421 80 38944 315 30294 37 22668
4421 80 38944 315 52707 37 22668
4421 80 38944 315 30282 37 22668
4421 80 38944 315 64733 37 22668
4421 80 38944 315 38996 37 22668
4421 80 38944 315 8318 37 22668
4421 80 38944 315 41792 37 22668
4421 80 38944 315 45256 37 22668
4421 80 38944 315 57599 37 22668
4421 80 38944 315 29273 37 22668
4421 80 38944 315 60434 37 22668
4421 80 38944 315 27545 37 22668
4421 80 38944 315 72849 37 22668
4421 80 38944 315 66068 37 22668
4421 80 38944 315 28070 37 22668
4421 80 38944 315 73400 37 22668
4421 80 38944 315 34625 37 22668
4421 80 38944 315 43709 37 22668
4421 80 38944 315 28625 37 22668
4421 80 38944 315 71447 37 22668
4421 80 38944 315 19849 37 22668
4421 80 38944 315 39226 37 22668
4421 80 38944 315 50617 37 22668
4421 80 38944 315 59429 37 22668
4421 80 38944 315 32844 37 22668
4421 80 38944 298 58147 294 22668
4421 80 38944 298 20391 294 22668
4421 80 38944 383 74440 294 22668
4421 80 38944 383 14579 294 22668
4421 80 38944 383 40134 294 22668
4421 80 38944 383 17575 294 22668
4421 80 38944 28 25961 32 22668
4421 80 38944 28 25961 358 22668
4421 80 38944 28 27602 358 22668
4421 80 38944 155 69092 75 22668
4421 80 38944 155 69092 114 22668
4421 80 38944 155 69092 32 22668
4421 80 38944 155 69092 151 22668
4421 80 38944 155 69092 277 22668
4421 80 38944 32 67410 75 22668
4421 80 38944 32 67410 28 22668
4421 80 38944 354 57047 383 22668
4421 80 38944 310 25099 75 22668
4421 80 38944 310 15756 383 22668
4421 80 38944 294 9518 383 22668
4421 80 38944 75 16913 32 22668
4421 80 38944 75 22509 32 22668
4421 296 1819 99 18499 37 22668
4421 85 64632 112 21064 37 22668
4421 85 64632 112 18901 37 22668
4421 85 64632 112 10965 37 22668
4421 85 64632 112 54606 37 22668
4421 85 64632 112 12688 37 22668
4421 85 64632 112 42467 37 22668
4421 85 64632 112 51109 37 22668
4421 85 64632 112 51442 37 22668
4421 85 64632 112 6983 37 22668
4421 85 64632 112 26998 37 22668
4421 85 64632 112 10503 37 22668
4421 85 64632 112 37952 37 22668
4421 85 64632 112 50683 37 22668
4421 85 64632 112 9678 37 22668
4421 80 38944 315 10797 56 14466 37 22668
4421 80 38944 315 30294 66 44825 37 22668
4421 80 38944 91 54351 14 43544 37 22668
4421 80 38944 91 36348 80 32131 75 22668
4421 80 38944 91 36348 80 32131 28 22668
4421 80 38944 32 67410 64 58864 37 22668
4421 80 38944 32 67410 64 55846 37 22668
4421 80 38944 32 67410 75 11028 358 22668
4421 80 38944 310 1444 256 54168 37 22668
4421 80 38944 310 1444 222 33377 37 22668
4421 80 38944 75 33054 277 49073 37 22668
4421 85 64632 249 17518 5 54070 37 22668
4421 85 64632 249 33630 277 22156 37 22668
4421 85 64632 249 20622 112 22832 37 22668
4421 80 38944 315 13437 217 9911 5 59058 37 22668
4421 80 38944 315 13437 85 17058 112 15494 37 22668
4421 80 38944 315 13437 85 17058 112 16049 37 22668
4421 80 38944 315 13437 85 17058 112 69422 37 22668
4421 80 38944 315 13437 85 17058 112 47449 37 22668
4421 80 38944 315 13437 85 17058 112 13120 37 22668
4421 80 38944 315 13437 85 17058 112 11324 37 22668
4421 80 38944 315 13437 85 17058 112 61001 37 22668
4421 80 38944 315 13437 85 17058 112 51290 37 22668
4421 80 38944 315 13437 85 17058 112 15282 37 22668
4421 80 38944 315 13437 85 17058 112 44735 37 22668
4421 80 38944 315 13437 85 17058 191 70540 37 22668
4421 80 38944 315 13437 85 17058 191 3463 37 22668
4421 80 38944 315 13437 265 19933 64 32062 37 22668
4421 80 38944 315 13437 265 19933 64 2345 37 22668
4421 80 38944 315 13437 265 19933 64 47691 37 22668
4421 80 38944 315 13437 265 19933 64 24742 37 22668
4421 80 38944 315 13437 265 19933 64 40361 37 22668
4421 80 38944 315 10896 296 48786 99 48220 37 22668
4421 80 38944 315 10896 384 3650 123 60314 37 22668
4421 80 38944 315 10896 384 25456 123 60272 37 22668
4421 80 38944 315 10896 117 3580 334 62978 37 22668
4421 80 38944 315 10896 265 20249 64 67515 37 22668
4421 80 38944 315 48029 296 20492 99 15252 37 22668
4421 80 38944 315 38128 217 29947 5 31083 37 22668
4421 80 38944 315 74194 220 62856 218 67508 37 22668
4421 80 38944 315 70808 296 73136 99 70303 37 22668
4421 80 38944 315 70808 296 73136 99 38707 37 22668
4421 80 38944 315 68576 117 43393 334 49106 37 22668
4421 80 38944 315 7077 296 40261 99 61861 37 22668
4421 80 38944 315 60665 37 34480 114 75110 155 22668
4421 80 38944 315 23800 384 1274 123 32314 37 22668
4421 80 38944 91 39870 80 22537 315 14597 37 22668
4421 80 38944 91 36348 265 6003 64 12526 37 22668
4421 80 38944 91 52667 202 50528 75 51723 37 22668
4421 80 38944 28 25961 32 57941 315 12096 37 22668
4421 80 38944 155 69092 75 12576 294 1008 383 22668
4421 80 38944 155 69092 294 61370 75 14080 37 22668
4421 80 38944 155 69092 294 72636 383 14250 373 66117 15 56507 37 22668
