44825 37 22668
44825 209 30294 37 22668
44825 384 29452 123 28070 37 22668
44825 384 29452 123 49106 37 22668
44825 384 29452 383 69092 75 22668
44825 384 29452 383 69092 114 22668
44825 384 29452 383 69092 32 22668
44825 384 29452 383 69092 151 22668
44825 384 29452 383 69092 277 22668
44825 117 3580 334 22832 37 22668
44825 117 3580 334 7077 37 22668
44825 117 3580 334 13120 37 22668
44825 117 3580 334 60314 37 22668
44825 117 3580 334 51442 37 22668
44825 117 3580 334 18499 37 22668
44825 117 3580 334 11324 37 22668
44825 117 3580 334 62978 37 22668
44825 117 3580 334 28684 37 22668
44825 117 3580 334 14466 37 22668
44825 117 3580 334 64733 37 22668
44825 117 3580 334 43544 37 22668
44825 117 3580 334 60272 37 22668
44825 117 3580 334 9678 37 22668
44825 140 74732 162 3354 37 22668
44825 384 29452 123 23800 265 67410 75 22668
44825 384 29452 123 23800 265 67410 28 22668
44825 384 29452 383 69092 75 16913 32 22668
44825 384 29452 383 69092 75 25961 32 22668
44825 384 29452 383 69092 75 25961 358 22668
44825 384 29452 383 69092 114 32131 75 22668
44825 384 29452 383 69092 114 32131 28 22668
44825 384 29452 383 69092 32 57047 383 22668
44825 384 29452 383 69092 294 17575 294 22668
44825 384 29452 383 69092 294 15756 383 22668
44825 384 29452 383 69092 294 40134 294 22668
44825 384 29452 383 69092 294 14579 294 22668
44825 384 29452 93 31910 385 54168 37 22668
44825 384 29452 322 20467 68 11028 358 22668
44825 117 3580 334 5190 46 35283 37 22668
44825 117 3580 334 43158 15 33377 37 22668
44825 117 3580 334 15254 46 15778 37 22668
44825 117 3580 334 43544 27 26998 37 22668
44825 117 3580 334 9678 27 63292 37 22668
44825 117 3580 334 9678 46 54965 37 22668
44825 209 30294 80 38944 315 65351 37 22668
44825 209 30294 80 38944 315 4421 37 22668
44825 209 30294 80 38944 315 45843 37 22668
44825 209 30294 80 38944 315 27648 37 22668
44825 209 30294 80 38944 315 43442 37 22668
44825 209 30294 80 38944 315 17553 37 22668
44825 209 30294 80 38944 315 29895 37 22668
44825 209 30294 80 38944 315 3509 37 22668
44825 209 30294 80 38944 315 22444 37 22668
44825 209 30294 80 38944 315 12531 37 22668
44825 209 30294 80 38944 315 8648 37 22668
44825 209 30294 80 38944 315 59184 37 22668
44825 209 30294 80 38944 315 15849 37 22668
44825 209 30294 80 38944 315 46565 37 22668
44825 209 30294 80 38944 315 59143 37 22668
44825 209 30294 80 38944 315 59147 37 22668
44825 209 30294 80 38944 315 27905 37 22668
44825 209 30294 80 38944 315 71797 37 22668
44825 209 30294 80 38944 315 58671 37 22668
44825 209 30294 80 38944 315 67299 37 22668
44825 209 30294 80 38944 315 15964 37 22668
44825 209 30294 80 38944 315 47937 37 22668
44825 209 30294 80 38944 315 32101 37 22668
44825 209 30294 80 38944 315 44372 37 22668
44825 209 30294 80 38944 315 18482 37 22668
44825 209 30294 80 38944 315 18896 37 22668
44825 209 30294 80 38944 315 66572 37 22668
44825 209 30294 80 38944 315 11059 37 22668
44825 209 30294 80 38944 315 74492 37 22668
44825 209 30294 80 38944 315 20839 37 22668
44825 209 30294 80 38944 315 66026 37 22668
44825 209 30294 80 38944 315 32696 37 22668
44825 209 30294 80 38944 315 33067 37 22668
44825 209 30294 80 38944 315 55218 37 22668
44825 209 30294 80 38944 315 52017 37 22668
44825 209 30294 80 38944 315 6422 37 22668
44825 209 30294 80 38944 315 19788 37 22668
44825 209 30294 80 38944 315 30988 37 22668
44825 209 30294 80 38944 315 46327 37 22668
44825 209 30294 80 38944 315 19858 37 22668
44825 209 30294 80 38944 315 52707 37 22668
44825 209 30294 80 38944 315 30282 37 22668
44825 209 30294 80 38944 315 38996 37 22668
44825 209 30294 80 38944 315 8318 37 22668
44825 209 30294 80 38944 315 41792 37 22668
44825 209 30294 80 38944 315 45256 37 22668
44825 209 30294 80 38944 315 57599 37 22668
44825 209 30294 80 38944 315 29273 37 22668
44825 209 30294 80 38944 315 60434 37 22668
44825 209 30294 80 38944 315 27545 37 22668
44825 209 30294 80 38944 315 72849 37 22668
44825 209 30294 80 38944 315 66068 37 22668
44825 209 30294 80 38944 315 73400 37 22668
44825 209 30294 80 38944 315 34625 37 22668
44825 209 30294 80 38944 315 43709 37 22668
44825 209 30294 80 38944 315 28625 37 22668
44825 209 30294 80 38944 315 71447 37 22668
44825 209 30294 80 38944 315 19849 37 22668
44825 209 30294 80 38944 315 39226 37 22668
44825 209 30294 80 38944 315 50617 37 22668
44825 209 30294 80 38944 315 59429 37 22668
44825 209 30294 80 38944 315 32844 37 22668
44825 209 30294 80 38944 298 58147 294 22668
44825 209 30294 80 38944 298 20391 294 22668
44825 209 30294 80 38944 383 74440 294 22668
44825 209 30294 80 38944 28 27602 358 22668
44825 209 30294 80 38944 310 25099 75 22668
44825 209 30294 80 38944 294 9518 383 22668
44825 209 30294 80 38944 75 22509 32 22668
44825 209 30294 296 40261 99 61861 37 22668
44825 296 75291 99 44827 85 17058 112 21064 37 22668
44825 296 75291 99 44827 85 17058 112 15494 37 22668
44825 296 75291 99 44827 85 17058 112 16049 37 22668
44825 296 75291 99 44827 85 17058 112 69422 37 22668
44825 296 75291 99 44827 85 17058 112 10965 37 22668
44825 296 75291 99 44827 85 17058 112 47449 37 22668
44825 296 75291 99 44827 85 17058 112 54070 37 22668
44825 296 75291 99 44827 85 17058 112 42467 37 22668
44825 296 75291 99 44827 85 17058 112 51109 37 22668
44825 296 75291 99 44827 85 17058 112 6983 37 22668
44825 296 75291 99 44827 85 17058 112 61001 37 22668
44825 296 75291 99 44827 85 17058 112 51290 37 22668
44825 296 75291 99 44827 85 17058 112 10503 37 22668
44825 296 75291 99 44827 85 17058 112 15282 37 22668
44825 296 75291 99 44827 85 17058 112 55846 37 22668
44825 296 75291 99 44827 85 17058 112 50683 37 22668
44825 296 75291 99 44827 85 17058 112 44735 37 22668
44825 296 75291 99 44827 85 17058 191 22156 37 22668
44825 296 75291 99 44827 85 17058 191 49073 37 22668
44825 296 75291 99 44827 85 17058 191 58864 37 22668
44825 296 75291 99 44827 85 17058 191 70540 37 22668
44825 296 75291 99 44827 85 17058 191 3463 37 22668
44825 296 75291 99 44827 67 19702 127 15252 37 22668
44825 296 75291 99 9940 309 73723 182 67508 37 22668
44825 384 29452 123 37047 217 9911 5 59058 37 22668
44825 384 29452 123 37047 85 64632 112 18901 37 22668
44825 384 29452 123 37047 85 64632 112 54606 37 22668
44825 384 29452 123 37047 85 64632 112 12688 37 22668
44825 384 29452 123 37047 85 64632 112 37952 37 22668
44825 384 29452 123 37047 265 19933 64 32062 37 22668
44825 384 29452 123 37047 265 19933 64 2345 37 22668
44825 384 29452 123 37047 265 19933 64 47691 37 22668
44825 384 29452 123 37047 265 19933 64 24742 37 22668
44825 384 29452 123 37047 265 19933 64 40361 37 22668
44825 384 29452 123 29094 384 1274 123 32314 37 22668
44825 384 29452 383 69092 75 34480 114 75110 155 22668
44825 384 29452 383 69092 75 12576 294 1008 383 22668
44825 384 29452 383 69092 114 32131 315 67515 37 22668
44825 384 29452 383 69092 294 50528 75 51723 37 22668
44825 384 29452 383 69092 294 61370 75 14080 37 22668
44825 384 29452 383 69092 277 57941 315 12096 37 22668
44825 384 29452 339 61222 231 6003 64 12526 37 22668
44825 117 3580 334 10896 296 48786 99 48220 37 22668
44825 117 3580 334 37529 80 22537 315 14597 37 22668
44825 117 3580 334 4901 296 73136 99 70303 37 22668
44825 117 3580 334 4901 296 73136 99 38707 37 22668
44825 384 29452 383 69092 142 38128 217 29947 5 31083 37 22668
44825 384 29452 383 69092 294 72636 383 14250 373 66117 15 56507 37 22668
