13855 172 23142
13855 303 23142
13855 172 25762 172 23142
13855 147 25720 373 23142
13855 147 25720 398 23142
13855 300 13797 211 23142
13855 172 25762 96 62223 172 23142
13855 172 25762 96 62223 105 23142
13855 172 25762 96 62223 303 23142
13855 172 25762 96 56638 172 23142
13855 172 25762 96 56638 249 23142
13855 172 25762 96 56638 105 23142
13855 172 25762 393 67410 392 23142
13855 172 25762 38 59812 211 23142
13855 172 25762 6 14472 382 23142
13855 147 25720 325 20817 254 23142
13855 147 25720 325 20817 141 23142
13855 147 25720 333 36469 217 23142
13855 172 25762 96 62223 385 58887 254 23142
13855 172 25762 96 13658 256 4429 254 23142
13855 172 25762 369 33054 32 70550 300 15652 211 23142
13855 147 25720 325 74341 254 43936 256 69974 254 23142
