27339 172 33922
27339 172 33363 300 62434 211 33922
27339 172 73338 143 37487 113 33922
27339 172 44667 300 59812 211 33922
27339 172 17020 75 33054 277 33922
27339 172 32357 300 62033 211 33922
27339 172 32357 300 74208 211 33922
27339 172 32357 369 15647 277 33922
27339 172 32357 369 3643 277 33922
27339 172 26159 172 28369 277 33922
27339 172 17020 75 33054 277 35869 277 33922
27339 172 17020 75 33054 252 47207 277 33922
27339 172 72079 383 69092 294 33856 75 64085 277 33922
27339 172 72079 383 69092 294 33856 75 4786 277 33922
