27339 172 72079
27339 172 17020 356 72079
27339 172 28376 356 72079
27339 172 58806 356 72079
27339 172 33363 300 62434 211 72079
27339 172 39059 332 23453 31 72079
27339 172 43754 256 54168 254 72079
27339 172 43754 256 54168 141 72079
27339 172 63489 332 29052 31 72079
27339 172 63489 332 29065 31 72079
27339 172 63489 356 21710 356 72079
27339 172 60170 151 41897 32 72079
27339 172 17020 332 29064 31 72079
27339 172 17020 383 69092 294 72079
27339 172 17020 297 61222 231 72079
27339 172 72838 332 1707 31 72079
27339 172 72838 332 10045 31 72079
27339 172 72838 332 1705 31 72079
27339 172 72838 332 65855 31 72079
27339 172 72838 332 65853 31 72079
27339 172 72838 332 65857 31 72079
27339 172 72838 332 65856 31 72079
27339 172 72838 332 29061 31 72079
27339 172 72838 332 32380 31 72079
27339 172 72838 332 68334 31 72079
27339 172 72838 332 68336 31 72079
27339 172 72838 332 68337 31 72079
27339 172 32357 332 51356 31 72079
27339 172 32357 332 51358 31 72079
27339 172 32357 332 51355 31 72079
27339 172 32357 332 23446 31 72079
27339 172 32357 332 6058 31 72079
27339 172 32357 332 60306 31 72079
27339 172 32357 332 31869 31 72079
27339 172 32357 332 60031 31 72079
27339 172 32357 332 60308 31 72079
27339 172 32357 332 31874 31 72079
27339 172 32357 332 3992 31 72079
27339 172 32357 332 3980 31 72079
27339 172 32357 332 68800 31 72079
27339 172 32357 332 35877 31 72079
27339 172 32357 332 59840 31 72079
27339 172 32357 332 68339 31 72079
27339 172 32357 332 68338 31 72079
27339 172 32357 332 10188 31 72079
27339 172 32357 332 12340 31 72079
27339 172 32357 332 40315 31 72079
27339 172 32357 332 40309 31 72079
27339 172 32357 332 40308 31 72079
27339 172 32357 332 40312 31 72079
27339 172 32357 332 23887 31 72079
27339 172 28376 332 71061 31 72079
27339 172 28376 101 63472 103 72079
27339 172 58806 271 51246 130 72079
27339 172 26159 300 66239 211 72079
27339 172 33363 300 62434 211 45140 356 72079
27339 172 33363 300 62434 211 63685 356 72079
27339 172 33363 300 62434 211 59046 6 72079
27339 172 33363 300 62434 211 51172 356 72079
27339 172 33363 300 62434 211 23105 356 72079
27339 172 33363 300 62434 211 4400 147 72079
27339 172 33363 300 62434 211 64571 356 72079
27339 172 33363 300 62434 211 26494 356 72079
27339 172 33363 300 62434 211 36865 356 72079
27339 172 33363 300 62434 211 61434 356 72079
27339 172 33363 300 62434 211 40637 356 72079
27339 172 33363 300 62434 211 19747 356 72079
27339 172 33363 300 62434 211 11484 356 72079
27339 172 33363 172 52734 172 30973 356 72079
27339 172 33363 172 52734 172 39635 15 72079
27339 172 33363 172 52734 172 39635 147 72079
27339 172 73338 143 69742 113 55158 356 72079
27339 172 73338 143 69742 113 59220 356 72079
27339 172 73338 143 69742 113 13926 147 72079
27339 172 73338 143 69742 113 60749 356 72079
27339 172 18645 172 1444 383 39260 356 72079
27339 172 18645 172 63771 105 64382 356 72079
27339 172 33922 369 33054 277 28650 6 72079
27339 172 33922 369 33054 277 41538 147 72079
27339 172 33922 369 33054 277 42618 6 72079
27339 172 33922 369 33054 277 22663 6 72079
27339 172 33922 369 33054 277 56645 6 72079
27339 172 33922 369 33054 277 37878 6 72079
27339 172 33922 369 33054 277 6526 147 72079
27339 172 33922 369 33054 277 65513 6 72079
27339 172 33922 369 33054 277 56441 6 72079
27339 172 33922 369 33054 277 65305 6 72079
27339 172 33922 369 33054 277 1727 6 72079
27339 172 33922 369 33054 277 4443 147 72079
27339 172 33922 369 33054 252 68659 6 72079
27339 172 33922 369 33054 358 30109 6 72079
27339 172 29285 147 18597 373 75385 356 72079
27339 172 29285 147 18597 373 66233 356 72079
27339 172 29285 147 18597 373 20689 356 72079
27339 172 29285 147 18597 373 21330 356 72079
27339 172 29285 147 18597 382 5850 6 72079
27339 172 29285 147 18597 382 37504 6 72079
27339 172 63368 369 53811 277 60222 6 72079
27339 172 63489 332 65861 31 30430 6 72079
27339 172 63489 332 29052 31 63392 356 72079
27339 172 63489 332 29052 31 13526 6 72079
27339 172 63489 332 29052 31 56798 6 72079
27339 172 60170 358 51607 28 73985 6 72079
27339 172 60170 356 1524 382 429 6 72079
27339 172 17020 294 46511 222 29063 254 72079
27339 172 17020 383 69092 294 55330 6 72079
27339 172 17020 383 69092 294 42278 6 72079
27339 172 3592 358 9577 28 15895 6 72079
27339 172 32357 321 24058 271 59741 130 72079
27339 172 28376 32 15756 60 61212 22 72079
27339 172 33363 300 62434 211 32723 164 23110 147 72079
27339 172 18645 172 1444 383 38944 315 67659 130 72079
27339 172 71297 143 60304 358 13298 28 72437 6 72079
