27339 172 18645
27339 172 73338 143 69742 113 18645
27339 172 29285 143 67171 113 18645
27339 172 39059 102 60885 359 18645
27339 172 39059 102 46685 359 18645
27339 172 69195 172 63771 105 18645
27339 172 40266 102 36156 359 18645
27339 172 28806 6 1444 105 18645
27339 172 58806 147 34351 164 18645
27339 172 58806 102 5767 359 18645
27339 172 63489 356 57906 102 3405 359 18645
27339 172 40730 105 45914 172 54129 172 18645
27339 172 40730 105 45914 172 54129 105 18645
27339 105 72636 45 41876 23 3374 172 18645
27339 105 72636 45 41876 23 3374 105 18645
27339 172 26983 102 3052 359 920 102 22259 359 18645
