3374 172 18645
3374 105 18645
3374 116 41876 317 72636 172 27339 172 18645
3374 116 41876 317 5466 282 72858 155 1444 105 18645
3374 116 41876 317 5466 383 69092 294 36156 359 18645
3374 116 41876 317 5466 383 69092 294 34351 164 18645
3374 116 41876 317 5466 383 69092 294 60885 359 18645
3374 116 41876 317 5466 332 23453 31 5767 359 18645
3374 116 41876 317 5466 93 65174 102 46685 359 18645
3374 116 41876 317 5466 93 65174 143 69742 113 18645
3374 116 41876 317 67239 114 49761 172 63771 105 18645
3374 116 41876 317 3650 124 67785 143 67171 113 18645
3374 116 41876 317 38910 237 71881 172 45914 172 54129 172 18645
3374 116 41876 317 38910 237 71881 172 45914 172 54129 105 18645
3374 116 41876 317 15756 364 58806 359 57906 102 3405 359 18645
3374 116 41876 317 15756 364 58806 102 3052 359 920 102 22259 359 18645
