52734 172 34351
52734 172 44084 359 34351
52734 105 58806 147 34351
52734 105 58806 398 34351
52734 105 58806 358 34351
52734 172 58853 256 54168 254 34351
52734 172 44534 75 6067 32 34351
52734 172 44534 75 6067 151 34351
52734 172 14736 385 38490 398 34351
52734 172 38680 383 69092 294 34351
52734 143 69742 113 18645 147 34351
52734 143 69742 113 19091 102 34351
52734 172 58853 102 60885 359 4050 359 34351
52734 172 58853 102 6934 102 4861 359 34351
52734 172 58853 102 46685 359 33635 359 34351
52734 172 64690 332 29052 31 63040 359 34351
52734 172 10831 356 18597 382 1771 102 34351
52734 172 69510 369 33054 252 13476 359 34351
52734 143 69742 113 21356 164 3553 147 34351
