52734 172 52103
52734 105 52103
52734 172 14736 172 52103
52734 105 63974 382 52103
52734 143 69742 113 52103
52734 172 14736 172 52489 255 52103
52734 172 14736 172 30687 336 52103
52734 172 14736 172 30687 255 52103
52734 172 14736 172 74334 255 52103
52734 172 14736 172 70609 255 52103
52734 172 14736 105 57560 255 52103
52734 105 28376 369 60073 336 52103
52734 105 28376 369 60073 255 52103
52734 105 34222 336 2907 367 52103
52734 143 69742 113 69443 255 52103
52734 143 69742 113 51482 336 52103
52734 143 69742 113 51482 255 52103
52734 172 10831 300 62434 211 53751 255 52103
52734 172 64790 105 42173 385 48306 130 52103
52734 172 64790 105 42173 385 28427 130 52103
52734 172 64790 105 42173 101 69459 337 52103
52734 172 64790 105 42173 373 10184 367 52103
52734 172 64790 105 42173 5 5135 15 52103
52734 172 64790 105 42173 5 5135 203 52103
52734 172 64790 105 42173 5 61953 258 52103
52734 172 64790 105 42173 5 61953 203 52103
52734 172 5834 172 63771 172 50502 336 52103
52734 172 5834 172 63771 172 50502 255 52103
52734 172 5834 172 63771 172 16101 255 52103
52734 172 14736 172 58243 172 9637 172 52103
52734 172 14736 172 74334 336 11568 255 52103
52734 172 14736 172 74334 336 48943 255 52103
52734 172 14736 105 57560 213 59108 121 52103
52734 105 59797 105 72387 336 58964 255 52103
52734 105 34222 356 37269 336 67386 336 52103
52734 105 34222 356 37269 336 20189 255 52103
52734 105 34222 356 37269 336 71491 336 52103
52734 172 51172 321 24058 172 56922 172 9898 172 52103
