54129 172 18645
54129 105 18645
54129 172 45914 172 1444 105 18645
54129 172 45914 172 40730 105 27339 172 18645
54129 172 45914 172 1997 143 69742 113 18645
54129 172 45914 172 1997 143 67171 113 18645
54129 172 45914 172 44079 256 54168 254 34351 164 18645
54129 172 45914 172 1444 383 69092 294 36156 359 18645
54129 172 45914 172 1444 383 69092 294 60885 359 18645
54129 172 45914 172 1444 75 28376 102 46685 359 18645
54129 172 45914 172 1444 332 65856 31 5767 359 18645
54129 172 45914 172 1997 143 39406 113 63771 105 18645
54129 172 45914 172 1444 303 21303 359 57906 102 3405 359 18645
54129 172 45914 172 71881 237 5016 45 41876 23 3374 172 18645
54129 172 45914 172 71881 237 5016 45 41876 23 3374 105 18645
54129 172 45914 172 1444 249 63472 102 3052 359 920 102 22259 359 18645
