9637 172 52103
9637 172 74334 255 52103
9637 172 58243 172 14736 172 52103
9637 172 58243 373 10184 367 52103
9637 172 58243 398 5135 15 52103
9637 172 58243 398 5135 203 52103
9637 172 58243 271 28427 130 52103
9637 172 58243 271 61953 258 52103
9637 172 58243 271 61953 203 52103
9637 172 74334 336 11568 255 52103
9637 172 74334 336 16101 255 52103
9637 172 74334 336 48943 255 52103
9637 172 74334 336 57560 255 52103
9637 172 43282 213 59108 121 52103
9637 172 41112 172 63771 172 50502 336 52103
9637 172 41112 172 63771 172 50502 255 52103
9637 172 41112 172 63771 172 2907 367 52103
9637 172 41112 172 63771 172 52489 255 52103
9637 172 58243 172 14736 172 52734 172 52103
9637 172 58243 172 14736 172 52734 105 52103
9637 172 58243 172 14736 172 30687 336 52103
9637 172 58243 172 14736 172 30687 255 52103
9637 172 58243 172 14736 172 70609 255 52103
9637 172 58243 172 14736 143 69742 113 52103
9637 172 58243 332 65853 31 60073 336 52103
9637 172 58243 332 65853 31 60073 255 52103
9637 172 74334 336 18275 255 58964 255 52103
9637 172 74334 336 18275 255 20189 255 52103
9637 172 74334 336 32685 336 53751 255 52103
9637 172 74334 336 37269 336 67386 336 52103
9637 172 74334 336 37269 336 71491 336 52103
9637 172 58243 172 14736 172 52734 105 63974 382 52103
9637 172 58243 172 14736 385 38128 382 69443 255 52103
9637 172 58243 172 14736 105 42173 385 48306 130 52103
9637 172 58243 172 14736 105 42173 101 69459 337 52103
9637 172 58243 172 14736 143 69742 113 51482 336 52103
9637 172 58243 172 14736 143 69742 113 51482 255 52103
9637 172 58243 332 65853 31 24058 172 56922 172 9898 172 52103
