37408 28 10199
37408 28 30186 388 10199
37408 28 57095 388 10199
37408 28 47205 171 18360 388 10199
37408 28 39856 171 2597 388 10199
37408 28 34867 388 36821 171 10199
37408 28 69068 388 19182 388 10199
37408 28 30186 171 38226 388 10199
37408 28 60773 171 64937 388 10199
37408 28 60773 171 70308 388 10199
37408 28 60773 171 35161 388 10199
37408 28 60773 171 28036 388 10199
37408 28 60773 171 16915 388 10199
37408 28 60773 171 6435 388 10199
37408 28 60773 171 5771 388 10199
37408 28 47205 171 18360 171 75139 388 10199
37408 28 47205 171 18360 171 7694 388 10199
37408 28 39856 171 2597 171 25603 388 10199
37408 28 39856 171 2597 388 38563 388 10199
37408 28 60773 171 64937 171 46832 388 10199
37408 28 60773 171 6435 171 6603 388 10199
37408 28 47205 171 18360 171 75139 388 69070 388 10199
