51607 28 20140
51607 28 40260 358 9577 28 20140
51607 28 46683 332 68334 31 20140
51607 28 44925 332 10045 31 20140
51607 28 44925 332 65855 31 20140
51607 28 44925 332 65853 31 20140
51607 28 44925 332 65857 31 20140
51607 28 44925 332 65856 31 20140
51607 28 44925 332 65861 31 20140
51607 28 44925 332 29052 31 20140
51607 28 44925 332 29065 31 20140
51607 28 44925 332 29064 31 20140
51607 28 44925 332 23453 31 20140
51607 28 44925 332 29061 31 20140
51607 28 44925 332 68337 31 20140
51607 28 42618 332 1705 31 20140
