51607 28 17625
51607 28 24058 196 17625
51607 28 46683 332 68334 31 17625
51607 28 44925 332 10045 31 17625
51607 28 44925 332 65855 31 17625
51607 28 44925 332 65853 31 17625
51607 28 44925 332 65857 31 17625
51607 28 44925 332 29052 31 17625
51607 28 44925 332 29065 31 17625
51607 28 44925 332 29064 31 17625
51607 28 44925 332 23453 31 17625
51607 28 44925 332 29061 31 17625
51607 28 23736 332 32380 31 17625
51607 28 51096 359 54091 102 17625
51607 28 51172 359 57906 102 17625
51607 28 14906 114 33504 155 17625
51607 28 46683 332 68334 31 5850 13 17625
51607 28 51172 359 57906 102 57449 12 17625
