9577 28 20140
9577 28 34575 332 65855 31 20140
9577 28 34575 332 65861 31 20140
9577 28 34575 332 65853 31 20140
9577 28 34575 332 29052 31 20140
9577 28 34575 332 23453 31 20140
9577 28 34575 332 29065 31 20140
9577 28 86 332 29064 31 20140
9577 28 40260 358 51607 28 20140
9577 28 23403 332 65857 31 20140
9577 28 46683 332 68334 31 20140
9577 28 7377 332 10045 31 20140
9577 28 30490 332 65856 31 20140
9577 28 30490 332 29061 31 20140
9577 28 66472 332 68337 31 20140
9577 28 1333 332 1705 31 20140
