18645 147 34351
18645 105 27339 172 58806 147 34351
18645 105 27339 172 58806 398 34351
18645 105 27339 172 58806 358 34351
18645 102 60885 359 4050 359 34351
18645 102 60885 359 44084 359 34351
18645 102 60885 383 69092 294 34351
18645 102 46685 359 33635 359 34351
18645 143 69742 113 52734 172 34351
18645 143 69742 113 19091 102 34351
18645 172 1444 256 54168 254 34351
18645 172 63771 252 6067 32 34351
18645 172 63771 252 6067 151 34351
18645 102 5767 369 33054 277 1771 102 34351
18645 102 5767 369 33054 252 13476 359 34351
18645 102 36156 332 29052 31 63040 359 34351
18645 102 46685 359 6934 102 4861 359 34351
18645 143 69742 113 14736 385 38490 398 34351
18645 143 69742 113 21356 164 3553 147 34351
