19642 147 39108
19642 300 62434 211 12011 147 39108
19642 300 62434 211 4603 217 39108
19642 300 62434 211 66979 147 39108
19642 300 62434 211 57936 147 39108
19642 300 62434 211 73617 147 39108
19642 300 62434 211 72687 147 39108
19642 300 62434 211 11565 147 39108
19642 300 62434 211 46239 147 39108
19642 300 62434 211 18597 147 39108
19642 256 54168 254 67791 147 39108
19642 369 33054 277 44125 147 39108
19642 369 33054 277 52667 147 39108
19642 300 62434 211 72079 256 29063 254 39108
19642 300 62434 211 1444 222 33377 147 39108
19642 300 62434 211 1444 222 70261 217 39108
19642 300 62434 211 1444 142 64351 147 39108
19642 300 62434 211 1444 142 47100 147 39108
19642 300 62434 211 1444 142 8487 147 39108
19642 300 62434 211 1444 142 10347 147 39108
19642 300 62434 211 1444 142 75270 147 39108
19642 300 62434 211 1444 142 33691 147 39108
19642 300 62434 211 1444 142 32963 147 39108
19642 300 62434 211 1444 142 47953 217 39108
19642 300 62434 211 57936 15 19514 147 39108
19642 300 62434 211 57936 398 39737 147 39108
19642 300 62434 211 15756 142 35542 147 39108
19642 300 62434 211 15756 142 2859 217 39108
19642 256 54168 254 67791 15 48580 147 39108
19642 256 54168 254 59220 5 17570 147 39108
19642 256 54168 254 59220 5 49145 147 39108
19642 256 54168 254 59220 5 33559 147 39108
19642 256 54168 254 59220 5 56573 147 39108
19642 256 54168 254 59220 5 40647 147 39108
19642 256 54168 254 59220 5 66688 147 39108
19642 256 54168 254 59220 5 5496 147 39108
19642 256 54168 254 59220 5 33212 147 39108
19642 256 54168 254 59220 5 35110 147 39108
19642 256 54168 254 59220 5 27348 147 39108
19642 256 54168 254 59220 5 50070 147 39108
19642 256 54168 254 59220 15 20673 147 39108
19642 256 54168 254 59220 361 69820 147 39108
19642 256 54168 254 59220 361 9624 147 39108
19642 256 54168 254 59220 361 21633 147 39108
19642 256 54168 254 59220 361 52581 147 39108
19642 256 54168 254 59220 361 70739 147 39108
19642 256 54168 254 59220 361 42657 147 39108
19642 256 54168 254 59220 361 32758 130 39108
19642 256 54168 254 59220 361 36669 147 39108
19642 256 54168 254 59220 361 16177 147 39108
19642 256 54168 254 59220 361 10059 147 39108
19642 256 54168 254 59220 361 36992 147 39108
19642 256 54168 254 59220 361 15758 147 39108
19642 256 54168 254 59220 361 19669 147 39108
19642 256 54168 254 59220 361 50181 147 39108
19642 256 54168 254 59220 361 18549 147 39108
19642 256 54168 254 55044 256 22878 254 39108
19642 256 54168 254 29427 114 33095 147 39108
19642 256 54168 254 67094 398 15488 217 39108
19642 256 54168 379 1483 88 68575 217 39108
19642 256 54168 379 1483 88 38464 217 39108
19642 369 33054 277 44125 15 43021 217 39108
19642 300 59812 211 45149 382 42248 6 17407 217 39108
19642 300 59812 211 45149 382 42248 6 67796 217 39108
19642 300 59812 211 45149 382 42248 6 6141 217 39108
