29913 147 65917
29913 398 23305 15 63489 356 65917
29913 398 23305 15 39939 356 65917
29913 398 23305 15 14740 359 65917
29913 398 23305 15 14740 356 65917
29913 398 23305 15 74109 147 65917
29913 398 23305 15 57783 147 65917
29913 102 43845 359 63111 147 65917
29913 398 23305 15 63489 164 1193 147 65917
29913 398 23305 15 63489 102 46685 359 65917
29913 398 23305 15 63489 102 38570 359 65917
29913 398 23305 15 63489 102 60885 359 65917
29913 398 23305 15 63489 143 69742 113 65917
29913 398 23305 15 63489 373 33373 356 65917
29913 398 23305 300 62434 211 36865 356 65917
29913 398 23305 300 62434 211 52920 359 65917
29913 102 43845 359 16044 359 50586 356 65917
29913 102 43845 359 16044 102 71279 359 65917
29913 102 43845 359 22173 102 3052 359 65917
29913 102 43845 359 22173 102 12153 359 65917
29913 102 43845 332 29064 31 64690 359 65917
29913 102 43845 332 29064 31 6934 359 65917
29913 102 43845 332 29064 31 6934 356 65917
29913 102 43845 332 29064 31 63276 359 65917
29913 102 43845 332 29064 31 31724 359 65917
29913 102 43845 332 29064 31 65294 359 65917
29913 102 43845 332 29064 31 36156 359 65917
29913 102 43845 332 29064 31 5767 359 65917
29913 102 72517 359 46062 102 25341 356 65917
29913 398 23305 15 63489 172 52734 172 37542 359 65917
29913 398 23305 15 63489 398 15433 75 41897 32 65917
29913 398 23305 15 63489 102 46685 359 58630 359 65917
29913 398 23305 15 63489 102 46685 359 49761 356 65917
29913 398 23305 15 63489 143 69742 113 21694 356 65917
29913 398 23305 15 63489 143 69742 113 1151 356 65917
29913 398 23305 15 63489 332 65861 31 30430 359 65917
29913 398 23305 15 63489 332 29052 31 41086 359 65917
29913 398 23305 15 63489 332 29052 31 11363 359 65917
29913 398 23305 15 63489 358 35002 28 26709 359 65917
29913 398 23305 15 63489 356 57906 102 30234 359 65917
29913 398 23305 15 63489 356 57906 102 23807 359 65917
29913 398 23305 15 63489 356 57906 102 2424 359 65917
29913 398 23305 15 14740 383 69092 294 61680 359 65917
29913 398 23305 15 14740 359 1443 102 52011 359 65917
29913 398 23305 15 14740 332 23453 31 567 359 65917
29913 398 23305 15 57783 102 5850 359 13769 359 65917
29913 398 23305 15 57783 102 5850 359 13769 356 65917
29913 398 23305 15 57783 102 5850 359 11695 359 65917
29913 398 23305 300 62434 211 66494 105 63771 172 65917
29913 398 23305 300 62434 211 66494 105 63771 105 65917
29913 398 23305 300 62434 211 74935 102 26906 359 65917
29913 398 23305 300 62434 252 33054 277 57958 359 65917
29913 398 23305 300 62434 252 33054 277 25942 359 65917
29913 398 23305 300 62434 252 33054 252 26028 359 65917
29913 102 43845 359 16044 359 50586 102 61433 359 65917
29913 102 43845 332 29064 31 6934 102 41857 359 65917
29913 398 23305 15 63489 172 52734 105 54091 102 7585 359 65917
29913 398 23305 15 63489 172 52734 105 54091 102 12886 359 65917
29913 398 23305 15 63489 164 1193 147 69590 102 33824 359 65917
29913 398 23305 15 14740 300 59812 211 54498 102 48083 359 65917
29913 398 23305 300 62434 211 66494 105 63771 172 66077 356 65917
