36439 147 13251
36439 398 13251
36439 147 68441 164 55191 141 13251
36439 147 68441 385 5523 141 13251
36439 147 68441 385 15254 141 13251
36439 147 68441 385 37057 141 13251
36439 147 68441 256 54168 254 13251
36439 147 68441 5 8588 193 13251
36439 147 68441 5 8588 141 13251
36439 147 68441 5 68939 193 13251
36439 147 68441 5 68939 141 13251
36439 147 68441 5 36501 193 13251
36439 147 68441 5 36501 141 13251
36439 147 68441 5 31196 193 13251
36439 147 68441 5 31196 141 13251
36439 147 68441 5 47367 193 13251
36439 147 68441 5 47367 141 13251
36439 147 68441 5 62660 193 13251
36439 147 68441 5 62660 141 13251
36439 147 68441 5 68550 193 13251
36439 147 68441 5 68550 141 13251
36439 147 68441 5 26310 193 13251
36439 147 68441 5 26310 141 13251
36439 147 68441 5 1328 193 13251
36439 147 68441 5 1328 141 13251
36439 147 21430 336 30660 255 13251
36439 147 21430 385 4222 193 13251
36439 147 21430 385 4222 141 13251
36439 147 21430 385 41898 193 13251
36439 147 21430 385 41898 141 13251
36439 147 21430 5 6446 141 13251
36439 398 21356 385 10320 141 13251
36439 398 21356 385 8553 141 13251
36439 398 21356 385 33739 193 13251
36439 398 21356 385 33739 141 13251
36439 398 21356 385 56827 193 13251
36439 398 21356 385 34840 193 13251
36439 398 21356 385 34840 141 13251
36439 398 21356 385 6788 141 13251
36439 398 21356 385 54135 193 13251
36439 398 21356 385 54135 141 13251
36439 398 21356 385 70656 193 13251
36439 398 21356 385 70656 141 13251
36439 398 21356 385 40971 141 13251
36439 398 21356 385 44036 193 13251
36439 398 21356 385 44036 141 13251
36439 398 21356 385 42024 193 13251
36439 398 21356 385 42024 141 13251
36439 398 21356 385 33820 193 13251
36439 398 21356 385 33820 141 13251
36439 398 21356 385 31851 193 13251
36439 398 21356 385 31851 141 13251
36439 398 21356 385 60498 193 13251
36439 398 21356 385 18458 193 13251
36439 398 21356 385 55641 193 13251
36439 398 21356 385 22299 193 13251
36439 398 21356 385 22299 141 13251
36439 398 21356 385 58467 141 13251
36439 398 21356 385 52471 193 13251
36439 398 21356 385 44484 193 13251
36439 398 21356 385 55896 193 13251
36439 398 21356 385 52037 193 13251
36439 398 21356 385 1908 193 13251
36439 398 21356 385 4850 193 13251
36439 398 21356 385 4850 141 13251
36439 398 21356 385 46303 193 13251
36439 398 21356 385 46303 141 13251
36439 398 21356 385 25378 141 13251
36439 398 21356 385 6866 141 13251
36439 398 21356 385 57359 193 13251
36439 398 21356 385 57359 141 13251
36439 398 21356 385 49271 141 13251
36439 398 21356 385 72221 193 13251
36439 398 21356 385 72221 141 13251
36439 398 21356 385 9764 193 13251
36439 398 21356 385 9764 141 13251
36439 398 21356 385 42922 193 13251
36439 398 21356 385 42922 141 13251
36439 398 21356 385 56304 193 13251
36439 398 21356 385 74076 193 13251
36439 398 21356 385 38383 193 13251
36439 398 21356 385 38383 141 13251
36439 398 21356 385 44845 193 13251
36439 398 21356 385 44845 141 13251
36439 398 21356 385 48161 193 13251
36439 398 21356 385 70144 193 13251
36439 398 21356 385 35971 141 13251
36439 398 21356 172 53751 255 13251
36439 398 21356 172 66085 255 13251
36439 398 21356 5 42148 193 13251
36439 398 21356 5 47853 193 13251
36439 398 21356 5 47853 141 13251
36439 398 21356 5 59572 193 13251
36439 398 21356 5 48295 141 13251
36439 398 21356 5 50649 193 13251
36439 398 21356 5 50649 141 13251
36439 398 21356 155 75101 188 13251
36439 398 21356 155 2516 290 13251
36439 147 68441 383 69092 114 32131 126 13251
36439 147 68441 383 69092 114 32131 26 13251
36439 147 68441 105 43147 213 50130 121 13251
36439 147 68441 172 16625 105 44438 336 13251
36439 147 68441 172 16625 105 44438 255 13251
36439 147 68441 172 29427 290 40825 172 13251
36439 147 68441 172 29427 290 40825 105 13251
36439 147 68441 172 29427 188 37054 367 13251
36439 147 68441 172 29427 188 37054 356 13251
36439 398 21356 172 53751 255 53534 255 13251
36439 147 68441 164 70368 147 34279 385 3037 193 13251
36439 147 68441 164 70368 147 34279 255 53794 336 13251
36439 147 68441 164 70368 147 34279 255 53794 255 13251
36439 147 68441 164 70368 147 64119 213 51108 121 13251
36439 147 68441 164 70368 147 64119 230 13892 193 13251
36439 147 68441 164 70368 147 64119 230 13892 141 13251
36439 147 68441 164 70368 147 64119 230 72845 193 13251
36439 147 68441 385 15254 85 17058 214 41980 121 13251
36439 147 68441 385 7077 296 40261 99 44814 141 13251
36439 147 68441 383 69092 75 70836 336 14504 255 13251
36439 147 68441 383 69092 114 32131 290 75200 367 13251
36439 147 68441 383 69092 114 32131 26 58741 356 13251
36439 147 68441 383 69092 114 26378 336 2129 255 13251
36439 147 68441 105 43147 336 58982 230 13592 193 13251
36439 147 68441 105 43147 336 58982 230 22335 193 13251
36439 147 68441 105 43147 336 58982 230 59771 193 13251
36439 147 68441 105 43147 336 58982 230 59771 141 13251
36439 147 68441 105 43147 336 58982 230 51891 193 13251
36439 147 68441 105 43147 336 58982 230 51891 141 13251
36439 147 68441 105 43147 336 58982 230 6751 193 13251
36439 147 68441 105 43147 336 58982 230 5522 193 13251
36439 147 68441 105 43147 336 58982 230 53433 193 13251
36439 147 68441 105 43147 336 58982 230 36850 193 13251
36439 147 68441 105 43147 336 58982 230 36850 141 13251
36439 147 68441 105 43147 336 58982 230 47395 193 13251
36439 147 68441 105 43147 336 58982 230 47395 141 13251
36439 147 68441 105 43147 336 58982 230 73645 193 13251
36439 147 68441 105 43147 336 58982 230 73645 141 13251
36439 147 68441 105 43147 336 58982 230 5159 193 13251
36439 147 68441 105 43147 336 58982 230 42397 193 13251
36439 147 68441 105 43147 336 58982 230 71116 193 13251
36439 147 68441 105 43147 336 58982 230 12037 193 13251
36439 147 68441 105 43147 336 58982 230 14624 193 13251
36439 147 68441 105 43147 336 58982 230 14624 141 13251
36439 147 68441 105 43147 336 58982 230 57391 193 13251
36439 147 68441 105 43147 336 58982 230 43290 193 13251
36439 147 68441 105 43147 336 58982 230 43290 141 13251
36439 147 68441 105 43147 336 58982 230 70617 193 13251
36439 147 68441 105 43147 336 58982 230 22578 193 13251
36439 147 68441 105 43147 336 58982 230 22578 141 13251
36439 147 68441 105 43147 336 58982 230 65000 193 13251
36439 147 68441 105 43147 336 58982 230 37467 193 13251
36439 147 68441 105 43147 336 58982 230 37467 141 13251
36439 147 68441 105 43147 336 58982 230 64135 193 13251
36439 147 68441 105 43147 336 58982 230 64135 141 13251
36439 147 68441 105 43147 336 58982 230 49120 193 13251
36439 147 68441 105 43147 336 58982 230 72194 193 13251
36439 147 68441 105 43147 336 58982 230 49411 193 13251
36439 147 68441 105 43147 336 58982 230 47262 193 13251
36439 147 68441 105 43147 336 58982 230 67395 193 13251
36439 147 68441 105 43147 336 58982 230 58829 193 13251
36439 147 68441 105 43147 336 58982 230 58829 141 13251
36439 147 68441 105 43147 336 58982 230 1189 193 13251
36439 147 68441 105 43147 336 58982 230 1189 141 13251
36439 147 68441 105 43147 336 58982 230 33711 193 13251
36439 147 68441 105 43147 336 58982 230 36645 193 13251
36439 147 68441 105 43147 336 58982 230 36645 141 13251
36439 147 68441 105 43147 336 58982 230 44759 141 13251
36439 147 68441 105 43147 336 58982 230 19342 193 13251
36439 147 68441 105 43147 336 58982 230 31289 193 13251
36439 147 68441 105 43147 336 58982 230 31289 141 13251
36439 147 68441 105 43147 336 58982 230 22784 193 13251
36439 147 68441 105 43147 336 58982 230 71946 193 13251
36439 147 68441 105 43147 336 58982 230 35657 193 13251
36439 147 68441 105 43147 336 58982 230 58726 193 13251
36439 147 68441 105 43147 336 58982 230 45778 193 13251
36439 147 68441 105 43147 336 58982 230 28727 193 13251
36439 147 68441 105 43147 336 58982 230 43911 193 13251
36439 147 68441 105 43147 336 58982 230 56305 193 13251
36439 147 68441 105 43147 336 58982 230 73741 193 13251
36439 147 68441 105 43147 336 58982 230 13274 193 13251
36439 147 68441 105 43147 336 58982 230 49876 193 13251
36439 147 68441 105 43147 336 58982 230 60380 193 13251
36439 147 68441 105 43147 336 58982 230 57030 193 13251
36439 147 68441 105 43147 336 58982 230 57030 141 13251
36439 147 68441 105 43147 336 58982 230 51385 193 13251
36439 147 68441 105 43147 336 58982 230 3250 193 13251
36439 147 68441 105 43147 336 58982 230 71008 193 13251
36439 147 68441 105 43147 336 58982 230 51586 193 13251
36439 147 68441 105 43147 336 58982 230 25748 193 13251
36439 147 68441 105 43147 336 58982 230 12999 193 13251
36439 147 68441 105 43147 336 58982 230 11608 193 13251
36439 147 68441 105 43147 336 58982 230 60906 193 13251
36439 147 68441 105 43147 336 58982 230 41287 193 13251
36439 147 68441 105 43147 336 58982 230 58878 193 13251
36439 147 68441 105 43147 336 58982 230 68420 193 13251
36439 147 68441 105 43147 336 58982 230 68420 141 13251
36439 147 68441 105 43147 336 58982 230 22881 193 13251
36439 147 68441 105 43147 336 58982 230 6487 193 13251
36439 147 68441 105 43147 336 58982 230 13872 193 13251
36439 147 68441 297 61222 231 3493 5 52215 141 13251
36439 398 21356 385 58467 193 67575 230 63035 141 13251
36439 147 68441 383 69092 114 49761 230 50247 193 42163 230 47353 193 13251
