70368 147 64119
70368 147 68441 385 15254 141 64119
70368 147 21430 15 58857 398 64119
70368 147 21430 5 6446 141 64119
70368 147 68441 172 29427 126 47491 336 64119
70368 147 68441 172 29427 126 47491 255 64119
70368 147 68441 164 36439 147 13251 385 13892 193 64119
70368 147 68441 164 36439 147 13251 385 46303 193 64119
70368 147 68441 164 36439 147 13251 385 49271 193 64119
70368 147 68441 164 36439 147 13251 385 49271 141 64119
70368 147 68441 164 36439 147 13251 385 35971 141 64119
70368 147 68441 164 36439 147 13251 213 51108 121 64119
70368 147 68441 164 36439 147 13251 230 72845 193 64119
70368 147 34279 336 53751 255 52103 105 9898 105 64119
