70368 147 34279
70368 147 68441 385 15254 141 34279
70368 147 68441 385 7077 141 34279
70368 147 68441 5 68939 141 34279
70368 147 68441 5 36501 141 34279
70368 147 68441 5 31196 141 34279
70368 147 68441 172 29427 26 34279
70368 147 21430 385 4222 141 34279
70368 147 68441 383 69092 75 53751 255 34279
70368 147 68441 300 59812 211 66085 255 34279
70368 147 68441 164 36439 147 13251 336 53794 336 34279
70368 147 68441 164 36439 147 13251 230 3037 141 34279
70368 147 68441 164 36439 398 21356 15 47946 147 34279
70368 147 68441 164 36439 398 21356 385 55098 141 34279
