70368 147 68441
70368 147 34279 385 15254 141 68441
70368 147 34279 385 7077 141 68441
70368 147 34279 385 68939 217 68441
70368 147 34279 385 36501 217 68441
70368 147 34279 385 31196 217 68441
70368 147 34279 227 29427 105 68441
70368 147 21430 164 36439 147 68441
70368 147 21430 385 1328 217 68441
70368 147 34279 336 53751 252 6067 32 68441
70368 147 34279 336 53751 252 6067 369 68441
70368 147 34279 336 53751 252 6067 358 68441
70368 147 34279 336 53751 155 69092 294 68441
70368 147 34279 336 53751 300 59812 211 68441
70368 147 34279 227 29427 385 54168 254 68441
70368 147 34279 227 29427 297 61222 231 68441
70368 147 34279 164 47946 147 21356 15 72935 147 68441
70368 147 34279 164 47946 147 21356 385 55191 147 68441
70368 147 34279 164 47946 147 21356 385 69837 217 68441
70368 147 34279 164 47946 147 21356 385 8588 217 68441
70368 147 34279 164 47946 147 21356 385 72341 217 68441
70368 147 34279 164 47946 147 21356 385 4611 217 68441
70368 147 34279 164 47946 147 21356 385 47367 217 68441
70368 147 34279 164 47946 147 21356 385 66460 217 68441
70368 147 34279 164 47946 147 21356 385 62660 217 68441
70368 147 34279 164 47946 147 21356 385 68550 217 68441
70368 147 34279 164 47946 147 21356 385 26310 217 68441
70368 147 34279 164 47946 147 21356 5 45353 141 68441
70368 147 34279 164 47946 147 21356 155 16625 105 68441
70368 147 34279 385 15254 217 9911 5 37057 141 68441
70368 147 34279 385 15254 141 13251 385 5523 141 68441
70368 147 34279 385 4222 193 58982 255 43147 172 68441
70368 147 34279 336 53751 252 6067 151 58806 147 68441
70368 147 34279 336 53751 252 6067 151 58806 358 68441
70368 147 34279 336 53751 255 66545 105 54144 172 68441
70368 147 34279 336 53751 255 39745 5 24227 141 68441
70368 147 34279 227 29427 369 73831 252 35200 155 68441
70368 147 34279 227 29427 385 73609 398 47257 105 60765 172 68441
