10519 15 63319
10519 398 63319
10519 35 60073 372 38128 15 63319
10519 35 60073 372 38128 398 63319
10519 147 15434 28 10141 6 63319
10519 382 2748 6 44022 15 63319
10519 382 2748 6 44022 398 63319
10519 382 2748 6 69304 15 63319
10519 382 2748 6 69304 6 63319
10519 382 2748 6 69304 398 63319
10519 382 2748 6 1293 398 63319
10519 382 2748 6 74492 15 63319
10519 382 2748 6 74492 398 63319
10519 382 2748 6 26509 15 63319
10519 382 2748 6 26509 398 63319
10519 382 2748 6 45970 6 63319
10519 382 2748 6 45970 398 63319
10519 382 2748 6 74368 398 63319
10519 382 2748 6 65877 15 63319
10519 382 2748 6 65877 398 63319
10519 382 2748 6 9678 15 63319
10519 382 2748 6 9678 398 63319
10519 80 38944 315 49641 398 63319
10519 35 60073 372 38128 382 28806 15 63319
10519 35 60073 372 38128 382 28806 6 63319
10519 35 60073 372 38128 300 62434 211 63319
10519 35 60073 332 65853 31 61075 6 63319
10519 80 38944 315 35314 27 67509 15 63319
10519 80 38944 252 6067 32 44534 15 63319
10519 80 38944 252 6067 32 44534 398 63319
10519 117 3580 334 49954 42 66979 15 63319
10519 265 19933 161 31621 222 15252 15 63319
10519 35 60073 372 38128 141 31011 164 51209 15 63319
10519 35 60073 372 38128 141 31011 164 51209 398 63319
10519 35 60073 372 38128 141 31011 164 44680 398 63319
10519 382 2748 6 7077 296 40261 99 24712 15 63319
10519 382 2748 6 7077 296 40261 99 24712 398 63319
10519 35 60073 332 65853 31 29427 75 43756 6 52761 15 63319
10519 35 60073 332 65853 31 29427 75 43756 6 52761 398 63319
