15252 15 63319
15252 80 24879 315 9678 15 63319
15252 80 24879 315 9678 398 63319
15252 37 22668 91 74492 15 63319
15252 37 22668 91 74492 398 63319
15252 296 20492 99 67509 15 63319
15252 296 20492 99 45970 6 63319
15252 296 20492 99 45970 398 63319
15252 296 20492 99 49641 398 63319
15252 296 20492 99 74368 398 63319
15252 296 20492 99 51209 15 63319
15252 296 20492 99 51209 398 63319
15252 80 24879 75 69092 142 38128 15 63319
15252 80 24879 75 69092 142 38128 398 63319
15252 80 24879 75 69092 294 28806 15 63319
15252 80 24879 75 69092 294 28806 6 63319
15252 80 24879 310 1444 300 62434 211 63319
15252 37 22668 91 28684 386 26509 15 63319
15252 37 22668 91 28684 386 26509 398 63319
15252 37 22668 32 67410 64 65877 15 63319
15252 37 22668 32 67410 64 65877 398 63319
15252 384 11708 332 10045 31 61075 6 63319
15252 202 31621 20 19933 64 44022 15 63319
15252 202 31621 20 19933 64 44022 398 63319
15252 202 31621 20 19933 64 69304 15 63319
15252 202 31621 20 19933 64 69304 6 63319
15252 202 31621 20 19933 64 69304 398 63319
15252 202 31621 20 19933 64 10519 15 63319
15252 202 31621 20 19933 64 10519 398 63319
15252 67 19702 127 49954 42 66979 15 63319
15252 194 53214 239 67592 374 17058 112 1293 398 63319
15252 80 24879 91 47100 352 52898 338 24712 15 63319
15252 80 24879 91 47100 352 52898 338 24712 398 63319
15252 80 24879 91 47100 352 52898 65 44680 398 63319
15252 80 24879 75 69092 294 70550 382 10141 6 63319
15252 80 24879 315 2345 147 31011 164 44534 15 63319
15252 80 24879 315 2345 147 31011 164 44534 398 63319
15252 80 24879 75 69092 294 29427 75 43756 6 52761 15 63319
15252 80 24879 75 69092 294 29427 75 43756 6 52761 398 63319
