17875 15 38128
17875 6 38128
17875 398 38128
17875 143 37487 113 60073 372 38128
17875 143 37487 113 60073 396 38128
17875 143 37487 113 73982 385 38128
17875 143 37487 113 69443 6 38128
17875 143 37487 113 28376 398 38128
17875 143 37487 113 1334 15 38128
17875 143 37487 113 1334 398 38128
17875 143 37487 359 63974 271 38128
17875 143 37487 359 63974 385 38128
17875 332 40313 31 2748 6 38128
17875 332 40313 31 48224 6 38128
17875 143 37487 113 33922 300 62434 211 38128
17875 143 37487 113 74978 383 69092 142 38128
17875 143 37487 113 30973 102 23393 6 38128
17875 143 37487 113 57906 102 28644 6 38128
17875 143 37487 113 60073 342 21632 252 38128
17875 143 37487 113 60073 342 21632 28 38128
17875 143 37487 113 60073 342 21632 151 38128
17875 143 37487 113 60073 342 21632 396 38128
17875 143 37487 113 60073 398 52008 15 38128
17875 143 37487 113 60073 398 52008 6 38128
17875 143 37487 113 60073 382 8039 6 38128
17875 143 37487 113 60073 102 17727 6 38128
17875 143 37487 113 60073 102 29897 6 38128
17875 143 37487 113 60073 266 39181 6 38128
17875 143 37487 113 60073 303 28772 6 38128
17875 143 37487 113 60073 303 28772 277 38128
17875 143 37487 113 60073 303 28772 28 38128
17875 143 37487 113 69443 336 27108 385 38128
17875 143 37487 113 69443 372 586 6 38128
17875 143 37487 113 28376 382 65553 6 38128
17875 143 37487 113 28376 382 65553 277 38128
17875 143 37487 113 28376 382 65553 151 38128
17875 143 37487 113 58806 382 30522 6 38128
17875 143 37487 113 58806 369 14736 385 38128
17875 332 40313 31 30109 342 64632 112 38128
17875 332 40313 31 30109 342 64632 191 38128
17875 332 40313 31 1444 383 38944 315 38128
17875 332 40313 31 1444 383 38944 91 38128
17875 332 40313 31 1444 383 29827 64 38128
17875 332 40313 31 1444 383 69931 64 38128
17875 332 40313 31 1444 382 28806 6 38128
17875 332 40313 151 33054 277 66245 385 38128
17875 332 40313 151 33054 277 40018 6 38128
17875 332 40313 151 33054 277 59433 6 38128
17875 332 40313 151 33054 277 73145 6 38128
17875 332 40313 151 33054 277 60841 64 38128
17875 332 40313 151 33054 252 5256 385 38128
17875 332 40313 151 33054 252 4399 6 38128
17875 332 40313 151 33054 252 31066 6 38128
17875 332 40313 151 33054 32 70550 15 38128
17875 332 40313 151 33054 32 70550 6 38128
17875 332 40313 151 33054 32 70550 398 38128
17875 332 40313 151 33054 32 52920 385 38128
17875 143 37487 113 62465 143 69742 113 11658 385 38128
17875 143 37487 113 62465 143 69742 113 11658 398 38128
17875 143 37487 113 62465 143 69742 113 7417 6 38128
17875 143 37487 113 73338 105 27339 172 12246 6 38128
17875 143 37487 113 73338 105 27339 172 12246 398 38128
17875 143 37487 113 73338 172 52734 105 39896 15 38128
17875 143 37487 113 73338 172 52734 105 39896 6 38128
17875 143 37487 113 73338 172 52734 105 39896 398 38128
17875 143 37487 113 51021 300 59812 211 10306 271 38128
17875 143 37487 113 33922 300 62434 211 63319 15 38128
17875 143 37487 113 33922 300 62434 211 63319 398 38128
17875 143 37487 113 33922 300 62434 211 599 15 38128
17875 143 37487 113 49224 98 61405 204 22928 398 38128
17875 143 37487 113 49224 98 61405 204 22928 382 38128
17875 143 37487 113 74978 297 61222 231 31011 385 38128
17875 143 37487 113 39059 332 23453 31 15024 6 38128
17875 143 37487 113 39059 332 23453 31 26151 6 38128
17875 143 37487 113 39059 332 23453 31 41162 6 38128
17875 143 37487 113 21315 332 65853 31 24596 6 38128
17875 143 37487 113 21315 332 65857 31 42173 385 38128
17875 143 37487 113 21315 332 29065 31 1823 15 38128
17875 143 37487 113 21315 332 29065 31 1823 6 38128
17875 143 37487 113 21315 332 29065 31 15471 6 38128
17875 143 37487 113 21315 332 29065 31 20905 6 38128
17875 143 37487 113 21315 332 29052 31 7103 15 38128
17875 143 37487 113 21315 332 29052 31 7103 6 38128
17875 143 37487 113 21315 332 29064 31 26339 6 38128
17875 143 37487 113 15994 256 54168 254 20749 385 38128
17875 143 37487 113 15994 256 54168 254 14297 164 38128
17875 143 37487 113 15994 256 54168 379 1483 88 38128
17875 143 37487 113 15994 256 54168 85 17058 112 38128
17875 143 37487 113 15994 256 54168 85 17058 191 38128
17875 143 37487 113 51172 369 73592 277 26569 385 38128
17875 143 37487 113 51172 369 73592 277 26569 398 38128
17875 143 37487 113 60073 372 60675 217 9911 5 38128
17875 143 37487 113 60073 398 52008 15 32129 398 38128
17875 143 37487 113 60073 398 52008 15 32129 382 38128
17875 143 37487 113 69443 336 27108 372 59072 6 38128
17875 143 37487 113 28376 382 10141 6 32864 15 38128
17875 143 37487 113 28376 382 10141 6 32864 6 38128
17875 143 37487 113 28376 382 10141 6 12035 6 38128
17875 143 37487 113 28376 382 10141 6 12035 385 38128
17875 143 37487 113 28376 382 10141 6 44869 15 38128
17875 143 37487 113 28376 382 10141 6 44869 6 38128
17875 143 37487 113 28376 382 10141 6 68855 6 38128
17875 143 37487 113 28376 32 15756 271 55887 15 38128
17875 143 37487 113 28376 32 15756 271 55887 6 38128
17875 143 37487 113 28376 32 15756 271 55887 398 38128
17875 143 37487 113 58806 382 15562 6 75055 15 38128
17875 143 37487 113 58806 382 15562 6 75055 6 38128
17875 143 37487 113 38739 372 72687 85 19769 191 38128
17875 332 40313 31 1444 383 61102 75 322 6 38128
17875 332 40313 31 1444 383 61102 75 322 385 38128
17875 332 40313 31 1444 383 61102 75 322 398 38128
17875 332 40313 31 25928 338 31083 217 29947 5 38128
17875 332 40313 151 33054 277 51254 296 30382 99 38128
17875 143 37487 113 21315 332 29052 31 6576 356 51294 271 38128
17875 143 37487 113 21315 332 29052 31 6576 356 51294 385 38128
17875 143 37487 113 51172 369 73592 358 41653 5 45713 15 38128
17875 143 37487 113 60073 336 52103 398 5135 358 42522 6 38128
17875 143 37487 113 28376 32 15756 45 41876 23 53219 112 38128
