24712 15 63319
24712 398 63319
24712 292 52898 338 1293 398 63319
24712 292 52898 65 51209 15 63319
24712 292 52898 65 51209 398 63319
24712 292 52898 65 44680 398 63319
24712 292 52898 252 33054 32 28806 15 63319
24712 292 52898 252 33054 32 28806 6 63319
24712 292 52898 252 33054 151 62434 211 63319
24712 296 40261 99 7077 386 28684 386 26509 15 63319
24712 296 40261 99 7077 386 28684 386 26509 398 63319
24712 296 40261 99 7077 147 31011 385 38128 15 63319
24712 296 40261 99 7077 147 31011 385 38128 398 63319
24712 296 40261 99 7077 147 31011 164 44022 15 63319
24712 296 40261 99 7077 147 31011 164 44022 398 63319
24712 296 40261 99 7077 147 31011 164 44534 15 63319
24712 296 40261 99 7077 147 31011 164 44534 398 63319
24712 296 40261 99 7077 147 31011 164 69304 15 63319
24712 296 40261 99 7077 147 31011 164 69304 6 63319
24712 296 40261 99 7077 147 31011 164 69304 398 63319
24712 296 40261 99 7077 147 31011 164 74492 15 63319
24712 296 40261 99 7077 147 31011 164 74492 398 63319
24712 296 40261 99 7077 147 31011 164 45970 6 63319
24712 296 40261 99 7077 147 31011 164 45970 398 63319
24712 296 40261 99 7077 147 31011 164 74368 398 63319
24712 296 40261 99 7077 147 31011 164 65877 15 63319
24712 296 40261 99 7077 147 31011 164 65877 398 63319
24712 296 40261 99 7077 147 31011 164 9678 15 63319
24712 296 40261 99 7077 147 31011 164 9678 398 63319
24712 296 40261 99 7077 382 2748 6 10519 15 63319
24712 296 40261 99 7077 382 2748 6 10519 398 63319
24712 296 40261 99 7077 217 17518 5 49641 398 63319
24712 296 40261 99 7077 37 22668 91 15252 15 63319
24712 292 52898 338 32963 147 39108 164 66979 15 63319
24712 292 52898 338 70261 332 65853 31 61075 6 63319
24712 292 52898 252 33054 32 70550 382 10141 6 63319
24712 292 52898 65 5889 296 20492 99 67509 15 63319
24712 292 52898 252 33054 32 29427 75 43756 6 52761 15 63319
24712 292 52898 252 33054 32 29427 75 43756 6 52761 398 63319
