38128 15 63319
38128 398 63319
38128 382 28806 15 63319
38128 382 28806 6 63319
38128 300 62434 211 63319
38128 15 70550 382 10141 6 63319
38128 382 2748 6 44022 15 63319
38128 382 2748 6 44022 398 63319
38128 382 2748 6 69304 15 63319
38128 382 2748 6 69304 6 63319
38128 382 2748 6 69304 398 63319
38128 382 2748 6 10519 15 63319
38128 382 2748 6 10519 398 63319
38128 382 2748 6 1293 398 63319
38128 382 2748 6 74492 15 63319
38128 382 2748 6 74492 398 63319
38128 382 2748 6 26509 15 63319
38128 382 2748 6 26509 398 63319
38128 382 2748 6 45970 6 63319
38128 382 2748 6 45970 398 63319
38128 382 2748 6 74368 398 63319
38128 382 2748 6 65877 15 63319
38128 382 2748 6 65877 398 63319
38128 382 2748 6 9678 15 63319
38128 382 2748 6 9678 398 63319
38128 300 62434 211 66979 15 63319
38128 80 38944 315 49641 398 63319
38128 130 63974 382 61075 6 63319
38128 141 31011 164 44534 15 63319
38128 141 31011 164 44534 398 63319
38128 141 31011 164 51209 15 63319
38128 141 31011 164 51209 398 63319
38128 141 31011 164 44680 398 63319
38128 398 45713 296 20492 99 67509 15 63319
38128 398 45713 296 20492 99 15252 15 63319
38128 15 70550 75 33054 277 52898 338 24712 15 63319
38128 15 70550 75 33054 277 52898 338 24712 398 63319
38128 265 60841 277 29427 75 43756 6 52761 15 63319
38128 265 60841 277 29427 75 43756 6 52761 398 63319
