44534 15 63319
44534 398 63319
44534 147 31011 385 38128 15 63319
44534 147 31011 385 38128 398 63319
44534 147 31011 164 44022 15 63319
44534 147 31011 164 44022 398 63319
44534 147 31011 164 69304 15 63319
44534 147 31011 164 69304 6 63319
44534 147 31011 164 69304 398 63319
44534 147 31011 164 1293 398 63319
44534 147 31011 164 74492 15 63319
44534 147 31011 164 74492 398 63319
44534 147 31011 164 45970 6 63319
44534 147 31011 164 45970 398 63319
44534 147 31011 164 74368 398 63319
44534 147 31011 164 51209 15 63319
44534 147 31011 164 51209 398 63319
44534 147 31011 164 44680 398 63319
44534 147 31011 164 65877 15 63319
44534 147 31011 164 65877 398 63319
44534 147 31011 164 9678 15 63319
44534 147 31011 164 9678 398 63319
44534 382 43756 6 52761 15 63319
44534 382 43756 6 52761 398 63319
44534 75 6067 151 28806 15 63319
44534 75 6067 151 28806 6 63319
44534 147 31011 385 38128 300 62434 211 63319
44534 105 52734 105 39896 382 10141 6 63319
44534 105 52734 105 63974 382 61075 6 63319
44534 75 6067 151 38944 315 10519 15 63319
44534 75 6067 151 38944 315 10519 398 63319
44534 75 6067 151 38944 315 26509 15 63319
44534 75 6067 151 38944 315 26509 398 63319
44534 75 6067 151 38944 315 49641 398 63319
44534 147 31011 385 38128 300 62434 211 66979 15 63319
44534 147 31011 385 54168 37 22668 91 15252 15 63319
44534 147 31011 164 5190 296 20492 99 67509 15 63319
44534 147 31011 164 7077 296 40261 99 24712 15 63319
44534 147 31011 164 7077 296 40261 99 24712 398 63319
