45713 15 38128
45713 217 41653 28 73592 277 60073 372 38128
45713 217 41653 28 73592 277 60073 396 38128
45713 217 41653 28 73592 277 26569 385 38128
45713 217 41653 28 73592 277 26569 398 38128
45713 217 41653 28 73592 358 28376 398 38128
45713 217 41653 275 52706 163 9911 5 38128
45713 296 20492 99 48029 80 38944 315 38128
45713 296 20492 99 48029 80 38944 91 38128
45713 296 20492 99 48029 85 17058 112 38128
45713 296 20492 99 48029 85 17058 191 38128
45713 296 20492 99 48029 85 64632 112 38128
45713 296 20492 99 48029 85 64632 191 38128
45713 296 20492 99 48029 85 19769 191 38128
45713 296 20492 99 6330 379 1483 88 38128
45713 296 20492 99 5190 147 31011 385 38128
45713 296 20492 99 67509 15 63319 15 38128
45713 296 20492 99 67509 15 63319 398 38128
45713 296 20492 99 15254 382 2748 6 38128
45713 296 20492 99 32101 300 62434 211 38128
45713 217 41653 172 40650 358 17373 373 29827 64 38128
45713 217 41653 172 40650 358 17373 373 60841 64 38128
45713 217 41653 172 40650 358 17373 164 69931 64 38128
45713 217 41653 5 68483 254 65908 383 69092 142 38128
45713 217 41653 28 73592 277 53751 382 8039 6 38128
45713 217 41653 28 73592 277 53751 255 69443 6 38128
45713 217 41653 28 73592 277 60073 342 28644 6 38128
45713 217 41653 28 73592 277 60073 342 21632 252 38128
45713 217 41653 28 73592 277 60073 342 21632 28 38128
45713 217 41653 28 73592 277 60073 342 21632 151 38128
45713 217 41653 28 73592 277 60073 342 21632 396 38128
45713 217 41653 28 73592 277 60073 398 52008 15 38128
45713 217 41653 28 73592 277 60073 398 52008 6 38128
45713 217 41653 28 73592 277 60073 102 17727 6 38128
45713 217 41653 28 73592 277 60073 102 29897 6 38128
45713 217 41653 28 73592 277 60073 266 39181 6 38128
45713 217 41653 28 73592 277 60073 303 28772 6 38128
45713 217 41653 28 73592 277 60073 303 28772 277 38128
45713 217 41653 28 73592 277 60073 303 28772 28 38128
45713 217 41653 28 73592 277 75212 102 30522 6 38128
45713 217 41653 28 73592 358 60885 359 28806 6 38128
45713 217 41653 28 73592 358 28376 382 65553 6 38128
45713 217 41653 28 73592 358 28376 382 65553 277 38128
45713 217 41653 28 73592 358 28376 382 65553 151 38128
45713 217 41653 28 73592 358 37302 256 55887 15 38128
45713 217 41653 28 73592 358 37302 256 55887 6 38128
45713 217 41653 28 73592 358 37302 256 55887 398 38128
45713 217 41653 28 73592 358 24058 196 26151 6 38128
45713 217 41653 28 73592 358 24058 196 24596 6 38128
45713 217 41653 63 15973 332 23453 31 15024 6 38128
45713 217 41653 63 15973 332 23453 31 66245 385 38128
45713 217 41653 63 15973 332 23453 31 4399 6 38128
45713 217 41653 63 15973 332 23453 31 70550 15 38128
45713 217 41653 63 15973 332 23453 31 70550 6 38128
45713 217 41653 63 15973 332 23453 31 70550 398 38128
45713 217 41653 63 15973 332 23453 31 31066 6 38128
45713 217 41653 63 15973 332 23453 31 14736 385 38128
45713 217 41653 63 15973 332 23453 31 52920 385 38128
45713 217 41653 63 15973 332 23453 31 59433 6 38128
45713 217 41653 63 15973 332 23453 31 41162 6 38128
45713 217 41653 63 15973 332 23453 31 73145 6 38128
45713 217 41653 63 15973 332 23453 31 48224 6 38128
45713 217 41653 63 15973 332 23453 31 23393 6 38128
45713 296 20492 99 71797 265 20249 392 63974 271 38128
45713 296 20492 99 71797 265 20249 392 63974 385 38128
45713 296 20492 99 47938 332 29065 31 1823 15 38128
45713 296 20492 99 47938 332 29065 31 1823 6 38128
45713 296 20492 99 47938 332 29065 31 42173 385 38128
45713 296 20492 99 47938 332 29065 31 15471 6 38128
45713 296 20492 99 47938 332 29065 31 20905 6 38128
45713 296 20492 99 32101 300 62434 211 599 15 38128
45713 296 20492 99 72003 369 33054 277 40018 6 38128
45713 296 20492 99 72003 369 33054 252 5256 385 38128
45713 296 20492 99 49073 332 29052 31 7417 6 38128
45713 296 20492 99 49073 332 29052 31 7103 15 38128
45713 296 20492 99 49073 332 29052 31 7103 6 38128
45713 296 20492 99 49642 35 36729 271 44869 15 38128
45713 296 20492 99 49642 35 36729 271 44869 6 38128
45713 296 20492 99 16092 345 58414 150 1334 15 38128
45713 296 20492 99 16092 345 58414 150 1334 398 38128
45713 217 41653 5 68483 254 65908 332 29064 31 26339 6 38128
45713 217 41653 5 68483 254 65908 256 54168 254 20749 385 38128
45713 217 41653 5 68483 254 65908 256 54168 254 14297 164 38128
45713 217 41653 28 73592 277 73460 332 40313 31 17875 15 38128
45713 217 41653 28 73592 277 73460 332 40313 31 17875 6 38128
45713 217 41653 28 73592 277 73460 332 40313 31 17875 398 38128
45713 217 41653 28 73592 277 51574 300 59812 211 10306 271 38128
45713 217 41653 28 73592 277 51574 300 59812 211 11658 385 38128
45713 217 41653 28 73592 277 51574 300 59812 211 11658 398 38128
45713 217 41653 28 73592 277 51574 300 59812 211 39896 15 38128
45713 217 41653 28 73592 277 51574 300 59812 211 39896 6 38128
45713 217 41653 28 73592 277 51574 300 59812 211 39896 398 38128
45713 217 41653 28 73592 277 51172 143 37487 113 73982 385 38128
45713 217 41653 28 73592 277 51363 256 3890 15 22928 398 38128
45713 217 41653 28 73592 277 51363 256 3890 15 22928 382 38128
45713 217 41653 28 73592 277 59390 32 23798 75 322 6 38128
45713 217 41653 28 73592 277 59390 32 23798 75 322 385 38128
45713 217 41653 28 73592 277 59390 32 23798 75 322 398 38128
45713 217 41653 28 73592 277 53751 255 6780 336 27108 385 38128
45713 217 41653 28 73592 277 53751 255 69443 372 586 6 38128
45713 217 41653 28 73592 277 60073 398 52008 15 32129 398 38128
45713 217 41653 28 73592 277 60073 398 52008 15 32129 382 38128
45713 217 41653 28 73592 155 47902 91 47560 296 30382 99 38128
45713 217 41653 28 73592 358 25928 338 31083 217 29947 5 38128
45713 217 41653 28 73592 358 32357 105 27339 172 12246 6 38128
45713 217 41653 28 73592 358 32357 105 27339 172 12246 398 38128
45713 217 41653 28 73592 358 28376 382 10141 6 59072 6 38128
45713 217 41653 28 73592 358 28376 382 10141 6 32864 15 38128
45713 217 41653 28 73592 358 28376 382 10141 6 32864 6 38128
45713 217 41653 28 73592 358 28376 382 10141 6 12035 6 38128
45713 217 41653 28 73592 358 28376 382 10141 6 12035 385 38128
45713 217 41653 28 73592 358 28376 382 10141 6 68855 6 38128
45713 217 41653 28 73592 358 72636 45 41876 23 53219 112 38128
45713 217 41653 63 15973 332 23453 31 14736 385 75055 15 38128
45713 217 41653 63 15973 332 23453 31 14736 385 75055 6 38128
45713 296 20492 99 67039 80 32131 126 6576 356 51294 271 38128
45713 296 20492 99 67039 80 32131 126 6576 356 51294 385 38128
45713 217 41653 28 73592 277 53751 255 52103 398 5135 358 42522 6 38128
