5135 15 52103
5135 203 52103
5135 15 58243 172 14736 172 52103
5135 15 58243 172 9637 172 52103
5135 15 58243 373 10184 367 52103
5135 15 58243 271 28427 130 52103
5135 15 58243 271 61953 258 52103
5135 15 58243 271 61953 203 52103
5135 217 42173 385 48306 130 52103
5135 217 42173 172 57560 255 52103
5135 217 42173 101 69459 337 52103
5135 217 42173 373 2907 367 52103
5135 15 58243 172 14736 172 52734 172 52103
5135 15 58243 172 14736 172 52734 105 52103
5135 15 58243 172 14736 172 52489 255 52103
5135 15 58243 172 14736 172 30687 336 52103
5135 15 58243 172 14736 172 30687 255 52103
5135 15 58243 172 14736 172 74334 255 52103
5135 15 58243 172 14736 172 70609 255 52103
5135 15 58243 172 14736 143 69742 113 52103
5135 15 58243 172 63771 172 50502 336 52103
5135 15 58243 172 63771 172 50502 255 52103
5135 15 58243 172 63771 172 16101 255 52103
5135 15 58243 332 65853 31 60073 336 52103
5135 15 58243 332 65853 31 60073 255 52103
5135 217 42173 385 38128 382 69443 255 52103
5135 217 42173 385 38128 130 63974 382 52103
5135 217 42173 172 57560 336 11568 255 52103
5135 217 42173 172 57560 336 48943 255 52103
5135 217 42173 172 57560 213 59108 121 52103
5135 15 58243 172 14736 143 69742 113 51482 336 52103
5135 15 58243 172 14736 143 69742 113 51482 255 52103
5135 15 58243 172 14736 396 54516 35 53751 255 52103
5135 217 42173 172 57560 336 18275 255 58964 255 52103
5135 217 42173 172 57560 336 18275 255 20189 255 52103
5135 217 42173 172 57560 336 37269 336 67386 336 52103
5135 217 42173 172 57560 336 37269 336 71491 336 52103
5135 15 58243 332 65853 31 24058 172 56922 172 9898 172 52103
