599 15 38128
599 300 62434 211 38128
599 300 62434 211 63319 15 38128
599 300 62434 211 63319 398 38128
599 300 62434 211 66245 385 38128
599 300 62434 211 70550 15 38128
599 300 62434 211 70550 6 38128
599 300 62434 211 70550 398 38128
599 300 62434 211 52920 385 38128
599 300 62434 211 28806 6 38128
599 300 62434 211 28376 398 38128
599 332 65855 31 15024 6 38128
599 332 65855 31 26151 6 38128
599 332 65855 31 4399 6 38128
599 332 65855 31 2748 6 38128
599 332 65855 31 31066 6 38128
599 332 65855 31 20905 6 38128
599 332 65855 31 41162 6 38128
599 332 65855 31 73145 6 38128
599 332 65855 31 48224 6 38128
599 332 65855 369 69092 142 38128
599 332 29052 31 14736 385 38128
599 332 29052 31 59433 6 38128
599 332 29052 31 30522 6 38128
599 332 29052 31 7417 6 38128
599 332 29052 31 7103 15 38128
599 332 29052 31 7103 6 38128
599 300 62434 211 70550 102 23393 6 38128
599 300 62434 211 63713 382 8039 6 38128
599 300 62434 211 63713 15 60073 372 38128
599 300 62434 211 63713 15 60073 396 38128
599 300 62434 211 1444 383 38944 315 38128
599 300 62434 211 1444 383 38944 91 38128
599 300 62434 211 1444 383 29827 64 38128
599 300 62434 211 1444 383 69931 64 38128
599 300 62434 211 53751 255 69443 6 38128
599 300 62434 211 53751 101 9911 5 38128
599 300 62434 211 24058 196 24596 6 38128
599 300 62434 211 24058 196 60841 64 38128
599 300 62434 211 32101 85 17058 112 38128
599 300 62434 211 32101 85 17058 191 38128
599 300 62434 211 32101 85 64632 112 38128
599 300 62434 211 32101 85 64632 191 38128
599 300 62434 211 72687 147 31011 385 38128
599 300 62434 211 72687 85 19769 191 38128
599 300 62434 211 72687 130 63974 271 38128
599 300 62434 211 72687 130 63974 385 38128
599 300 62434 211 37302 256 55887 15 38128
599 300 62434 211 37302 256 55887 6 38128
599 300 62434 211 37302 256 55887 398 38128
599 300 62434 211 28376 252 21632 252 38128
599 300 62434 211 28376 252 21632 28 38128
599 300 62434 211 28376 252 21632 151 38128
599 300 62434 211 28376 252 21632 396 38128
599 300 62434 211 28376 382 65553 6 38128
599 300 62434 211 28376 382 65553 277 38128
599 300 62434 211 28376 382 65553 151 38128
599 300 62434 211 53145 379 1483 88 38128
599 300 62434 252 33054 277 40018 6 38128
599 300 62434 252 33054 252 5256 385 38128
599 332 65855 31 6934 359 39896 15 38128
599 332 65855 31 6934 359 39896 6 38128
599 332 65855 31 6934 359 39896 398 38128
599 332 65855 31 72838 105 42173 385 38128
599 332 29052 31 6576 356 51294 271 38128
599 332 29052 31 6576 356 51294 385 38128
599 332 29052 31 14736 385 75055 15 38128
599 332 29052 31 14736 385 75055 6 38128
599 332 29052 31 67973 6 586 6 38128
599 332 29052 31 7417 6 12035 6 38128
599 332 29052 31 7417 6 12035 385 38128
599 102 72517 359 68072 143 69742 113 11658 385 38128
599 102 72517 359 68072 143 69742 113 11658 398 38128
599 102 72517 359 68072 143 37487 113 73982 385 38128
599 102 72517 359 68072 143 37487 113 17875 15 38128
599 102 72517 359 68072 143 37487 113 17875 6 38128
599 102 72517 359 68072 143 37487 113 17875 398 38128
599 102 72517 359 68072 143 37487 113 1334 15 38128
599 102 72517 359 68072 143 37487 113 1334 398 38128
599 102 72517 359 6228 332 29065 31 1823 15 38128
599 102 72517 359 6228 332 29065 31 1823 6 38128
599 102 72517 359 6228 332 29065 31 15471 6 38128
599 102 72517 359 6228 332 29065 31 17727 6 38128
599 102 72517 359 48931 105 27339 172 12246 6 38128
599 102 72517 359 48931 105 27339 172 12246 398 38128
599 102 72517 359 51394 332 29064 31 26339 6 38128
599 102 72517 359 22173 102 3052 359 20749 385 38128
599 300 62434 211 44667 300 59812 211 10306 271 38128
599 300 62434 211 72079 256 54168 254 14297 164 38128
599 300 62434 211 63319 382 10141 6 59072 6 38128
599 300 62434 211 63319 382 10141 6 32864 15 38128
599 300 62434 211 63319 382 10141 6 32864 6 38128
599 300 62434 211 63319 382 10141 6 44869 15 38128
599 300 62434 211 63319 382 10141 6 44869 6 38128
599 300 62434 211 63319 382 10141 6 68855 6 38128
599 300 62434 211 73460 28 73592 277 26569 385 38128
599 300 62434 211 73460 28 73592 277 26569 398 38128
599 300 62434 211 70550 256 48065 15 22928 398 38128
599 300 62434 211 70550 256 48065 15 22928 382 38128
599 300 62434 211 51172 359 57906 102 28644 6 38128
599 300 62434 211 63713 15 60073 398 52008 15 38128
599 300 62434 211 63713 15 60073 398 52008 6 38128
599 300 62434 211 63713 15 60073 102 29897 6 38128
599 300 62434 211 63713 15 60073 266 39181 6 38128
599 300 62434 211 63713 15 60073 303 28772 6 38128
599 300 62434 211 63713 15 60073 303 28772 277 38128
599 300 62434 211 63713 15 60073 303 28772 28 38128
599 300 62434 211 37898 164 10979 296 30382 99 38128
599 300 62434 211 1444 383 61102 75 322 6 38128
599 300 62434 211 1444 383 61102 75 322 385 38128
599 300 62434 211 1444 383 61102 75 322 398 38128
599 300 62434 211 53751 255 6780 336 27108 385 38128
599 300 62434 211 32101 296 20492 99 45713 15 38128
599 300 62434 211 3650 45 41876 23 53219 112 38128
599 332 65855 31 25928 338 31083 217 29947 5 38128
599 332 65855 369 19933 75 4870 26 32129 398 38128
599 332 65855 369 19933 75 4870 26 32129 382 38128
599 300 62434 211 53751 255 52103 398 5135 358 42522 6 38128
