66979 15 63319
66979 300 62434 211 63319
66979 300 62434 211 38128 15 63319
66979 300 62434 211 38128 398 63319
66979 300 62434 211 28806 15 63319
66979 300 62434 211 28806 6 63319
66979 330 72713 42 44022 15 63319
66979 330 72713 42 44022 398 63319
66979 300 62434 211 65908 398 49641 398 63319
66979 300 62434 211 70550 382 10141 6 63319
66979 300 62434 211 37898 164 69304 15 63319
66979 300 62434 211 37898 164 69304 6 63319
66979 300 62434 211 37898 164 69304 398 63319
66979 300 62434 211 37898 164 45970 6 63319
66979 300 62434 211 37898 164 45970 398 63319
66979 300 62434 211 37898 164 74368 398 63319
66979 300 62434 211 48050 64 9678 15 63319
66979 300 62434 211 48050 64 9678 398 63319
66979 330 49954 42 19702 127 15252 15 63319
66979 330 49954 117 3580 334 10519 15 63319
66979 330 49954 117 3580 334 10519 398 63319
66979 330 49954 117 3580 334 1293 398 63319
66979 330 49954 117 3580 334 26509 15 63319
66979 330 49954 117 3580 334 26509 398 63319
66979 147 39108 164 33095 155 67410 64 65877 15 63319
66979 147 39108 164 33095 155 67410 64 65877 398 63319
66979 147 39108 164 72687 147 31011 164 44534 15 63319
66979 147 39108 164 72687 147 31011 164 44534 398 63319
66979 147 39108 164 72687 147 31011 164 74492 15 63319
66979 147 39108 164 72687 147 31011 164 74492 398 63319
66979 147 39108 164 72687 147 31011 164 51209 15 63319
66979 147 39108 164 72687 147 31011 164 51209 398 63319
66979 147 39108 164 72687 147 31011 164 44680 398 63319
66979 147 39108 164 72687 130 63974 382 61075 6 63319
66979 147 39108 164 69820 352 52898 338 24712 15 63319
66979 147 39108 164 69820 352 52898 338 24712 398 63319
66979 300 62434 211 32101 296 20492 99 67509 15 63319
66979 147 39108 164 33095 155 29427 75 43756 6 52761 15 63319
66979 147 39108 164 33095 155 29427 75 43756 6 52761 398 63319
