67509 15 63319
67509 296 20492 99 15252 15 63319
67509 296 20492 99 45970 6 63319
67509 296 20492 99 45970 398 63319
67509 296 20492 99 49641 398 63319
67509 296 20492 99 74368 398 63319
67509 296 20492 99 51209 15 63319
67509 296 20492 99 51209 398 63319
67509 14 35314 80 38944 315 38128 15 63319
67509 14 35314 80 38944 315 38128 398 63319
67509 14 35314 80 38944 315 44022 15 63319
67509 14 35314 80 38944 315 44022 398 63319
67509 14 35314 80 38944 315 69304 15 63319
67509 14 35314 80 38944 315 69304 6 63319
67509 14 35314 80 38944 315 69304 398 63319
67509 14 35314 80 38944 315 10519 15 63319
67509 14 35314 80 38944 315 10519 398 63319
67509 14 35314 80 38944 315 1293 398 63319
67509 14 35314 80 38944 315 74492 15 63319
67509 14 35314 80 38944 315 74492 398 63319
67509 14 35314 80 38944 315 26509 15 63319
67509 14 35314 80 38944 315 26509 398 63319
67509 14 35314 80 38944 315 65877 15 63319
67509 14 35314 80 38944 315 65877 398 63319
67509 296 20492 99 32101 300 62434 211 63319
67509 14 35314 80 38944 315 38128 382 28806 15 63319
67509 14 35314 80 38944 315 38128 382 28806 6 63319
67509 14 35314 80 38944 315 54965 281 9678 15 63319
67509 14 35314 80 38944 315 54965 281 9678 398 63319
67509 14 35314 80 38944 252 6067 32 44534 15 63319
67509 14 35314 80 38944 252 6067 32 44534 398 63319
67509 296 20492 99 5190 147 31011 164 44680 398 63319
67509 296 20492 99 71797 147 37898 382 10141 6 63319
67509 296 20492 99 32101 300 62434 211 66979 15 63319
67509 296 20492 99 49073 332 65856 31 61075 6 63319
67509 296 20492 99 5889 352 52898 338 24712 15 63319
67509 296 20492 99 5889 352 52898 338 24712 398 63319
67509 14 35314 80 38944 315 55497 155 29427 75 43756 6 52761 15 63319
67509 14 35314 80 38944 315 55497 155 29427 75 43756 6 52761 398 63319
