74492 15 63319
74492 398 63319
74492 147 31011 385 38128 15 63319
74492 147 31011 385 38128 398 63319
74492 147 31011 164 44022 15 63319
74492 147 31011 164 44022 398 63319
74492 147 31011 164 44534 15 63319
74492 147 31011 164 44534 398 63319
74492 147 31011 164 69304 15 63319
74492 147 31011 164 69304 6 63319
74492 147 31011 164 69304 398 63319
74492 147 31011 164 1293 398 63319
74492 147 31011 164 45970 6 63319
74492 147 31011 164 45970 398 63319
74492 147 31011 164 74368 398 63319
74492 147 31011 164 51209 15 63319
74492 147 31011 164 51209 398 63319
74492 147 31011 164 44680 398 63319
74492 147 31011 164 65877 15 63319
74492 147 31011 164 65877 398 63319
74492 147 31011 164 9678 15 63319
74492 147 31011 164 9678 398 63319
74492 382 2748 6 10519 15 63319
74492 382 2748 6 10519 398 63319
74492 382 2748 6 26509 15 63319
74492 382 2748 6 26509 398 63319
74492 80 38944 315 49641 398 63319
74492 37 22668 91 15252 15 63319
74492 147 31011 385 38128 382 28806 15 63319
74492 147 31011 385 38128 382 28806 6 63319
74492 147 31011 385 38128 300 62434 211 63319
74492 382 2748 332 65853 31 61075 6 63319
74492 80 38944 315 35314 27 67509 15 63319
74492 147 31011 385 38128 15 70550 382 10141 6 63319
74492 147 31011 385 38128 300 62434 211 66979 15 63319
74492 147 31011 164 44534 382 43756 6 52761 15 63319
74492 147 31011 164 44534 382 43756 6 52761 398 63319
74492 147 31011 164 7077 296 40261 99 24712 15 63319
74492 147 31011 164 7077 296 40261 99 24712 398 63319
