4373 130 24800
4373 141 24800
4373 252 24800
4373 254 24800
4373 35 24800
4373 130 5558 336 44160 255 24800
4373 130 5558 336 38784 255 24800
4373 130 5558 102 33649 359 24800
4373 130 5558 102 22230 359 24800
4373 130 5558 102 65649 359 24800
4373 130 5558 102 64310 359 24800
4373 130 5558 102 37160 359 24800
4373 130 5558 102 48010 359 24800
4373 130 5558 102 50473 359 24800
4373 130 5558 102 42095 359 24800
4373 130 5558 102 34709 359 24800
4373 130 5558 102 4824 359 24800
4373 130 5558 102 36131 359 24800
4373 130 5558 102 30692 359 24800
4373 130 5558 102 59034 359 24800
4373 130 5558 102 3064 359 24800
4373 130 5558 102 36624 359 24800
4373 130 5558 102 61847 359 24800
4373 130 5558 102 68886 359 24800
4373 130 5558 102 41766 359 24800
4373 130 5558 102 38501 359 24800
4373 130 5558 102 45772 359 24800
4373 130 5558 143 34165 113 24800
4373 130 5558 143 9610 113 24800
