4373 130 69865
4373 254 69865
4373 35 69865
4373 130 5558 385 56010 130 69865
4373 130 5558 385 56010 141 69865
4373 130 5558 336 44160 255 69865
4373 130 5558 336 38784 255 69865
4373 130 5558 102 33649 331 69865
4373 130 5558 102 33649 176 69865
4373 130 5558 102 22230 331 69865
4373 130 5558 102 22230 176 69865
4373 130 5558 102 65649 331 69865
4373 130 5558 102 64310 359 69865
4373 130 5558 102 48010 331 69865
4373 130 5558 102 50473 176 69865
4373 130 5558 102 42095 331 69865
4373 130 5558 102 34709 359 69865
4373 130 5558 102 4824 331 69865
4373 130 5558 102 30692 331 69865
4373 130 5558 102 59034 331 69865
4373 130 5558 102 59034 176 69865
4373 130 5558 102 3064 331 69865
4373 130 5558 102 3064 176 69865
4373 130 5558 102 61847 331 69865
4373 130 5558 102 61847 176 69865
4373 130 5558 102 68886 331 69865
4373 130 5558 102 41766 331 69865
4373 130 5558 102 38501 176 69865
4373 130 5558 102 45772 331 69865
4373 130 5558 102 45772 176 69865
4373 130 5558 143 34165 331 69865
4373 130 5558 143 34165 176 69865
4373 130 5558 143 9610 331 69865
4373 130 5558 143 9610 176 69865
4373 130 5558 336 44160 143 20274 113 69865
4373 130 5558 336 44160 100 32131 290 69865
4373 130 5558 336 38784 336 20467 255 69865
4373 130 5558 336 38784 336 24314 336 69865
4373 130 5558 336 38784 92 57883 331 69865
4373 130 5558 336 38784 92 57883 176 69865
4373 130 5558 336 38784 159 27894 242 69865
4373 130 5558 336 38784 68 16703 259 69865
4373 130 5558 336 38784 18 65543 322 69865
4373 130 5558 336 38784 18 19694 282 69865
4373 130 5558 336 38784 18 19694 322 69865
4373 130 5558 336 38784 213 22793 121 69865
4373 130 5558 336 38784 213 67321 121 69865
4373 130 5558 336 38784 213 47898 121 69865
4373 130 5558 336 38784 255 53540 255 69865
4373 130 5558 336 38784 266 41010 331 69865
4373 130 5558 336 38784 266 41010 176 69865
4373 130 5558 336 38784 266 31431 113 69865
4373 130 5558 102 37160 252 19933 242 69865
4373 130 5558 336 44160 100 32131 354 72636 322 69865
4373 130 5558 336 38784 336 2064 159 23785 242 69865
4373 130 5558 336 38784 336 20467 68 2851 259 69865
4373 130 5558 336 38784 336 20467 68 49302 259 69865
4373 130 5558 336 38784 336 20467 68 20503 259 69865
4373 130 5558 336 38784 336 20467 68 28848 259 69865
4373 130 5558 336 38784 336 20467 68 2342 259 69865
4373 130 5558 336 38784 336 20467 68 15570 259 69865
4373 130 5558 336 38784 336 20467 68 22041 259 69865
4373 130 5558 336 38784 336 20467 255 16395 356 69865
4373 130 5558 336 38784 68 24097 300 59812 211 69865
4373 130 5558 336 38784 18 65543 282 60024 367 69865
4373 130 5558 336 38784 255 53540 92 22855 113 69865
4373 130 5558 336 38784 255 53540 92 42336 113 69865
4373 130 5558 336 38784 255 53540 68 62772 259 69865
4373 130 5558 336 38784 255 53540 100 6843 290 69865
4373 130 5558 336 44160 100 32131 290 31376 261 17630 322 69865
4373 130 5558 336 44160 100 32131 290 31376 261 40314 322 69865
4373 130 5558 336 44160 100 32131 290 31376 261 54501 322 69865
4373 130 5558 336 44160 100 32131 155 69092 32 51420 242 69865
4373 130 5558 336 44160 100 32131 155 69092 277 4148 242 69865
4373 130 5558 336 44160 100 32131 354 72636 339 62261 242 69865
