54448 255 6780
54448 255 53794 255 6780
54448 336 53751 255 6780
54448 213 50130 121 26162 336 14504 255 6780
54448 213 50130 121 33466 227 29427 126 6780
54448 213 50130 121 33466 336 66085 255 6780
54448 213 50130 121 4137 336 27108 255 6780
54448 213 50130 121 41015 255 48286 255 6780
54448 213 50130 121 41015 385 18633 141 6780
54448 213 50130 121 16868 336 30660 255 6780
54448 213 50130 121 53534 336 51449 255 6780
54448 213 50130 121 44438 336 58250 230 30298 193 6780
54448 213 50130 121 44438 336 58250 230 30298 141 6780
