54448 255 53794
54448 336 53794
54448 255 6780 336 53794
54448 213 50130 121 41015 255 53794
54448 213 50130 121 15557 336 53794
54448 213 50130 121 15557 255 53794
54448 213 50130 121 53534 336 53794
54448 213 50130 121 53534 255 53794
54448 213 50130 121 12095 336 53794
54448 213 50130 121 12095 255 53794
54448 213 50130 121 38244 255 53794
54448 213 50130 121 38244 336 53794
54448 213 50130 121 44438 336 53794
54448 213 50130 121 40825 336 53794
54448 213 50130 121 56513 336 53794
54448 213 50130 121 56513 255 53794
54448 213 50130 121 58982 336 53794
54448 213 50130 121 58982 255 53794
54448 213 50130 121 18299 336 53794
54448 213 50130 121 6793 336 53794
54448 213 50130 121 6793 255 53794
54448 213 50130 121 13251 336 53794
54448 213 50130 121 13251 255 53794
54448 213 50130 121 49761 336 53794
54448 213 50130 121 49761 255 53794
54448 336 53751 255 66545 336 53794
54448 336 53751 255 66545 255 53794
54448 336 53751 255 72315 255 53794
54448 336 53751 255 16864 336 53794
54448 336 53751 255 16864 255 53794
54448 336 53751 255 32487 336 53794
54448 336 53751 255 32487 255 53794
54448 336 53751 255 70836 336 53794
54448 336 53751 255 65110 336 53794
54448 336 53751 255 65110 255 53794
54448 336 53751 255 54784 336 53794
54448 336 53751 255 54784 255 53794
54448 336 53751 255 47209 336 53794
54448 336 53751 255 47209 255 53794
54448 336 53751 255 34279 255 53794
54448 213 50130 121 53534 255 67550 255 53794
54448 213 50130 121 53534 255 37696 336 53794
54448 213 50130 121 53534 255 37696 255 53794
54448 213 50130 121 44438 255 54569 336 53794
54448 213 50130 121 59906 336 30438 336 53794
54448 213 50130 121 59906 336 30438 255 53794
54448 255 6780 34 29427 126 1525 255 53794
54448 255 6780 34 29427 126 1525 336 53794
54448 213 50130 121 8930 34 32131 126 30859 255 53794
54448 213 50130 121 8930 34 32131 126 30859 336 53794
54448 213 50130 121 11356 100 19847 188 58026 255 53794
54448 213 50130 121 11356 100 19847 188 58026 336 53794
54448 213 50130 121 4137 213 60524 121 16073 336 53794
54448 213 50130 121 60073 372 38128 141 20749 336 53794
54448 213 50130 121 53534 255 43924 230 1477 193 21837 336 53794
