14239 51 9013
14239 294 57760 383 40588 94 9013
14239 294 57760 383 38511 94 9013
14239 294 57760 383 56978 94 9013
14239 294 57760 383 11401 94 9013
14239 294 57760 383 43919 94 9013
14239 294 57760 383 32651 94 9013
14239 294 57760 383 11429 94 9013
14239 294 57760 383 30816 51 9013
14239 294 57760 383 9053 94 9013
14239 294 57760 383 73556 32 9013
14239 294 57760 383 33460 94 9013
14239 294 57760 383 22982 41 9013
14239 294 57760 383 59226 94 9013
14239 294 57760 383 9063 94 9013
14239 294 57760 383 11720 94 9013
14239 294 57760 383 15076 94 9013
14239 294 57760 383 43126 94 9013
14239 294 57760 383 31732 94 9013
14239 294 57760 383 47881 94 9013
14239 294 57760 383 1925 94 9013
14239 294 57760 383 56498 41 9013
14239 294 57760 383 17252 51 9013
14239 294 57760 75 54159 41 9013
14239 294 57760 94 50681 383 9013
14239 294 57760 383 65919 32 59805 294 9013
14239 294 57760 383 73556 383 69092 294 9013
14239 294 57760 383 73556 332 29052 31 9013
14239 294 57760 383 43961 75 48632 32 9013
14239 294 57760 383 43961 75 47850 32 9013
14239 294 57760 383 43961 75 71027 51 9013
14239 294 57760 383 43961 75 71027 94 9013
14239 294 57760 383 43961 75 45201 41 9013
14239 294 57760 383 43961 369 56503 41 9013
14239 294 57760 383 31732 299 32131 294 9013
14239 294 57760 75 41897 32 28548 51 9013
14239 294 57760 75 41897 32 24013 94 9013
14239 294 57760 75 41897 32 48546 94 9013
14239 294 57760 75 41897 32 69164 94 9013
14239 294 57760 75 41897 32 73595 41 9013
14239 294 57760 75 41897 32 35527 94 9013
14239 294 57760 75 41897 32 44575 94 9013
14239 294 57760 75 41897 32 71668 94 9013
14239 294 57760 75 41897 32 26318 94 9013
14239 294 57760 75 41897 32 65981 94 9013
14239 294 57760 75 41897 32 43038 94 9013
14239 294 57760 75 41897 32 3929 94 9013
14239 294 57760 75 41897 32 27833 94 9013
14239 294 57760 75 41897 32 51864 94 9013
14239 294 57760 75 41897 32 75218 94 9013
14239 294 57760 75 41897 32 61365 94 9013
14239 294 57760 75 41897 32 66628 294 9013
14239 294 57760 75 41897 32 10268 94 9013
14239 294 57760 75 41897 32 16562 94 9013
14239 294 57760 75 41897 32 29987 51 9013
14239 294 57760 75 41897 32 29987 94 9013
14239 294 57760 75 41897 32 55702 294 9013
14239 294 57760 75 41897 32 59001 94 9013
14239 294 57760 94 50681 70 16795 51 9013
14239 294 57760 94 50681 70 16795 94 9013
14239 294 57760 94 50681 70 37511 51 9013
14239 294 57760 94 50681 70 4196 94 9013
14239 294 57760 94 50681 70 61042 51 9013
14239 294 57760 94 50681 70 61042 94 9013
14239 294 57760 94 50681 70 57148 51 9013
14239 294 57760 94 50681 70 57148 94 9013
14239 294 57760 94 50681 70 16483 94 9013
14239 294 57760 94 50681 70 22547 94 9013
14239 294 57760 94 50681 70 22547 294 9013
14239 294 57760 94 50681 146 62532 94 9013
14239 294 57760 94 50681 75 43922 32 9013
14239 294 57760 94 50681 75 19267 41 9013
14239 294 57760 94 50681 8 16686 25 9013
14239 294 57760 94 50681 87 43217 34 9013
14239 294 57760 383 40588 358 2588 28 34045 294 9013
14239 294 57760 383 40588 358 2588 28 61958 294 9013
14239 294 57760 383 40588 358 2588 28 54325 294 9013
14239 294 57760 383 40588 358 2588 28 16417 51 9013
14239 294 57760 383 40588 358 2588 28 16417 94 9013
14239 294 57760 383 40588 358 2588 28 56438 294 9013
14239 294 57760 383 40588 358 2588 28 1000 51 9013
14239 294 57760 383 40588 358 2588 28 75262 51 9013
14239 294 57760 383 65919 32 59805 383 36313 294 9013
14239 294 57760 383 27729 75 33054 277 15011 94 9013
14239 294 57760 383 27729 75 33054 277 71684 94 9013
14239 294 57760 383 27729 75 33054 277 57819 94 9013
14239 294 57760 383 27729 75 33054 252 75235 94 9013
14239 294 57760 383 27729 75 33054 32 50305 94 9013
14239 294 57760 383 27729 75 33054 32 1963 94 9013
14239 294 57760 383 27729 75 33054 32 9241 94 9013
14239 294 57760 383 73556 114 72858 100 4512 294 9013
14239 294 57760 383 73556 383 69092 294 19921 294 9013
14239 294 57760 383 73556 383 69092 294 7071 51 9013
14239 294 57760 383 73556 383 69092 294 64803 94 9013
14239 294 57760 383 73556 383 69092 294 16008 94 9013
14239 294 57760 383 73556 383 69092 294 56067 94 9013
14239 294 57760 383 73556 383 69092 294 26007 94 9013
14239 294 57760 383 73556 383 69092 294 19933 294 9013
14239 294 57760 383 73556 383 69092 294 14062 41 9013
14239 294 57760 383 73556 383 69092 294 68472 94 9013
14239 294 57760 383 73556 383 69092 294 63472 94 9013
14239 294 57760 383 73556 332 29052 31 51270 94 9013
14239 294 57760 383 73556 297 61222 231 33043 94 9013
14239 294 57760 383 43961 114 21109 32 70379 94 9013
14239 294 57760 383 9063 299 2516 75 40837 94 9013
14239 294 57760 383 9063 299 2516 70 73873 94 9013
14239 294 57760 383 31732 299 32131 84 66444 41 9013
14239 294 57760 75 41897 32 24058 196 28247 51 9013
14239 294 57760 75 41897 32 24058 196 28247 94 9013
14239 294 57760 94 50681 259 20467 68 38211 294 9013
14239 294 57760 383 27729 75 33054 369 27162 32 37919 94 9013
14239 294 57760 383 73556 114 72858 155 64701 75 3941 94 9013
14239 294 57760 383 73556 114 72858 155 19847 84 17109 41 9013
14239 294 57760 383 73556 114 72858 155 19847 50 33548 51 9013
14239 294 57760 383 73556 114 72858 100 35835 36 40823 51 9013
14239 294 57760 383 73556 114 72858 100 35835 36 40823 94 9013
14239 294 57760 383 73556 114 72858 100 28848 70 5894 94 9013
14239 294 57760 383 73556 114 72858 100 59402 70 8835 94 9013
14239 294 57760 383 73556 383 69092 114 19447 70 75226 94 9013
14239 294 57760 383 73556 383 69092 114 19447 70 66424 94 9013
14239 294 57760 383 73556 332 10045 31 4992 70 36216 94 9013
14239 294 57760 383 73556 332 65855 31 25372 70 55643 94 9013
14239 294 57760 383 73556 332 65855 31 53891 70 35535 94 9013
14239 294 57760 383 73556 332 29052 31 14859 277 11919 294 9013
14239 294 57760 383 43961 332 23453 31 38440 70 3808 94 9013
14239 294 57760 75 41897 32 28548 377 10911 238 44555 41 9013
14239 294 57760 75 41897 32 43478 94 17404 70 45880 94 9013
14239 294 57760 383 73556 114 72858 100 60512 8 62528 25 56970 294 9013
