30064 219 6127
30064 219 8018 108 46767 219 6127
30064 219 8018 108 50374 219 6127
30064 219 8018 108 10906 219 6127
30064 219 8018 108 48818 219 6127
30064 219 8018 108 61857 219 6127
30064 219 8018 108 2994 219 6127
30064 219 8018 108 11473 219 6127
30064 219 8018 108 43607 219 6127
30064 219 8018 108 49772 219 6127
30064 219 8018 108 5799 219 6127
30064 219 8018 108 568 219 6127
30064 219 8018 108 13930 219 6127
30064 219 8018 108 17635 219 6127
30064 219 8018 108 27973 76 6127
30064 219 8018 108 987 219 6127
30064 219 8018 108 46563 219 6127
30064 219 8018 108 74953 219 6127
30064 219 8018 108 57904 219 6127
30064 219 8018 108 24116 219 6127
30064 219 8018 108 12441 219 6127
30064 219 8018 108 24559 219 6127
30064 219 8018 108 36225 219 6127
30064 219 8018 108 40521 219 6127
30064 219 8018 108 18932 219 6127
30064 219 8018 108 30256 219 6127
30064 219 8018 108 42111 219 6127
30064 219 8018 108 9674 219 6127
30064 219 8018 108 33308 219 6127
30064 219 8018 108 51248 219 6127
30064 219 8018 108 7755 219 6127
30064 219 8018 108 45445 219 6127
30064 219 8018 108 23502 219 6127
30064 219 8018 108 12707 219 6127
30064 219 8018 108 15438 219 6127
30064 219 8018 108 67627 219 6127
30064 219 8018 235 30317 76 6127
30064 219 8018 235 41565 76 6127
30064 219 8018 235 3198 76 6127
30064 219 8018 235 19894 76 6127
30064 219 8018 108 66254 219 18771 108 30160 219 6127
30064 219 8018 108 66254 219 18771 108 65516 219 6127
30064 219 8018 108 66254 219 18771 108 22848 219 6127
30064 219 8018 108 66254 219 18771 235 36046 219 6127
30064 219 8018 108 66254 219 18771 235 37168 76 6127
30064 219 8018 108 66254 219 70264 108 53275 219 6127
30064 219 8018 108 50374 219 44909 108 59213 219 6127
30064 219 8018 108 50374 219 44909 108 57776 219 6127
30064 219 8018 108 50374 219 44909 108 8198 219 6127
30064 219 8018 108 50374 219 39886 108 2751 219 6127
30064 219 8018 108 50374 219 9888 108 16401 219 6127
30064 219 8018 108 50374 219 35822 108 25712 219 6127
30064 219 8018 108 50374 219 62442 108 30482 219 6127
30064 219 8018 108 50374 219 62442 108 50588 219 6127
30064 219 8018 108 50374 219 62442 108 37261 219 6127
30064 219 8018 108 50374 219 62442 108 1194 219 6127
30064 219 8018 108 50374 219 62442 108 16233 219 6127
30064 219 8018 108 50374 219 62442 108 25124 219 6127
30064 219 8018 108 50374 219 62442 108 5203 219 6127
30064 219 8018 108 50374 219 23201 108 43231 219 6127
30064 219 8018 108 50374 219 23201 108 57957 219 6127
30064 219 8018 108 50374 219 69913 108 21833 219 6127
30064 219 8018 108 50374 219 69913 108 18339 219 6127
30064 219 8018 108 50374 219 69913 108 49962 219 6127
30064 219 8018 108 50374 219 69913 108 50257 219 6127
30064 219 8018 108 50374 219 69913 108 3953 219 6127
30064 219 8018 108 50374 219 69913 235 52485 76 6127
30064 219 8018 108 50374 219 63339 108 71465 219 6127
30064 219 8018 108 50374 219 1392 108 71667 219 6127
30064 219 8018 108 50374 219 1392 108 32065 219 6127
30064 219 8018 108 50374 219 1392 108 57595 219 6127
30064 219 8018 108 50374 219 1392 108 42250 219 6127
30064 219 8018 108 50374 219 1392 235 7704 76 6127
30064 219 8018 108 50374 219 1178 108 6351 219 6127
30064 219 8018 108 50374 219 5008 108 28312 219 6127
30064 219 8018 108 50374 219 55928 108 30538 219 6127
30064 219 8018 108 50374 219 20082 108 4493 219 6127
30064 219 8018 108 50374 219 20082 108 46965 219 6127
30064 219 8018 108 50374 219 20082 108 46656 219 6127
30064 219 8018 108 50374 219 20082 108 73762 219 6127
30064 219 8018 108 50374 219 20082 108 58767 219 6127
30064 219 8018 108 50374 219 20082 108 45057 219 6127
30064 219 8018 108 50374 219 27561 108 57479 219 6127
30064 219 8018 108 50374 219 27561 108 41153 219 6127
30064 219 8018 108 50374 219 27561 108 32463 219 6127
30064 219 8018 108 50374 219 25807 108 22115 219 6127
30064 219 8018 108 10906 171 31096 388 12551 219 6127
30064 219 8018 108 61857 219 68552 358 9577 28 35509 219 6127
30064 219 8018 108 66254 219 18771 383 69092 114 4394 143 69742 219 6127
30064 219 8018 108 66254 219 18771 383 69092 294 61962 288 575 219 6127
30064 219 8018 108 50374 32 27613 369 33054 151 62434 211 21843 143 73865 219 6127
