30064 219 8018
30064 219 6127 108 46767 219 8018
30064 219 6127 108 50374 219 8018
30064 219 6127 108 10906 219 8018
30064 219 6127 108 48818 219 8018
30064 219 6127 108 61857 219 8018
30064 219 6127 108 2994 219 8018
30064 219 6127 108 11473 219 8018
30064 219 6127 108 43607 219 8018
30064 219 6127 108 49772 219 8018
30064 219 6127 108 5799 219 8018
30064 219 6127 108 568 219 8018
30064 219 6127 108 13930 219 8018
30064 219 6127 108 17635 219 8018
30064 219 6127 108 987 219 8018
30064 219 6127 108 46563 219 8018
30064 219 6127 108 74953 219 8018
30064 219 6127 108 57904 219 8018
30064 219 6127 108 24116 219 8018
30064 219 6127 108 12441 219 8018
30064 219 6127 108 24559 219 8018
30064 219 6127 108 36225 219 8018
30064 219 6127 108 40521 219 8018
30064 219 6127 108 18932 219 8018
30064 219 6127 108 30256 219 8018
30064 219 6127 108 42111 219 8018
30064 219 6127 108 9674 219 8018
30064 219 6127 108 33308 219 8018
30064 219 6127 108 51248 219 8018
30064 219 6127 108 7755 219 8018
30064 219 6127 108 45445 219 8018
30064 219 6127 108 23502 219 8018
30064 219 6127 108 12707 219 8018
30064 219 6127 108 15438 219 8018
30064 219 6127 108 67627 219 8018
30064 219 6127 235 30317 76 8018
30064 219 6127 235 41565 76 8018
30064 219 6127 235 3198 76 8018
30064 219 6127 235 19894 76 8018
30064 219 6127 235 27973 219 8018
30064 219 6127 108 30160 219 18771 108 66254 219 8018
30064 219 6127 108 30160 219 18771 108 5737 219 8018
30064 219 6127 108 12551 150 10280 42 15254 15 1059 217 42134 155 8018
