42987 219 49989
42987 219 49110 108 32850 219 49989
42987 219 49110 108 61857 219 49989
42987 219 49110 108 49011 219 49989
42987 219 49110 108 37394 219 49989
42987 219 49110 108 59560 76 49989
42987 219 49110 235 30958 76 49989
42987 219 49110 235 73271 76 49989
42987 219 49110 235 56080 76 49989
42987 219 49110 235 5281 76 49989
42987 219 49110 235 24309 76 49989
42987 219 49110 235 22248 76 49989
42987 219 49110 235 44657 76 49989
42987 219 49110 235 62324 76 49989
42987 219 49110 235 43222 76 49989
42987 219 49110 235 55848 76 49989
42987 219 49110 235 31531 76 49989
42987 219 49110 235 70783 76 49989
42987 219 49110 235 16443 76 49989
42987 219 49110 235 57371 76 49989
42987 219 49110 235 19795 76 49989
42987 219 49110 235 36797 76 49989
42987 219 11523 108 26657 219 49989
42987 219 11523 235 55541 76 49989
42987 219 11523 235 42042 76 49989
