42987 219 20268
42987 219 49110 108 32850 219 20268
42987 219 49110 108 61857 219 20268
42987 219 49110 108 49011 219 20268
42987 219 49110 108 37394 219 20268
42987 219 49110 108 59560 76 20268
42987 219 49110 108 59560 219 20268
42987 219 49110 108 50507 219 20268
42987 219 49110 235 73271 76 20268
42987 219 49110 235 56080 76 20268
42987 219 49110 235 5281 76 20268
42987 219 49110 235 24309 76 20268
42987 219 49110 235 22248 76 20268
42987 219 49110 235 44657 76 20268
42987 219 49110 235 19557 76 20268
42987 219 49110 235 43222 76 20268
42987 219 49110 235 23274 76 20268
42987 219 49110 235 31648 76 20268
42987 219 49110 235 70783 76 20268
42987 219 49110 235 57371 76 20268
42987 219 49110 235 19795 76 20268
42987 219 49110 235 4483 76 20268
