42987 219 49110
42987 219 5390 108 37394 219 49110
42987 219 5390 108 31648 76 49110
42987 219 5390 108 59560 76 49110
42987 219 5390 108 59560 219 49110
42987 219 5390 235 5281 76 49110
42987 219 5390 235 24309 76 49110
42987 219 5390 235 44657 76 49110
42987 219 5390 235 43222 76 49110
42987 219 5390 235 19795 76 49110
42987 219 11523 108 61857 219 49110
42987 219 11523 108 49011 219 49110
42987 219 11523 108 26761 219 49110
42987 219 11523 108 73271 76 49110
42987 219 11523 108 46823 76 49110
42987 219 11523 108 46823 219 49110
42987 219 11523 235 56080 76 49110
42987 219 11523 235 57662 76 49110
42987 219 11523 235 39007 76 49110
42987 219 11523 235 23959 76 49110
42987 219 11523 235 22248 76 49110
42987 219 11523 235 62324 76 49110
42987 219 11523 235 19557 76 49110
42987 219 11523 235 44128 76 49110
42987 219 11523 235 69718 76 49110
42987 219 11523 235 23274 76 49110
42987 219 11523 235 67953 76 49110
42987 219 11523 235 67953 219 49110
42987 219 11523 235 70783 76 49110
42987 219 11523 235 45726 76 49110
42987 219 11523 235 57371 76 49110
42987 219 11523 235 36797 76 49110
42987 219 11523 235 4483 76 49110
42987 219 49989 108 32850 219 49110
42987 219 49989 235 30958 76 49110
42987 219 49989 235 55848 76 49110
42987 219 49989 235 31531 76 49110
42987 219 49989 235 16443 76 49110
42987 219 20268 108 50507 219 49110
42987 219 5390 108 37394 219 62492 108 23407 76 49110
42987 219 5390 108 37394 219 62492 235 1391 76 49110
42987 219 5390 108 37394 219 46356 358 9577 28 49110
42987 219 5390 108 37394 219 20082 235 66079 76 49110
42987 219 5390 108 37394 219 20082 235 5177 76 49110
42987 219 5390 108 37394 219 20082 235 17797 76 49110
42987 219 5390 108 37394 219 70233 108 29653 219 49110
42987 219 5390 108 37394 219 70233 235 65012 76 49110
