42987 219 11523
42987 219 49110 108 61857 219 11523
42987 219 49110 108 49011 219 11523
42987 219 49110 108 26761 219 11523
42987 219 49110 108 37394 219 11523
42987 219 49110 108 67953 76 11523
42987 219 49110 108 46823 76 11523
42987 219 49110 108 46823 219 11523
42987 219 49110 108 59560 76 11523
42987 219 49110 108 59560 219 11523
42987 219 49110 235 73271 76 11523
42987 219 49110 235 73271 219 11523
42987 219 49110 235 56080 76 11523
42987 219 49110 235 5281 76 11523
42987 219 49110 235 5281 219 11523
42987 219 49110 235 57662 76 11523
42987 219 49110 235 39007 76 11523
42987 219 49110 235 24309 76 11523
42987 219 49110 235 23959 76 11523
42987 219 49110 235 22248 76 11523
42987 219 49110 235 44657 76 11523
42987 219 49110 235 44657 219 11523
42987 219 49110 235 62324 76 11523
42987 219 49110 235 19557 76 11523
42987 219 49110 235 44128 76 11523
42987 219 49110 235 43222 76 11523
42987 219 49110 235 43222 219 11523
42987 219 49110 235 69718 76 11523
42987 219 49110 235 23274 76 11523
42987 219 49110 235 31648 76 11523
42987 219 49110 235 31648 219 11523
42987 219 49110 235 70783 76 11523
42987 219 49110 235 45726 76 11523
42987 219 49110 235 57371 76 11523
42987 219 49110 235 19795 76 11523
42987 219 49110 235 19795 219 11523
42987 219 49110 235 36797 76 11523
42987 219 49110 235 4483 76 11523
42987 219 49989 108 26657 219 11523
42987 219 49989 235 55541 76 11523
42987 219 49989 235 42042 76 11523
42987 219 49110 108 61857 219 64481 108 17635 219 11523
42987 219 49110 108 61857 219 27363 235 55808 76 11523
42987 219 49110 108 61857 219 10833 108 39633 219 11523
42987 219 49110 108 61857 219 41576 235 29662 76 11523
42987 219 49110 108 61857 219 31060 235 32673 76 11523
42987 219 49110 108 61857 219 31060 235 52247 76 11523
42987 219 49110 108 61857 219 31060 235 27202 76 11523
42987 219 49110 108 61857 219 66417 358 54310 28 11523
42987 219 49110 108 61857 219 26219 235 64123 76 11523
42987 219 49110 235 56080 76 16427 235 62301 76 11523
42987 219 49110 108 61857 219 3248 252 33054 277 22833 28 11523
