63927 219 64012
63927 219 61017 108 13605 219 64012
63927 219 61017 108 61857 219 64012
63927 219 61017 108 48268 219 64012
63927 219 61017 108 58084 219 64012
63927 219 61017 108 26657 219 64012
63927 219 61017 108 37394 219 64012
63927 219 61017 108 32943 219 64012
63927 219 61017 235 56080 76 64012
63927 219 63539 108 57479 219 64012
63927 219 63539 108 33978 219 64012
63927 219 61017 108 61857 219 64481 108 17635 219 64012
63927 219 61017 108 61857 219 6127 108 2994 219 64012
63927 219 61017 108 26657 219 66518 108 2744 219 64012
63927 219 61017 108 26657 219 66518 108 17466 219 64012
63927 219 61017 235 56080 76 16427 235 15816 76 64012
