15647 277 38768
15647 252 33054 277 38768
15647 277 33922 369 3643 277 38768
15647 277 27162 332 65855 31 38768
15647 277 27162 332 65853 31 38768
15647 277 27162 332 65857 31 38768
15647 277 27162 332 29052 31 38768
15647 277 27162 332 29064 31 38768
15647 277 27162 332 23453 31 38768
15647 277 27162 332 29061 31 38768
15647 277 27162 332 68334 31 38768
15647 252 33054 277 66508 61 55888 62 38768
15647 252 33054 277 9108 149 19204 366 38768
15647 252 33054 277 59966 149 48451 149 38768
15647 252 33054 277 59966 149 48451 366 38768
