28369 277 33922
28369 300 62434 211 33922
28369 241 67332 369 33054 277 33922
28369 172 26159 105 27339 172 33922
28369 241 13996 12 16633 300 59812 211 33922
28369 241 67332 369 33054 277 35869 277 33922
28369 241 67332 369 33054 277 74208 211 33922
28369 241 67332 369 33054 252 15647 277 33922
28369 241 67332 369 33054 252 47207 277 33922
28369 172 26159 196 58806 143 37487 113 33922
28369 172 26159 196 58806 300 62033 211 33922
28369 172 26159 196 58806 369 3643 277 33922
28369 172 26159 383 69092 294 33856 75 64085 277 33922
28369 172 26159 383 69092 294 33856 75 4786 277 33922
