33054 277 73627
33054 252 24865 303 73627
33054 252 40309 31 73627
33054 252 68338 31 73627
33054 252 65856 31 73627
33054 252 65857 31 73627
33054 332 29052 31 73627
33054 277 34575 332 65855 31 73627
33054 277 34575 332 65853 31 73627
33054 277 34575 332 23453 31 73627
33054 277 34575 332 29065 31 73627
33054 277 86 332 29064 31 73627
33054 277 46683 332 68334 31 73627
33054 277 68356 332 10045 31 73627
33054 277 24403 332 29061 31 73627
33054 277 44571 332 32380 31 73627
33054 277 14264 332 1707 31 73627
33054 277 14264 332 1705 31 73627
33054 277 71935 332 68336 31 73627
33054 277 71935 332 68337 31 73627
33054 277 18845 303 44195 303 73627
33054 277 15620 332 40318 31 73627
33054 277 1444 332 12804 31 73627
33054 277 25928 342 8039 303 73627
