33054 277 14264
33054 151 14264
33054 252 40313 31 14264
33054 252 68339 31 14264
33054 252 65856 31 14264
33054 252 65857 31 14264
33054 332 29052 31 14264
33054 151 62434 211 14264
33054 277 34575 332 65853 31 14264
33054 277 34575 332 23453 31 14264
33054 277 34575 332 29065 31 14264
33054 277 86 332 29064 31 14264
33054 277 46683 332 68334 31 14264
33054 277 68356 332 10045 31 14264
33054 277 24403 332 29061 31 14264
33054 277 73627 332 1705 31 14264
33054 277 73627 332 1707 31 14264
33054 277 73627 332 32380 31 14264
33054 277 36156 332 40316 31 14264
33054 252 40313 31 2748 6 14264
