33054 277 71935
33054 252 40309 31 71935
33054 252 68338 31 71935
33054 252 68339 31 71935
33054 252 65856 31 71935
33054 252 65857 31 71935
33054 277 34575 332 65855 31 71935
33054 277 34575 332 65853 31 71935
33054 277 34575 332 23453 31 71935
33054 277 34575 332 29065 31 71935
33054 277 86 332 29064 31 71935
33054 277 46683 332 68334 31 71935
33054 277 68356 332 10045 31 71935
33054 277 24403 332 29061 31 71935
33054 277 73627 332 1705 31 71935
33054 277 73627 332 1707 31 71935
33054 277 73627 332 32380 31 71935
33054 277 73627 332 68336 31 71935
33054 277 73627 332 68337 31 71935
33054 277 6905 332 40308 31 71935
33054 277 1444 332 12805 31 71935
