4786 277 33922
4786 32 33856 75 64085 277 33922
4786 32 33856 383 69092 75 9441 369 33054 277 33922
4786 32 33856 383 69092 75 3027 32 3643 277 33922
4786 32 33856 383 69092 75 27162 369 15647 277 33922
4786 32 33856 383 69092 75 53751 300 59812 211 33922
4786 32 33856 383 69092 75 53751 300 62434 211 33922
4786 32 33856 383 69092 114 21356 143 37487 113 33922
4786 32 33856 383 69092 294 26869 105 27339 172 33922
4786 32 33856 383 69092 294 26159 172 28369 277 33922
4786 32 33856 383 69092 294 58806 300 62033 211 33922
4786 32 33856 383 69092 294 32357 300 74208 211 33922
4786 32 33856 383 69092 75 9441 369 33054 277 35869 277 33922
4786 32 33856 383 69092 75 9441 369 33054 252 47207 277 33922
