73592 277 64880
73592 358 59413 282 64880
73592 277 15215 332 65857 31 64880
73592 277 15215 332 65856 31 64880
73592 277 15215 332 65861 31 64880
73592 277 15215 332 68334 31 64880
73592 277 44399 332 65855 31 64880
73592 277 44399 332 65853 31 64880
73592 277 44399 332 29052 31 64880
73592 277 44399 256 54168 141 64880
73592 277 73460 28 26537 358 64880
73592 277 73460 332 68338 31 64880
73592 277 73460 213 58833 121 64880
73592 277 73460 397 47724 282 64880
73592 277 73460 396 54516 35 64880
73592 277 73460 303 7846 342 64880
73592 277 73460 303 7846 303 64880
73592 277 37791 332 10045 31 64880
73592 277 51172 332 1705 31 64880
73592 277 51172 332 68336 31 64880
73592 277 51172 332 68337 31 64880
73592 277 65235 332 6058 31 64880
73592 277 58804 332 60305 31 64880
73592 277 58804 332 60031 31 64880
73592 277 58804 332 35877 31 64880
73592 277 4445 332 40308 31 64880
73592 277 73556 332 3980 31 64880
73592 277 66047 332 51816 31 64880
73592 358 25928 332 40316 31 64880
73592 358 32357 332 51352 31 64880
73592 358 50528 373 26494 356 64880
73592 252 19162 105 63771 105 11414 336 64880
73592 277 44399 332 29065 31 4751 334 56059 130 64880
73592 277 73831 252 43833 377 10911 238 70957 252 47970 369 64880
