10199 358 37408
10199 171 30186 358 37408
10199 171 57095 358 37408
10199 388 36821 171 34867 358 37408
10199 388 36821 171 46410 358 37408
10199 388 36821 171 60773 358 37408
10199 388 36821 171 28303 358 37408
10199 388 36821 171 7357 358 37408
10199 388 36821 228 49208 358 37408
10199 388 36821 228 50153 358 37408
10199 171 2597 171 45566 358 37408
10199 171 2597 171 22300 358 37408
10199 171 2597 171 1921 358 37408
10199 171 2597 171 1196 358 37408
10199 171 2597 171 53578 358 37408
10199 171 2597 388 39856 358 37408
10199 171 2597 388 52334 358 37408
10199 171 2597 388 44506 358 37408
10199 171 2597 388 28333 358 37408
10199 171 19182 171 69068 358 37408
10199 171 18360 388 62204 358 37408
10199 171 18360 388 47205 358 37408
10199 171 18360 388 21261 358 37408
10199 171 18360 388 18878 358 37408
10199 171 18360 388 74413 358 37408
10199 171 18360 388 60572 358 37408
10199 171 18360 388 48921 358 37408
10199 171 18360 388 59352 358 37408
10199 171 18360 388 46392 358 37408
10199 171 18360 388 57927 358 37408
10199 171 18360 388 15464 358 37408
10199 171 18360 388 60357 358 37408
10199 388 36821 171 54233 28 18032 358 37408
10199 388 36821 228 12270 171 33545 358 37408
10199 171 19182 171 2598 388 5130 358 37408
10199 171 30186 358 9577 28 45796 358 37408
10199 171 30186 358 9577 28 71943 358 37408
10199 171 30186 358 9577 28 15292 358 37408
10199 171 30186 358 9577 28 65174 358 37408
10199 171 30186 358 9577 28 66110 358 37408
10199 171 30186 358 9577 28 26831 358 37408
10199 171 30186 358 9577 28 15162 358 37408
10199 171 30186 358 9577 28 2339 358 37408
10199 171 38563 150 44267 345 70531 358 37408
10199 388 36821 171 54233 28 18032 358 4449 358 37408
10199 388 36821 228 50153 332 29065 31 6534 358 37408
10199 171 2597 388 60674 332 29064 31 2546 358 37408
10199 171 2597 388 60674 332 29064 31 1257 358 37408
10199 171 30186 358 9577 28 15292 28 41350 358 37408
10199 171 30186 358 9577 28 15292 28 33125 358 37408
10199 388 36821 171 54233 28 30031 358 51607 28 48205 358 37408
10199 388 36821 171 54233 28 30031 358 51607 28 72605 358 37408
10199 171 2597 171 45566 358 54310 369 33054 277 21998 358 37408
10199 171 2597 171 45566 358 54310 369 33054 277 63936 358 37408
10199 171 2597 171 45566 358 54310 369 33054 252 27595 358 37408
10199 171 30186 358 9577 28 42618 284 21046 279 25598 358 37408
10199 388 36821 228 50153 332 29065 31 24403 29 42543 306 49908 358 37408
10199 388 36821 228 50153 332 29065 31 24403 29 42543 306 38998 358 37408
10199 388 36821 228 50153 332 29065 31 24403 29 42543 306 73916 358 37408
