21798 358 23798
21798 75 27067 32 40450 32 23798
21798 75 27067 32 28575 358 23798
21798 75 27067 32 12421 369 23798
21798 75 27067 32 32752 32 23798
21798 75 27067 32 4174 32 23798
21798 75 27067 32 61756 114 21109 155 23798
21798 75 27067 32 23029 383 69092 294 23798
21798 75 27067 32 74700 114 33504 155 23798
21798 75 27067 32 3291 75 33054 277 23798
21798 75 27067 32 21458 252 6067 32 23798
21798 75 27067 32 21458 252 6067 151 23798
21798 75 27067 32 21458 252 6067 358 23798
21798 75 27067 32 38944 91 35279 32 23798
21798 75 27067 32 38944 91 35279 369 23798
21798 75 27067 32 38944 91 35279 358 23798
21798 75 27067 32 61756 290 72858 100 29887 252 23798
21798 75 27067 32 61756 290 72858 100 29887 151 23798
21798 75 27067 32 61756 290 72858 100 29887 358 23798
21798 75 27067 32 61756 290 72858 100 30914 294 23798
21798 75 27067 32 61756 290 72858 100 30914 369 23798
21798 75 27067 32 61756 32 23640 75 48288 252 23798
21798 75 27067 32 61756 32 23640 75 48288 32 23798
21798 75 27067 32 61756 32 23640 75 48288 369 23798
21798 75 27067 32 29939 294 59204 75 59390 32 23798
21798 75 27067 32 29939 294 59204 75 59390 369 23798
21798 75 27067 32 23029 369 53811 277 20394 252 23798
21798 75 27067 32 23029 369 53811 277 20394 32 23798
21798 75 27067 32 23029 369 53811 277 20394 369 23798
21798 75 27067 32 1674 72 6003 75 59705 369 23798
21798 75 27067 32 1674 72 6003 75 59705 358 23798
21798 75 27067 32 1674 72 6003 75 31243 252 23798
21798 75 27067 32 1674 72 6003 75 31243 369 23798
21798 75 27067 32 64361 369 73831 252 28322 32 23798
21798 75 27067 32 64361 369 73831 277 5303 358 23798
21798 75 27067 32 65198 369 50963 252 67226 32 23798
21798 75 27067 32 65198 369 50963 252 67226 369 23798
21798 75 27067 32 68380 259 20467 68 5189 369 23798
21798 75 27067 32 1444 383 61102 75 322 252 23798
21798 75 27067 32 1444 383 61102 75 322 32 23798
21798 75 27067 32 1444 383 61102 75 322 369 23798
21798 75 27067 32 1444 75 33630 277 22156 151 23798
21798 75 27067 32 1444 75 33630 277 22156 358 23798
21798 75 27067 32 23029 332 29052 31 9025 277 11067 358 23798
21798 75 27067 32 23029 332 29064 31 15053 96 24916 369 23798
21798 75 27067 32 3291 75 33054 277 34485 277 13888 32 23798
21798 75 27067 32 3291 72 51420 272 60277 298 61230 32 23798
21798 75 27067 32 3291 72 51420 272 60277 298 61230 358 23798
21798 75 27067 32 15756 142 65618 270 46583 104 6774 32 23798
21798 75 27067 32 15756 142 65618 270 46583 104 6774 369 23798
