22803 358 36619
22803 34 22041 290 72858 155 43304 126 57548 358 36619
22803 34 22041 290 72858 100 2851 125 26030 358 36619
22803 34 22041 290 72858 100 15570 125 52047 358 36619
22803 34 22041 290 72858 100 62772 126 6115 358 36619
22803 34 22041 290 72858 100 42751 126 5013 358 36619
22803 34 22041 290 72858 100 28848 126 69025 358 36619
22803 34 22041 290 72858 100 17121 290 49746 358 36619
22803 34 22041 290 72858 100 66920 125 57781 358 36619
22803 34 22041 290 72858 100 72968 125 24142 358 36619
22803 34 22041 290 72858 100 29955 125 63036 358 36619
22803 34 22041 290 72858 100 11944 125 44592 358 36619
22803 34 22041 290 72858 100 16703 125 74364 358 36619
22803 34 22041 290 72858 100 38295 126 48365 358 36619
22803 34 22041 290 72858 100 43916 125 14430 358 36619
22803 34 22041 290 72858 100 2342 290 27407 358 36619
22803 34 22041 290 44438 336 11701 385 60808 358 36619
22803 34 22041 290 44438 336 11701 385 65877 358 36619
22803 34 22041 290 44438 336 11701 372 12878 382 36619
22803 34 22041 290 44438 336 11701 373 2723 358 36619
22803 34 22041 290 44438 336 11701 373 35725 358 36619
22803 34 22041 290 44438 336 11701 373 5839 358 36619
22803 34 22041 290 44438 336 11701 373 17358 358 36619
22803 34 22041 290 44438 336 11701 373 2088 358 36619
22803 34 22041 290 44438 336 11701 373 24219 358 36619
22803 34 22041 290 44438 336 11701 373 41989 358 36619
22803 34 22041 290 44438 336 11701 373 26027 358 36619
22803 34 22041 290 44438 336 11701 373 35762 358 36619
22803 34 22041 290 44438 336 11701 373 22240 358 36619
22803 34 22041 290 44438 336 11701 373 42585 358 36619
22803 34 22041 290 44438 336 11701 373 14620 358 36619
22803 34 22041 290 44438 336 11701 373 6616 358 36619
22803 34 22041 290 44438 336 11701 373 63247 358 36619
22803 34 22041 290 44438 336 11701 373 67744 358 36619
22803 34 22041 290 44438 336 11701 373 22828 358 36619
22803 34 22041 290 44438 336 11701 373 38391 358 36619
22803 34 22041 290 44438 336 11701 373 29696 358 36619
22803 34 22041 290 44438 336 11701 373 6318 358 36619
22803 34 22041 290 44438 336 11701 373 12762 358 36619
22803 34 22041 290 44438 336 11701 373 33226 358 36619
22803 34 22041 290 44438 336 11701 373 31564 358 36619
22803 34 22041 290 44438 336 11701 373 39447 358 36619
22803 34 22041 290 44438 336 11701 373 59667 358 36619
22803 34 22041 290 44438 336 11701 373 30668 358 36619
22803 34 22041 290 44438 336 11701 373 43281 358 36619
22803 34 22041 290 44438 336 11701 373 12433 358 36619
22803 34 22041 290 44438 336 11701 373 49190 358 36619
22803 34 22041 290 44438 336 11701 192 12892 358 36619
22803 34 22041 290 44438 336 11701 192 65021 358 36619
22803 34 22041 290 44438 336 11701 192 41 358 36619
22803 34 22041 290 44438 336 11701 192 28102 358 36619
22803 34 22041 290 44438 336 11701 192 16399 358 36619
22803 34 22041 290 44438 336 11701 192 15279 358 36619
22803 34 22041 290 44438 336 11701 192 33283 358 36619
22803 34 22041 290 44438 336 11701 192 62183 358 36619
22803 34 22041 290 44438 336 11701 192 23124 358 36619
22803 34 22041 290 44438 336 11701 192 23115 358 36619
22803 34 22041 290 44438 336 11701 192 26018 358 36619
22803 34 22041 290 44438 336 11701 192 2933 358 36619
22803 34 22041 290 44438 336 11701 192 71934 358 36619
22803 34 22041 290 44438 336 11701 192 36555 358 36619
22803 34 22041 290 44438 336 11701 192 36556 358 36619
22803 34 22041 290 44438 336 11701 192 70961 358 36619
22803 34 22041 290 44438 336 11701 192 34573 358 36619
22803 34 22041 290 44438 336 11701 192 9927 358 36619
22803 34 22041 290 44438 336 11701 192 62930 358 36619
22803 34 22041 290 44438 336 11701 192 38775 358 36619
22803 34 22041 290 44438 336 11701 192 12235 358 36619
22803 34 22041 290 44438 336 11701 192 75063 358 36619
22803 34 22041 290 44438 336 11701 192 35820 358 36619
22803 34 22041 290 44438 336 11701 192 13626 358 36619
22803 34 22041 290 44438 336 11701 192 37879 358 36619
22803 34 22041 290 44438 336 11701 192 15569 358 36619
22803 34 22041 290 44438 336 11701 192 63055 358 36619
22803 34 22041 290 44438 336 11701 192 32482 358 36619
22803 34 22041 290 44438 336 11701 192 39593 358 36619
22803 34 22041 290 44438 336 11701 192 39146 358 36619
22803 34 22041 290 44438 336 11701 192 67234 358 36619
22803 34 22041 290 44438 336 11701 192 33153 358 36619
22803 34 22041 290 44438 336 11701 192 16341 358 36619
22803 34 22041 290 44438 336 11701 192 63254 358 36619
22803 34 22041 290 44438 336 11701 192 64082 358 36619
22803 34 22041 290 44438 336 11701 192 68793 358 36619
22803 34 22041 290 44438 336 11701 192 63306 358 36619
22803 34 22041 290 44438 336 11701 192 44894 358 36619
22803 34 22041 290 44438 336 11701 192 67235 358 36619
22803 34 22041 290 44438 336 11701 192 6413 358 36619
22803 34 22041 290 44438 336 11701 192 41360 358 36619
22803 34 22041 290 44438 336 11701 192 69141 358 36619
22803 34 22041 290 44438 336 11701 192 58564 358 36619
22803 34 22041 290 44438 336 11701 192 55549 358 36619
22803 34 22041 290 44438 336 11701 192 43827 358 36619
22803 34 22041 290 44438 336 11701 192 34422 358 36619
22803 34 22041 290 44438 336 11701 192 31533 358 36619
22803 34 22041 290 44438 336 11701 192 75164 358 36619
22803 34 22041 290 44438 336 11701 192 47455 358 36619
22803 34 22041 290 44438 336 11701 192 71864 358 36619
22803 34 22041 290 44438 336 11701 192 1060 358 36619
22803 34 22041 290 44438 336 11701 192 74450 358 36619
22803 34 22041 290 44438 336 11701 192 41541 358 36619
22803 34 22041 290 44438 336 11701 192 51207 358 36619
22803 34 22041 290 44438 336 11701 192 53423 358 36619
22803 34 22041 290 44438 336 11701 192 51776 358 36619
22803 34 22041 290 44438 336 11701 398 67855 358 36619
22803 34 22041 290 44438 336 11701 398 53765 382 36619
22803 34 22041 290 44438 336 11701 382 54974 358 36619
22803 34 22041 290 44438 336 11701 356 48762 382 36619
22803 34 22041 259 53540 68 45485 290 41175 358 36619
22803 34 22041 290 44438 227 32131 26 29980 358 67664 28 36619
22803 34 22041 354 72636 339 48050 277 21674 126 67805 358 36619
22803 34 22041 354 72636 339 19933 383 64671 290 36013 358 36619
22803 34 22041 259 69865 300 59812 211 20610 382 62397 358 36619
