34045 358 2588
34045 294 9013 383 61958 358 2588
34045 294 9013 383 54325 358 2588
34045 294 9013 383 56438 358 2588
34045 294 9013 84 16417 358 2588
34045 294 9013 84 29987 358 2588
34045 294 9013 84 1000 358 2588
34045 294 9013 84 75262 358 2588
34045 294 9013 84 17252 358 2588
34045 294 9013 298 40588 358 2588
34045 294 9013 298 38511 358 2588
34045 294 9013 298 11401 358 2588
34045 294 9013 298 33460 358 2588
34045 294 9013 298 59226 358 2588
34045 294 9013 298 9063 358 2588
34045 294 9013 298 11720 358 2588
34045 294 9013 298 31732 358 2588
34045 294 9013 75 73556 358 2588
34045 294 9013 36 22982 358 2588
34045 294 9013 383 69092 75 74819 358 2588
34045 294 9013 383 69092 75 53751 358 2588
34045 294 9013 383 69092 294 43961 358 2588
34045 294 9013 383 59805 75 5172 358 2588
34045 294 9013 383 59805 75 56518 358 2588
34045 294 9013 383 59805 75 6315 358 2588
34045 294 9013 298 75235 151 33054 277 2588
34045 294 9013 75 73556 369 73592 358 2588
34045 294 9013 383 69092 294 43961 28 17926 358 2588
34045 294 9013 383 69092 277 29065 31 31286 358 2588
34045 294 9013 383 19933 332 65856 31 49406 358 2588
34045 294 9013 383 59805 75 6315 151 40956 358 2588
34045 294 9013 383 36313 294 251 369 72700 277 2588
34045 294 9013 383 36313 294 251 369 72700 358 2588
34045 294 9013 84 14239 294 57760 383 75324 358 2588
34045 294 9013 84 14239 294 57760 383 39494 358 2588
34045 294 9013 84 14239 294 57760 383 22258 358 2588
34045 294 9013 84 14239 294 57760 75 556 358 2588
34045 294 9013 84 14239 294 57760 75 50736 358 2588
34045 294 9013 298 75235 151 33054 277 62295 277 2588
34045 294 9013 298 71684 252 73831 252 63262 358 2588
34045 294 9013 383 69092 294 14740 359 57906 143 30955 358 2588
34045 294 9013 383 69092 294 32415 344 31556 225 63277 135 52692 358 2588
34045 294 9013 383 32131 126 54329 213 60508 121 29937 164 64649 252 65117 358 2588
