34795 358 51755
34795 358 17373 373 51755
34795 358 17373 105 51755
34795 358 17373 172 51755
34795 358 17373 356 51755
34795 358 17373 163 51755
34795 358 17373 111 51755
34795 151 49114 369 38269 358 51755
34795 151 48288 32 27894 356 51755
34795 151 48288 294 60562 356 51755
34795 358 17373 28 49829 358 51755
34795 358 17373 28 48096 358 51755
34795 358 17373 28 53965 358 51755
34795 358 17373 28 24856 358 51755
34795 358 17373 28 41411 358 51755
34795 358 17373 28 40059 358 51755
34795 358 17373 28 34485 358 51755
34795 358 17373 28 17965 358 51755
34795 358 17373 28 38507 358 51755
34795 358 17373 28 42979 358 51755
34795 358 17373 28 45185 358 51755
34795 358 17373 28 44760 358 51755
34795 358 17373 28 11152 358 51755
34795 358 17373 28 54994 358 51755
34795 358 17373 28 46948 358 51755
34795 358 17373 28 27999 358 51755
34795 358 17373 28 75261 358 51755
34795 358 17373 28 6514 358 51755
34795 358 17373 373 65501 356 51755
34795 358 17373 373 70892 356 51755
34795 358 17373 373 16290 356 51755
34795 358 17373 373 5225 356 51755
34795 358 17373 373 6593 356 51755
34795 358 17373 373 12877 356 51755
34795 358 17373 373 44431 356 51755
34795 358 17373 373 43643 356 51755
34795 358 17373 373 67997 356 51755
34795 358 17373 373 33630 356 51755
34795 358 17373 373 1386 356 51755
34795 358 17373 373 70930 356 51755
34795 358 17373 373 25328 356 51755
34795 358 17373 373 39113 356 51755
34795 358 17373 373 10766 356 51755
34795 358 17373 373 56995 356 51755
34795 358 17373 373 6529 356 51755
34795 358 17373 373 61103 356 51755
34795 358 17373 373 75263 356 51755
34795 358 17373 373 46283 356 51755
34795 358 17373 373 34738 356 51755
34795 358 17373 373 16308 356 51755
34795 358 17373 373 62056 356 51755
34795 358 17373 373 19354 356 51755
34795 358 17373 373 29827 356 51755
34795 358 17373 373 38619 356 51755
34795 358 17373 373 9755 356 51755
34795 358 17373 373 29427 356 51755
34795 358 17373 373 52997 356 51755
34795 358 17373 373 40151 356 51755
34795 358 17373 373 26841 356 51755
34795 358 17373 373 9976 356 51755
34795 358 17373 373 22622 356 51755
34795 358 17373 373 8215 356 51755
34795 358 17373 373 66837 356 51755
34795 358 17373 373 73705 356 51755
34795 358 17373 373 19024 356 51755
34795 358 17373 373 2608 356 51755
34795 358 17373 373 25656 356 51755
34795 358 17373 373 73850 356 51755
34795 358 17373 373 37085 356 51755
34795 358 17373 373 43699 356 51755
34795 358 17373 373 1620 356 51755
34795 358 17373 155 45593 114 51755
34795 358 17373 155 30161 114 51755
