39204 358 39091
39204 147 58402 15 1045 358 39091
39204 147 58402 15 50682 358 39091
39204 147 58402 15 7677 358 39091
39204 147 58402 15 69897 358 39091
39204 147 58402 15 32352 358 39091
39204 147 58402 15 28896 358 39091
39204 147 58402 15 16777 358 39091
39204 147 58402 15 47604 358 39091
39204 147 58402 15 40716 358 39091
39204 147 58402 15 4922 358 39091
39204 147 58402 15 25724 358 39091
39204 147 58402 15 17878 358 39091
39204 147 58402 15 3011 358 39091
39204 147 58402 15 9668 358 39091
39204 147 58402 15 64301 358 39091
39204 147 58402 15 1609 358 39091
39204 147 58402 15 28639 358 39091
39204 147 58402 15 42468 358 39091
39204 147 58402 15 43965 358 39091
39204 147 58402 15 40599 358 39091
39204 147 58402 164 40816 358 39091
39204 147 58402 164 70771 358 39091
39204 147 58402 164 16520 358 39091
39204 147 58402 164 39101 358 39091
39204 147 58402 164 12315 358 39091
39204 147 58402 164 10934 358 39091
39204 147 58402 164 2919 358 39091
39204 147 58402 164 42784 358 39091
39204 147 58402 164 68809 358 39091
39204 147 58402 164 67302 358 39091
39204 147 58402 164 73957 358 39091
39204 147 58402 373 30564 358 39091
39204 147 58402 373 37670 358 39091
39204 147 58402 373 74589 358 39091
39204 147 58402 373 2323 358 39091
39204 147 58402 373 34862 358 39091
39204 147 58402 373 75461 358 39091
39204 147 58402 373 30279 358 39091
39204 147 58402 373 16543 358 39091
39204 147 58402 373 34447 358 39091
39204 147 58402 373 55577 358 39091
39204 147 58402 373 46066 358 39091
39204 147 58402 373 17316 358 39091
39204 147 58402 385 42838 358 39091
39204 147 58402 385 46527 369 39091
39204 147 58402 385 46527 358 39091
39204 147 58402 372 26961 382 39091
39204 147 58402 372 24711 382 39091
39204 147 58402 398 37745 358 39091
39204 147 58402 382 50685 358 39091
39204 147 58402 382 16654 358 39091
39204 147 58402 382 71804 358 39091
39204 147 58402 382 23321 358 39091
39204 147 58402 382 39148 358 39091
39204 147 58402 382 49739 358 39091
39204 147 58402 382 16496 358 39091
39204 147 58402 382 29171 358 39091
39204 147 58402 382 14819 358 39091
39204 147 58402 382 49624 358 39091
39204 147 58402 382 68789 358 39091
39204 147 58402 382 10273 358 39091
39204 147 58402 382 22598 358 39091
39204 147 58402 382 18554 358 39091
39204 147 58402 382 39136 358 39091
39204 147 58402 382 55569 358 39091
39204 147 58402 382 51138 358 39091
39204 147 58402 382 31655 358 39091
39204 147 58402 382 7097 358 39091
39204 147 58402 382 5900 358 39091
39204 147 58402 382 74503 358 39091
39204 147 58402 382 12181 358 39091
39204 147 58402 382 47198 358 39091
39204 147 58402 382 42994 358 39091
39204 147 58402 382 16310 358 39091
39204 147 58402 382 30260 358 39091
39204 147 58402 382 14753 358 39091
39204 147 58402 382 11871 358 39091
39204 147 58402 382 65298 358 39091
39204 147 58402 382 38228 358 39091
39204 147 58402 382 20232 358 39091
39204 147 58402 382 36212 358 39091
39204 147 58402 382 22273 358 39091
39204 147 58402 382 57059 358 39091
39204 147 58402 382 36373 358 39091
39204 147 58402 382 34610 358 39091
39204 147 58402 382 31576 358 39091
39204 147 58402 382 15862 358 39091
39204 147 58402 382 72428 358 39091
39204 147 58402 382 40444 358 39091
39204 147 58402 382 19249 358 39091
39204 147 58402 382 66884 358 39091
39204 147 58402 382 41255 358 39091
39204 147 58402 382 9026 358 39091
39204 147 58402 382 24782 358 39091
39204 147 58402 382 47319 358 39091
39204 147 58402 382 15651 358 39091
39204 147 58402 382 53954 358 39091
39204 147 58402 382 25725 358 39091
39204 147 58402 382 41711 358 39091
39204 147 58402 382 714 358 39091
39204 147 58402 382 49988 358 39091
39204 147 58402 382 56499 358 39091
39204 147 58402 382 11533 358 39091
39204 147 58402 382 57559 358 39091
39204 147 58402 382 46390 358 39091
39204 147 58402 382 43630 358 39091
39204 147 58402 382 19699 358 39091
39204 147 58402 382 63260 358 39091
39204 147 58402 382 376 358 39091
39204 147 58402 382 26017 358 39091
39204 147 58402 382 35748 358 39091
39204 147 58402 382 14562 358 39091
39204 147 58402 382 48751 358 39091
39204 147 58402 382 74795 358 39091
39204 147 58402 382 1216 358 39091
39204 147 58402 382 16123 358 39091
39204 147 58402 382 38601 358 39091
39204 147 58402 382 70371 358 39091
39204 147 58402 382 17529 358 39091
39204 147 58402 382 35650 358 39091
39204 147 58402 382 59661 358 39091
39204 147 58402 382 6671 358 39091
39204 147 58402 382 24159 358 39091
39204 147 58402 382 32003 358 39091
39204 147 58402 382 4048 358 39091
39204 147 58402 382 5795 358 39091
39204 147 58402 382 17148 358 39091
39204 147 58402 382 52599 358 39091
39204 147 58402 382 31184 358 39091
39204 147 58402 382 53750 358 39091
39204 147 58402 382 47981 358 39091
39204 147 58402 382 13302 358 39091
39204 147 58402 382 42980 358 39091
39204 147 58402 382 73414 358 39091
39204 147 58402 382 13326 358 39091
39204 147 58402 382 54936 358 39091
39204 147 58402 382 32040 358 39091
39204 147 58402 382 52072 358 39091
39204 147 58402 382 15445 358 39091
39204 147 58402 382 8242 358 39091
39204 147 58402 382 55068 358 39091
39204 147 58402 382 68884 358 39091
39204 147 58402 382 29456 358 39091
39204 147 58402 382 7688 358 39091
39204 147 58402 382 51231 358 39091
39204 147 58402 103 14241 342 39091
39204 147 58402 100 29427 332 23453 31 39091
39204 147 58402 100 29427 332 29052 31 39091
39204 147 58402 100 29427 332 29065 31 39091
39204 147 58402 100 29427 332 68334 31 39091
39204 147 58402 227 32131 290 8990 382 39091
39204 147 58402 15 5965 34 27248 125 1314 358 39091
39204 147 58402 15 61242 356 67873 192 63477 358 39091
39204 147 58402 15 61242 356 67873 192 59122 358 39091
39204 147 58402 15 61242 356 67873 192 71910 358 39091
39204 147 58402 385 46527 217 32912 372 48393 382 39091
39204 147 58402 385 46527 217 32912 372 48393 369 39091
39204 147 58402 385 46527 217 32912 372 74213 382 39091
