44240 358 38055
44240 383 69092 294 1444 383 38055
44240 75 41897 32 71850 294 38055
44240 383 69092 75 9441 369 33054 32 38055
44240 383 69092 75 27162 369 10037 32 38055
44240 383 69092 75 25575 28 46479 358 38055
44240 383 69092 75 19847 114 21109 155 38055
44240 383 69092 75 19847 114 21109 32 38055
44240 383 69092 294 48279 383 4174 32 38055
44240 383 69092 294 48279 28 71383 358 38055
44240 383 69092 294 9013 298 71684 358 38055
44240 75 41897 252 25328 277 29524 294 38055
44240 75 41897 252 73831 252 41248 32 38055
44240 75 41897 252 73831 252 53369 32 38055
44240 75 41897 252 73831 252 63307 32 38055
44240 75 41897 252 73831 252 7276 32 38055
44240 75 41897 252 73831 252 51653 32 38055
44240 75 41897 252 73831 277 42964 32 38055
44240 75 41897 252 73831 277 61208 32 38055
44240 75 41897 252 73831 277 61208 358 38055
44240 75 41897 252 73831 277 5792 32 38055
44240 75 41897 252 73831 277 5792 358 38055
44240 75 41897 252 73831 277 74526 32 38055
44240 75 41897 252 73831 277 11183 32 38055
44240 75 41897 252 73831 277 11232 32 38055
44240 75 41897 252 73831 277 11232 358 38055
44240 75 41897 252 73831 277 28401 358 38055
44240 75 41897 252 73831 277 50577 32 38055
44240 75 41897 252 73831 277 60708 32 38055
44240 75 41897 277 20392 277 71931 358 38055
44240 383 69092 75 9441 369 33054 277 55075 32 38055
44240 383 69092 75 9441 369 33054 277 55075 358 38055
44240 383 69092 75 9441 369 33054 277 38099 32 38055
44240 383 69092 75 9441 369 33054 277 38099 151 38055
44240 383 69092 75 9441 369 33054 277 38099 358 38055
44240 383 69092 75 50391 151 21435 252 10081 32 38055
44240 383 69092 294 29427 369 19754 277 1236 151 38055
