56612 358 51607
56612 358 9577 28 40260 358 51607
56612 358 9577 28 46683 358 51607
56612 358 9577 28 24325 358 51607
56612 358 9577 28 15785 358 51607
56612 358 9577 28 20140 358 51607
56612 358 9577 28 62327 358 51607
56612 358 9577 28 44499 358 51607
56612 358 9577 28 30058 358 51607
56612 358 9577 28 7377 358 51607
56612 358 9577 28 39652 358 51607
56612 358 9577 28 72962 358 51607
56612 358 9577 28 50641 358 51607
56612 358 9577 28 72239 358 51607
56612 358 9577 28 40929 358 51607
56612 358 9577 28 41461 358 51607
56612 358 9577 28 51822 358 51607
56612 358 9577 28 22873 358 51607
56612 358 9577 28 13365 358 51607
56612 358 9577 28 32306 358 51607
56612 358 9577 28 10595 358 51607
56612 358 9577 28 44838 358 51607
56612 358 9577 28 46295 358 51607
56612 358 9577 28 58164 358 51607
56612 358 9577 28 616 358 51607
56612 358 9577 28 2945 358 51607
56612 358 9577 28 2082 358 51607
56612 358 9577 28 42618 358 51607
56612 358 9577 28 8184 358 51607
56612 358 9577 28 16256 358 51607
56612 358 9577 28 68736 358 51607
56612 358 9577 28 3146 358 51607
56612 358 9577 28 36558 358 51607
56612 358 9577 28 49388 358 51607
56612 358 9577 28 30109 358 51607
56612 358 9577 28 36350 358 51607
56612 358 9577 28 9463 358 51607
56612 358 9577 28 65653 358 51607
56612 358 9577 28 39064 358 51607
56612 358 9577 28 49165 358 51607
56612 358 9577 28 39597 358 51607
56612 358 9577 28 15122 358 51607
56612 358 9577 28 15303 358 51607
56612 358 9577 28 63457 358 51607
56612 358 9577 28 68099 358 51607
56612 358 9577 28 24250 358 51607
56612 358 9577 28 51172 358 51607
56612 358 9577 28 8203 358 51607
56612 358 9577 28 51605 358 51607
56612 358 9577 28 22146 358 51607
56612 358 9577 28 65321 358 51607
56612 358 9577 28 12994 358 51607
56612 358 9577 28 60885 358 51607
56612 358 9577 28 19758 358 51607
56612 358 9577 28 16260 358 51607
56612 358 9577 28 67270 358 51607
56612 358 9577 28 31645 358 51607
56612 358 9577 28 20061 358 51607
56612 358 9577 28 45030 358 51607
56612 358 9577 28 61604 358 51607
56612 358 9577 28 42538 358 51607
56612 358 9577 28 24771 358 51607
56612 358 9577 28 10788 358 51607
56612 358 9577 28 55692 358 51607
56612 358 9577 28 53680 358 51607
56612 358 9577 28 22465 358 51607
56612 358 9577 28 70054 358 51607
56612 358 9577 28 65174 358 51607
56612 358 9577 28 31911 358 51607
56612 358 9577 28 20555 358 51607
56612 358 9577 28 31613 358 51607
56612 358 9577 28 52542 358 51607
56612 358 9577 28 22984 358 51607
56612 358 9577 28 15733 358 51607
56612 358 9577 28 32842 358 51607
56612 358 9577 28 52679 358 51607
56612 358 9577 28 101 358 51607
56612 358 9577 28 54087 358 51607
56612 358 9577 28 73199 358 51607
56612 358 9577 28 33481 358 51607
56612 358 9577 28 25068 358 51607
56612 358 9577 28 14729 358 51607
56612 358 9577 28 52425 358 51607
56612 358 9577 28 30031 358 51607
56612 358 9577 28 18424 358 51607
56612 358 9577 28 53174 358 51607
56612 358 9577 28 23588 358 51607
56612 358 9577 28 13526 358 51607
56612 358 9577 28 11221 358 51607
56612 358 9577 28 32376 358 51607
56612 358 9577 28 55663 358 51607
56612 358 9577 28 74218 358 51607
56612 358 9577 28 14941 358 51607
56612 358 9577 28 61075 358 51607
56612 358 9577 28 33190 358 51607
56612 358 9577 28 13126 358 51607
56612 358 9577 28 22101 358 51607
56612 358 9577 28 71706 358 51607
56612 358 9577 28 69360 358 51607
56612 358 9577 28 46063 358 51607
56612 358 9577 28 23208 358 51607
56612 358 9577 28 7448 358 51607
56612 358 9577 28 41785 358 51607
56612 358 9577 28 25387 358 51607
56612 358 9577 28 55925 358 51607
56612 358 9577 28 50523 358 51607
56612 358 9577 28 14803 358 51607
56612 358 9577 28 14906 358 51607
56612 358 9577 28 56441 358 51607
56612 358 9577 28 62920 358 51607
56612 358 9577 28 40635 358 51607
56612 358 9577 28 9268 358 51607
56612 358 9577 28 58676 358 51607
56612 358 9577 28 4932 358 51607
56612 358 9577 28 65305 358 51607
56612 358 9577 28 55750 358 51607
56612 358 9577 28 2999 358 51607
56612 358 9577 28 52920 358 51607
56612 358 9577 28 11475 358 51607
56612 358 9577 28 33770 358 51607
56612 358 9577 28 47246 358 51607
56612 358 9577 28 29592 358 51607
56612 358 9577 28 11190 358 51607
56612 358 9577 28 62376 358 51607
56612 358 9577 28 73629 358 51607
56612 358 9577 28 5936 358 51607
56612 358 9577 28 61052 358 51607
56612 358 9577 28 46973 358 51607
56612 358 9577 28 3108 358 51607
56612 358 9577 28 10774 358 51607
56612 358 9577 28 67007 358 51607
56612 358 9577 28 67623 358 51607
56612 358 9577 28 60797 358 51607
56612 358 9577 28 2575 358 51607
56612 358 9577 28 875 358 51607
56612 358 9577 28 27342 358 51607
56612 358 9577 28 69592 358 51607
56612 358 9577 28 46356 358 51607
56612 358 9577 28 56775 358 51607
56612 358 9577 28 16804 358 51607
56612 358 9577 28 7834 358 51607
56612 358 9577 28 42008 358 51607
56612 358 9577 28 8393 358 51607
56612 358 9577 28 30456 358 51607
56612 358 9577 28 32025 358 51607
56612 358 9577 28 48233 358 51607
56612 358 9577 28 55224 358 51607
56612 358 9577 28 14784 358 51607
56612 358 9577 28 28106 358 51607
56612 358 9577 28 54332 358 51607
56612 358 9577 28 51743 358 51607
56612 358 9577 28 62899 358 51607
56612 358 9577 28 3970 358 51607
56612 358 9577 28 44651 358 51607
56612 358 9577 28 65675 358 51607
56612 358 9577 28 64803 358 51607
56612 358 9577 28 66563 358 51607
56612 358 9577 28 73737 358 51607
56612 358 9577 28 36866 358 51607
56612 358 9577 28 43322 358 51607
56612 358 9577 28 1524 358 51607
56612 358 9577 28 59966 358 51607
56612 358 9577 28 29426 358 51607
56612 358 9577 28 75173 358 51607
56612 358 9577 28 4637 358 51607
56612 358 9577 28 64648 358 51607
56612 358 9577 28 19299 358 51607
56612 358 9577 28 32036 358 51607
56612 358 9577 28 62745 358 51607
56612 358 9577 28 45024 358 51607
56612 358 9577 28 69535 358 51607
56612 358 9577 28 10405 358 51607
56612 358 9577 28 13918 358 51607
56612 358 9577 28 23225 358 51607
56612 358 9577 28 9197 358 51607
56612 358 9577 28 37287 358 51607
56612 358 9577 28 68552 358 51607
56612 358 9577 28 7377 321 24058 358 51607
56612 358 9577 28 30109 28 27508 358 51607
56612 358 9577 28 30109 358 17726 358 51607
56612 358 9577 28 62747 252 70550 358 51607
56612 358 9577 28 62747 151 5865 358 51607
56612 358 9577 28 60885 359 44597 358 51607
56612 358 9577 28 60797 358 15312 358 51607
56612 358 9577 28 1524 373 60170 358 51607
56612 358 9577 28 1524 102 53816 358 51607
56612 358 9577 28 13298 28 24855 358 51607
56612 358 9577 28 13298 28 65231 358 51607
56612 358 9577 28 13298 28 107 358 51607
56612 358 9577 28 34575 332 65855 31 44925 358 51607
56612 358 9577 28 34575 332 65855 31 17625 358 51607
56612 358 9577 28 34575 332 65855 31 23736 358 51607
56612 358 9577 28 34575 332 65855 31 23069 358 51607
56612 358 9577 28 34575 332 65855 31 27162 358 51607
56612 358 9577 28 34575 332 65855 31 53912 358 51607
56612 358 9577 28 34575 332 65855 31 63276 358 51607
56612 358 9577 28 34575 332 65855 31 32357 358 51607
56612 358 9577 28 34575 332 65855 31 28491 358 51607
56612 358 9577 28 34575 332 65855 31 10715 358 51607
56612 358 9577 28 34575 332 65855 31 14740 358 51607
56612 358 9577 28 34575 332 65855 31 13054 358 51607
56612 358 9577 28 34575 332 65855 31 63591 358 51607
56612 358 9577 28 34575 332 65855 31 58796 358 51607
56612 358 9577 28 34575 332 65855 31 49084 358 51607
56612 358 9577 28 34575 332 65855 31 26905 358 51607
56612 358 9577 28 34575 332 65855 31 35527 358 51607
56612 358 9577 28 34575 332 65855 31 66481 358 51607
56612 358 9577 28 34575 332 65855 31 29493 358 51607
56612 358 9577 28 34575 332 65855 31 26159 358 51607
56612 358 9577 28 34575 332 65853 31 6362 358 51607
56612 358 9577 28 34575 332 65853 31 72056 358 51607
56612 358 9577 28 34575 332 65853 31 38832 358 51607
56612 358 9577 28 34575 332 29052 31 58490 358 51607
56612 358 9577 28 34575 332 29052 31 55158 358 51607
56612 358 9577 28 34575 332 29052 31 33417 358 51607
56612 358 9577 28 34575 332 29052 31 39284 358 51607
56612 358 9577 28 34575 332 29065 31 7747 358 51607
56612 358 9577 28 34575 369 33054 277 15011 358 51607
56612 358 9577 28 34575 369 33054 277 11220 358 51607
56612 358 9577 28 34575 369 33054 277 55822 358 51607
56612 358 9577 28 34575 369 33054 277 65402 358 51607
56612 358 9577 28 34575 369 33054 252 33251 358 51607
56612 358 9577 28 34575 369 33054 252 59920 358 51607
56612 358 9577 28 34575 369 33054 252 27921 358 51607
56612 358 9577 28 34575 369 33054 252 57147 358 51607
56612 358 9577 28 34575 369 33054 252 27835 358 51607
56612 358 9577 28 34575 369 33054 252 26889 358 51607
56612 358 9577 28 34575 369 33054 252 3248 358 51607
56612 358 9577 28 86 332 29064 31 7241 358 51607
56612 358 9577 28 86 332 29064 31 19253 358 51607
56612 358 9577 28 40260 369 40754 277 23556 358 51607
56612 358 9577 28 49298 383 69092 75 15811 358 51607
56612 358 9577 28 49298 383 69092 294 28007 358 51607
56612 358 9577 28 7377 321 24058 196 61055 358 51607
56612 358 9577 28 7377 151 41897 277 28651 358 51607
56612 358 9577 28 7377 369 53811 277 5562 358 51607
56612 358 9577 28 7377 369 53811 277 8186 358 51607
56612 358 9577 28 45796 358 37408 28 48205 358 51607
56612 358 9577 28 45796 358 37408 28 72605 358 51607
56612 358 9577 28 9878 113 69443 143 12749 358 51607
56612 358 9577 28 44838 359 54091 102 51096 358 51607
56612 358 9577 28 45140 300 62434 211 63763 358 51607
56612 358 9577 28 45140 356 72079 382 73985 358 51607
56612 358 9577 28 19758 108 11473 219 27285 358 51607
56612 358 9577 28 60797 358 72061 28 10229 358 51607
56612 358 9577 28 46356 108 37394 219 40366 358 51607
56612 358 9577 28 34575 332 65853 31 5319 75 13512 358 51607
56612 358 9577 28 69907 171 18360 388 60357 28 73410 358 51607
