56624 369 9025
56624 358 9025
56624 252 9025
56624 114 21109 369 33054 277 9025
56624 369 4335 41 27358 332 29052 31 9025
56624 369 4335 167 2759 122 17373 164 9025
56624 369 73592 277 51574 300 59812 211 9025
56624 369 73592 277 53751 277 28231 252 9025
56624 369 73592 277 53751 277 28231 369 9025
56624 369 73592 277 53751 277 28231 358 9025
56624 369 73592 277 73831 277 39392 369 9025
56624 114 21109 155 23798 28 11067 369 9025
56624 114 21109 155 27894 75 42570 369 9025
56624 114 21109 369 33054 277 42961 252 9025
56624 114 21109 369 33054 277 42961 369 9025
56624 114 21109 369 33054 277 42961 358 9025
56624 369 4335 41 27358 36 58786 316 20817 6 9025
56624 369 4335 41 27358 332 29052 31 26607 369 9025
56624 369 4335 41 27358 310 40417 75 15283 369 9025
56624 369 4335 41 27358 310 40417 75 24920 369 9025
56624 369 4335 41 27358 310 40417 383 15114 369 9025
56624 369 4335 41 27358 310 40417 383 15114 358 9025
56624 369 4335 41 27358 310 40417 383 15114 252 9025
56624 369 4335 41 27358 310 40417 256 56390 6 9025
56624 369 73592 277 44399 356 18597 300 6584 88 9025
56624 369 73592 277 44399 356 18597 300 68161 88 9025
56624 114 72858 155 28575 377 10911 238 47975 358 9025
56624 114 21109 32 19933 64 36374 194 28178 239 63432 369 9025
56624 114 21109 32 19933 64 36374 194 28178 239 63432 358 9025
56624 114 21109 32 19933 64 36374 194 28178 239 63432 252 9025
56624 369 4335 41 27358 310 40417 75 40374 256 60608 15 65119 151 9025
