57048 358 9577
57048 151 33054 277 34575 358 9577
57048 151 33054 277 86 358 9577
57048 151 33054 277 65584 358 9577
57048 151 33054 277 23403 358 9577
57048 151 33054 277 46683 358 9577
57048 151 33054 277 49298 358 9577
57048 151 33054 277 74972 358 9577
57048 151 33054 277 5875 358 9577
57048 151 33054 277 11637 358 9577
57048 151 33054 277 66508 358 9577
57048 151 33054 277 65403 358 9577
57048 151 33054 277 30490 358 9577
57048 151 33054 277 66472 358 9577
57048 151 33054 277 22873 358 9577
57048 151 33054 277 64684 358 9577
57048 151 33054 277 32306 358 9577
57048 151 33054 277 45140 358 9577
57048 151 33054 277 46295 358 9577
57048 151 33054 277 17188 358 9577
57048 151 33054 277 39288 358 9577
57048 151 33054 277 42618 358 9577
57048 151 33054 277 19162 358 9577
57048 151 33054 277 73669 358 9577
57048 151 33054 277 36558 358 9577
57048 151 33054 277 26818 358 9577
57048 151 33054 277 36350 358 9577
57048 151 33054 277 65653 358 9577
57048 151 33054 277 39064 358 9577
57048 151 33054 277 36036 358 9577
57048 151 33054 277 56645 358 9577
57048 151 33054 277 15122 358 9577
57048 151 33054 277 15303 358 9577
57048 151 33054 277 63457 358 9577
57048 151 33054 277 57958 358 9577
57048 151 33054 277 20868 358 9577
57048 151 33054 277 74973 358 9577
57048 151 33054 277 16260 358 9577
57048 151 33054 277 15292 358 9577
57048 151 33054 277 64604 358 9577
57048 151 33054 277 15526 358 9577
57048 151 33054 277 53680 358 9577
57048 151 33054 277 62675 358 9577
57048 151 33054 277 51394 358 9577
57048 151 33054 277 101 358 9577
57048 151 33054 277 33481 358 9577
57048 151 33054 277 72041 358 9577
57048 151 33054 277 14729 358 9577
57048 151 33054 277 18424 358 9577
57048 151 33054 277 53174 358 9577
57048 151 33054 277 29054 358 9577
57048 151 33054 277 12391 358 9577
57048 151 33054 277 20159 358 9577
57048 151 33054 277 14941 358 9577
57048 151 33054 277 57476 358 9577
57048 151 33054 277 17512 358 9577
57048 151 33054 277 18412 358 9577
57048 151 33054 277 48735 358 9577
57048 151 33054 277 22179 358 9577
57048 151 33054 277 54077 358 9577
57048 151 33054 277 25387 358 9577
57048 151 33054 277 50523 358 9577
57048 151 33054 277 70948 358 9577
57048 151 33054 277 39040 358 9577
57048 151 33054 277 6526 358 9577
57048 151 33054 277 39397 358 9577
57048 151 33054 277 41990 358 9577
57048 151 33054 277 50475 358 9577
57048 151 33054 277 56441 358 9577
57048 151 33054 277 43655 358 9577
57048 151 33054 277 65305 358 9577
57048 151 33054 277 2999 358 9577
57048 151 33054 277 11001 358 9577
57048 151 33054 277 62376 358 9577
57048 151 33054 277 5936 358 9577
57048 151 33054 277 12562 358 9577
57048 151 33054 277 48461 358 9577
57048 151 33054 277 4443 358 9577
57048 151 33054 277 32298 358 9577
57048 151 33054 277 53525 358 9577
57048 151 33054 277 66281 358 9577
57048 151 33054 277 49073 358 9577
57048 151 33054 277 41749 358 9577
57048 151 33054 277 35145 358 9577
57048 151 33054 277 38148 358 9577
57048 151 33054 277 13191 358 9577
57048 151 33054 277 875 358 9577
57048 151 33054 277 44317 358 9577
57048 151 33054 277 69592 358 9577
57048 151 33054 277 8393 358 9577
57048 151 33054 277 31723 358 9577
57048 151 33054 277 66563 358 9577
57048 151 33054 277 36866 358 9577
57048 151 33054 277 14537 358 9577
57048 151 33054 277 25967 358 9577
57048 151 33054 277 41526 358 9577
57048 151 33054 277 21463 358 9577
57048 151 33054 277 12462 358 9577
57048 151 33054 277 59966 358 9577
57048 151 33054 277 22623 358 9577
57048 151 33054 277 30783 358 9577
57048 151 33054 277 72624 358 9577
57048 151 33054 277 27769 358 9577
57048 151 33054 277 36224 358 9577
57048 151 33054 277 62745 358 9577
57048 151 33054 277 62291 358 9577
57048 151 33054 252 40260 358 9577
57048 151 33054 252 72239 358 9577
57048 151 33054 252 67734 358 9577
57048 151 33054 252 58164 358 9577
57048 151 33054 252 62747 358 9577
57048 151 33054 252 8203 358 9577
57048 151 33054 252 25755 358 9577
57048 151 33054 252 20061 358 9577
57048 151 33054 252 23588 358 9577
57048 151 33054 252 10674 358 9577
57048 151 33054 252 1780 358 9577
57048 151 33054 252 190 358 9577
57048 151 33054 252 14906 358 9577
57048 151 33054 252 62920 358 9577
57048 151 33054 252 8285 358 9577
57048 151 33054 252 33616 358 9577
57048 151 33054 252 26831 358 9577
57048 151 33054 252 42347 358 9577
57048 151 33054 252 7987 358 9577
57048 151 33054 252 72429 358 9577
57048 151 33054 252 15162 358 9577
57048 151 33054 252 45309 358 9577
57048 151 33054 32 3592 358 9577
57048 151 33054 32 42166 358 9577
57048 151 33054 32 62962 358 9577
57048 151 33054 32 8870 358 9577
57048 151 33054 32 10512 358 9577
57048 151 33054 32 65174 358 9577
57048 151 33054 32 60885 358 9577
57048 151 33054 32 16256 358 9577
57048 151 33054 32 52920 358 9577
57048 151 33054 32 7377 358 9577
57048 151 33054 151 19758 358 9577
57048 151 33054 151 23719 358 9577
57048 151 33054 151 56775 358 9577
57048 151 33054 151 4507 358 9577
57048 151 33054 151 54298 358 9577
57048 151 33054 358 30109 358 9577
57048 13 53119 12 616 358 9577
57048 151 33054 277 22873 358 13298 358 9577
57048 151 33054 277 36558 151 1524 358 9577
57048 151 33054 277 16260 358 55870 358 9577
57048 151 33054 277 16834 28 51462 358 9577
57048 151 33054 277 27406 196 43362 358 9577
57048 151 33054 277 22411 252 2945 358 9577
57048 151 33054 277 22411 252 22984 358 9577
57048 151 33054 277 66347 252 15922 358 9577
57048 151 33054 277 45649 342 7857 358 9577
57048 151 33054 277 48162 28 16804 358 9577
57048 151 33054 277 8640 28 18032 358 9577
57048 151 33054 277 34687 303 11190 358 9577
57048 151 33054 277 59966 149 14523 358 9577
57048 151 33054 277 11053 252 16008 358 9577
57048 151 33054 252 24865 303 4637 358 9577
57048 151 33054 252 62747 252 52577 358 9577
57048 151 33054 252 17726 28 60797 358 9577
57048 151 33054 252 17726 108 13126 358 9577
57048 151 33054 252 40309 31 56770 358 9577
57048 151 33054 252 40309 31 22644 358 9577
57048 151 33054 252 68338 31 48642 358 9577
57048 151 33054 252 68339 31 1333 358 9577
57048 151 33054 252 68339 31 6978 358 9577
57048 151 33054 252 68339 31 51172 358 9577
57048 151 33054 252 68339 31 70024 358 9577
57048 151 33054 252 68339 31 51743 358 9577
57048 151 33054 252 65861 31 20140 358 9577
57048 151 33054 252 65861 31 25912 358 9577
57048 151 33054 252 65861 31 15757 358 9577
57048 151 33054 252 65861 31 55639 358 9577
57048 151 33054 252 65861 31 48202 358 9577
57048 151 33054 252 65861 31 32036 358 9577
57048 151 33054 252 65861 31 23225 358 9577
57048 151 33054 252 65856 31 31645 358 9577
57048 151 33054 252 65856 31 13396 358 9577
57048 151 33054 252 65856 31 32376 358 9577
57048 151 33054 252 65856 31 61075 358 9577
57048 151 33054 252 65856 31 16343 358 9577
57048 151 33054 252 65856 31 23665 358 9577
57048 151 33054 252 65856 31 64471 358 9577
57048 151 33054 252 65856 31 70259 358 9577
57048 151 33054 252 65856 31 44651 358 9577
57048 151 33054 252 65857 31 66301 358 9577
57048 151 33054 252 65857 31 39597 358 9577
57048 151 33054 252 65857 31 13526 358 9577
57048 151 33054 252 65857 31 50498 358 9577
57048 151 33054 252 65857 31 69360 358 9577
57048 151 33054 252 65857 31 46309 358 9577
57048 151 33054 252 65857 31 14898 358 9577
57048 151 33054 252 65857 31 52904 358 9577
57048 151 33054 252 19535 358 72449 358 9577
57048 151 33054 332 29052 31 44499 358 9577
57048 151 33054 332 29052 31 51822 358 9577
57048 151 33054 332 29052 31 55663 358 9577
57048 151 33054 332 29052 31 75357 358 9577
57048 151 33054 332 29052 31 38136 358 9577
57048 151 33054 332 29052 31 11484 358 9577
57048 151 33054 332 29052 31 37287 358 9577
57048 151 33054 332 29052 31 74624 358 9577
57048 151 33054 151 62434 211 40635 358 9577
57048 151 33054 151 62434 211 13918 358 9577
57048 151 33054 369 25489 277 39652 358 9577
57048 151 33054 358 30109 28 66670 358 9577
57048 13 53119 359 54091 102 44838 358 9577
57048 151 33054 277 71316 383 69092 294 54087 358 9577
57048 151 33054 277 71316 383 69092 294 64803 358 9577
57048 151 33054 277 71316 383 69092 294 64149 358 9577
57048 151 33054 277 71316 383 69092 294 55224 358 9577
57048 151 33054 277 71316 383 69092 294 33490 358 9577
57048 151 33054 277 71316 383 69092 294 73737 358 9577
57048 151 33054 277 71316 383 69092 294 66943 358 9577
57048 151 33054 277 71316 383 69092 294 42278 358 9577
57048 151 33054 277 71316 383 69092 277 75173 358 9577
57048 151 33054 277 34575 332 65855 31 55274 358 9577
57048 151 33054 277 34575 332 65855 31 48233 358 9577
57048 151 33054 277 34575 332 65853 31 12994 358 9577
57048 151 33054 277 34575 332 23453 31 4934 358 9577
57048 151 33054 277 34575 332 29065 31 4372 358 9577
57048 151 33054 277 86 332 29064 31 32179 358 9577
57048 151 33054 277 28650 151 40754 277 69907 358 9577
57048 151 33054 277 28650 151 40754 277 28588 358 9577
57048 151 33054 277 28650 151 40754 277 62899 358 9577
57048 151 33054 277 28650 6 72079 382 15895 358 9577
57048 151 33054 277 46683 332 68334 31 48978 358 9577
57048 151 33054 277 46683 358 51607 28 24325 358 9577
57048 151 33054 277 46683 358 51607 28 15785 358 9577
57048 151 33054 277 46683 358 51607 28 62327 358 9577
57048 151 33054 277 46683 358 51607 28 56612 358 9577
57048 151 33054 277 46683 358 51607 28 30058 358 9577
57048 151 33054 277 46683 358 51607 28 72962 358 9577
57048 151 33054 277 46683 358 51607 28 50641 358 9577
57048 151 33054 277 46683 358 51607 28 40929 358 9577
57048 151 33054 277 46683 358 51607 28 41461 358 9577
57048 151 33054 277 46683 358 51607 28 13365 358 9577
57048 151 33054 277 46683 358 51607 28 10595 358 9577
57048 151 33054 277 46683 358 51607 28 2082 358 9577
57048 151 33054 277 46683 358 51607 28 8184 358 9577
57048 151 33054 277 46683 358 51607 28 68736 358 9577
57048 151 33054 277 46683 358 51607 28 3146 358 9577
57048 151 33054 277 46683 358 51607 28 49388 358 9577
57048 151 33054 277 46683 358 51607 28 9463 358 9577
57048 151 33054 277 46683 358 51607 28 49165 358 9577
57048 151 33054 277 46683 358 51607 28 68099 358 9577
57048 151 33054 277 46683 358 51607 28 24250 358 9577
57048 151 33054 277 46683 358 51607 28 51605 358 9577
57048 151 33054 277 46683 358 51607 28 22146 358 9577
57048 151 33054 277 46683 358 51607 28 65321 358 9577
57048 151 33054 277 46683 358 51607 28 67270 358 9577
57048 151 33054 277 46683 358 51607 28 45030 358 9577
57048 151 33054 277 46683 358 51607 28 61604 358 9577
57048 151 33054 277 46683 358 51607 28 42538 358 9577
57048 151 33054 277 46683 358 51607 28 24771 358 9577
57048 151 33054 277 46683 358 51607 28 10788 358 9577
57048 151 33054 277 46683 358 51607 28 55692 358 9577
57048 151 33054 277 46683 358 51607 28 22465 358 9577
57048 151 33054 277 46683 358 51607 28 70054 358 9577
57048 151 33054 277 46683 358 51607 28 31911 358 9577
57048 151 33054 277 46683 358 51607 28 20555 358 9577
57048 151 33054 277 46683 358 51607 28 31613 358 9577
57048 151 33054 277 46683 358 51607 28 52542 358 9577
57048 151 33054 277 46683 358 51607 28 15733 358 9577
57048 151 33054 277 46683 358 51607 28 32842 358 9577
57048 151 33054 277 46683 358 51607 28 52679 358 9577
57048 151 33054 277 46683 358 51607 28 73199 358 9577
57048 151 33054 277 46683 358 51607 28 25068 358 9577
57048 151 33054 277 46683 358 51607 28 52425 358 9577
57048 151 33054 277 46683 358 51607 28 30031 358 9577
57048 151 33054 277 46683 358 51607 28 11221 358 9577
57048 151 33054 277 46683 358 51607 28 74218 358 9577
57048 151 33054 277 46683 358 51607 28 33190 358 9577
57048 151 33054 277 46683 358 51607 28 22101 358 9577
57048 151 33054 277 46683 358 51607 28 71706 358 9577
57048 151 33054 277 46683 358 51607 28 46063 358 9577
57048 151 33054 277 46683 358 51607 28 23208 358 9577
57048 151 33054 277 46683 358 51607 28 7448 358 9577
57048 151 33054 277 46683 358 51607 28 41785 358 9577
57048 151 33054 277 46683 358 51607 28 55925 358 9577
57048 151 33054 277 46683 358 51607 28 14803 358 9577
57048 151 33054 277 46683 358 51607 28 9268 358 9577
57048 151 33054 277 46683 358 51607 28 58676 358 9577
57048 151 33054 277 46683 358 51607 28 4932 358 9577
57048 151 33054 277 46683 358 51607 28 55750 358 9577
57048 151 33054 277 46683 358 51607 28 11475 358 9577
57048 151 33054 277 46683 358 51607 28 33770 358 9577
57048 151 33054 277 46683 358 51607 28 47246 358 9577
57048 151 33054 277 46683 358 51607 28 29592 358 9577
57048 151 33054 277 46683 358 51607 28 73629 358 9577
57048 151 33054 277 46683 358 51607 28 61052 358 9577
57048 151 33054 277 46683 358 51607 28 46973 358 9577
57048 151 33054 277 46683 358 51607 28 3108 358 9577
57048 151 33054 277 46683 358 51607 28 10774 358 9577
57048 151 33054 277 46683 358 51607 28 67007 358 9577
57048 151 33054 277 46683 358 51607 28 67623 358 9577
57048 151 33054 277 46683 358 51607 28 2575 358 9577
57048 151 33054 277 46683 358 51607 28 27342 358 9577
57048 151 33054 277 46683 358 51607 28 46356 358 9577
57048 151 33054 277 46683 358 51607 28 7834 358 9577
57048 151 33054 277 46683 358 51607 28 42008 358 9577
57048 151 33054 277 46683 358 51607 28 30456 358 9577
57048 151 33054 277 46683 358 51607 28 32025 358 9577
57048 151 33054 277 46683 358 51607 28 14784 358 9577
57048 151 33054 277 46683 358 51607 28 28106 358 9577
57048 151 33054 277 46683 358 51607 28 54332 358 9577
57048 151 33054 277 46683 358 51607 28 3970 358 9577
57048 151 33054 277 46683 358 51607 28 65675 358 9577
57048 151 33054 277 46683 358 51607 28 43322 358 9577
57048 151 33054 277 46683 358 51607 28 29426 358 9577
57048 151 33054 277 46683 358 51607 28 64648 358 9577
57048 151 33054 277 46683 358 51607 28 19299 358 9577
57048 151 33054 277 46683 358 51607 28 45024 358 9577
57048 151 33054 277 46683 358 51607 28 69535 358 9577
57048 151 33054 277 46683 358 51607 28 10405 358 9577
57048 151 33054 277 46683 358 51607 28 9197 358 9577
57048 151 33054 277 46683 358 51607 28 68552 358 9577
57048 151 33054 277 46683 6 18597 373 52973 358 9577
57048 151 33054 277 46683 6 18597 382 33755 358 9577
57048 151 33054 277 18845 108 61857 219 49110 358 9577
57048 151 33054 277 55159 28 44428 6 20626 358 9577
57048 151 33054 277 62140 321 24058 196 36878 358 9577
57048 151 33054 277 30490 102 46685 359 682 358 9577
57048 151 33054 277 22873 358 20976 28 48496 358 9577
57048 151 33054 277 22873 358 20976 28 60304 358 9577
57048 151 33054 277 22873 358 20976 28 32942 358 9577
57048 151 33054 277 22873 358 13298 28 23621 358 9577
57048 151 33054 277 42618 279 29502 284 73631 358 9577
57048 151 33054 277 51208 253 50619 199 29297 358 9577
57048 151 33054 277 21998 358 37408 28 45796 358 9577
57048 151 33054 277 21998 358 37408 28 69068 358 9577
57048 151 33054 277 21998 358 37408 28 71943 358 9577
57048 151 33054 277 21998 358 37408 28 30186 358 9577
57048 151 33054 277 21998 358 37408 28 66110 358 9577
57048 151 33054 277 21998 358 37408 28 2339 358 9577
57048 151 33054 277 73848 358 15236 28 23501 358 9577
57048 151 33054 277 20868 201 57870 351 53651 358 9577
57048 151 33054 277 64797 151 63974 252 74735 358 9577
57048 151 33054 277 16260 358 1378 28 72487 358 9577
57048 151 33054 277 56093 358 65161 28 6587 358 9577
57048 151 33054 277 56093 358 65161 28 7612 358 9577
57048 151 33054 277 56093 358 65161 28 31322 358 9577
57048 151 33054 277 56093 358 65161 28 58168 358 9577
57048 151 33054 277 51254 296 30382 99 72002 358 9577
57048 151 33054 277 21109 155 36301 75 58579 358 9577
57048 151 33054 277 72970 6 23110 382 20074 358 9577
57048 151 33054 277 45649 342 7857 342 40332 358 9577
57048 151 33054 277 48162 28 16804 358 60449 358 9577
57048 151 33054 252 17726 28 60797 358 3588 358 9577
57048 151 33054 252 17726 28 60797 358 54178 358 9577
57048 151 33054 252 17726 28 60797 358 25481 358 9577
57048 151 33054 252 17726 28 60797 358 14889 358 9577
57048 151 33054 332 29052 31 599 117 27907 358 9577
57048 151 33054 32 3592 359 1443 102 72645 358 9577
57048 151 33054 277 33922 143 37487 113 69443 143 9878 358 9577
57048 151 33054 277 18845 108 61857 219 6127 108 35509 358 9577
57048 151 33054 252 17726 28 60797 358 60756 28 74399 358 9577
57048 151 33054 277 71316 75 41897 32 22183 108 47843 29 3242 306 54450 358 9577
