58910 358 9782
58910 252 9782
58910 369 33054 277 9782
58910 151 34795 252 34224 369 9782
58910 151 34795 252 34224 358 9782
58910 151 34795 252 14337 358 9782
58910 151 34795 151 49114 369 9782
58910 151 34795 151 48288 369 9782
58910 151 34795 151 48288 358 9782
58910 369 33054 277 30480 358 9782
58910 369 33054 277 6326 369 9782
58910 369 33054 277 9747 369 9782
58910 369 33054 252 41154 277 9782
58910 369 33054 252 20494 252 9782
58910 369 33054 277 9441 252 24578 252 9782
58910 369 33054 277 62140 321 24058 196 9782
58910 369 33054 277 60779 252 58089 151 9782
58910 369 33054 277 60779 252 10037 151 9782
58910 151 34795 151 48288 294 60562 383 7637 358 9782
58910 151 34795 151 48288 294 60562 75 6702 151 9782
58910 151 34795 151 48288 294 60562 75 3523 252 9782
58910 151 34795 151 48288 294 60562 75 3523 369 9782
58910 369 33054 277 10514 369 73831 277 61112 151 9782
58910 151 34795 358 17373 373 19933 75 6513 356 22264 358 9782
