62143 358 43972
62143 356 6576 373 6532 358 43972
62143 356 6576 373 37900 358 43972
62143 356 6576 373 7327 358 43972
62143 356 6576 373 55354 358 43972
62143 356 6576 373 25540 358 43972
62143 356 6576 373 56578 358 43972
62143 356 6576 373 67012 358 43972
62143 356 6576 373 471 358 43972
62143 356 6576 373 57610 358 43972
62143 356 6576 373 47049 358 43972
62143 356 6576 373 39721 358 43972
62143 356 6576 373 35224 358 43972
62143 356 6576 373 64731 358 43972
62143 356 6576 373 31346 358 43972
62143 356 6576 373 30352 358 43972
62143 356 6576 373 29731 358 43972
62143 356 6576 373 57098 358 43972
62143 356 6576 373 11519 358 43972
62143 356 6576 271 62272 382 43972
62143 356 6576 271 58036 382 43972
62143 356 6576 385 22478 358 43972
62143 356 6576 385 22228 358 43972
62143 356 6576 385 26948 358 43972
62143 356 6576 164 12879 358 43972
62143 356 6576 164 50083 358 43972
62143 356 6576 15 70423 358 43972
62143 356 6576 15 65003 358 43972
62143 356 6576 15 33865 358 43972
62143 356 6576 382 65040 358 43972
62143 356 6576 382 52584 358 43972
62143 356 6576 382 11214 358 43972
62143 356 6576 382 44456 358 43972
62143 356 6576 382 64796 358 43972
62143 356 6576 382 35578 358 43972
62143 356 6576 382 14339 358 43972
62143 356 6576 382 41498 358 43972
62143 356 6576 382 25434 358 43972
62143 356 6576 382 44982 358 43972
62143 356 6576 382 7051 358 43972
62143 356 6576 382 5356 358 43972
62143 356 6576 382 17749 358 43972
62143 356 6576 382 31461 358 43972
62143 356 6576 382 28055 358 43972
62143 356 6576 358 6060 382 43972
62143 356 6576 356 51094 28 43972
62143 356 6576 373 12181 6 58402 382 37380 358 43972
62143 356 6576 373 64731 129 486 192 72106 358 43972
62143 356 6576 373 64731 129 486 192 46308 358 43972
62143 356 6576 373 64731 129 486 192 72550 358 43972
62143 356 6576 373 64731 129 486 192 42945 358 43972
62143 356 6576 373 64731 129 486 192 7003 358 43972
62143 356 6576 373 64731 129 486 192 10557 358 43972
62143 356 6576 373 64731 129 486 192 74497 358 43972
62143 356 6576 373 64731 129 486 192 39241 358 43972
62143 356 6576 373 64731 129 486 192 4313 358 43972
62143 356 6576 373 64731 129 486 192 28738 358 43972
62143 356 6576 373 64731 129 486 192 26023 358 43972
62143 356 6576 373 64731 129 486 192 35759 358 43972
62143 356 6576 373 64731 129 486 192 29985 358 43972
62143 356 6576 373 64731 129 486 192 56422 358 43972
62143 356 6576 373 64731 129 486 192 50287 358 43972
62143 356 6576 373 64731 129 486 192 29199 358 43972
62143 356 6576 373 64731 129 486 192 23028 358 43972
62143 356 6576 373 64731 129 486 192 66230 358 43972
62143 356 6576 373 64731 129 486 192 26750 358 43972
62143 356 6576 373 64731 129 486 192 49703 358 43972
62143 356 6576 373 64731 129 486 192 11808 358 43972
62143 356 6576 373 64731 129 486 192 17014 358 43972
62143 356 6576 373 64731 129 486 192 74551 358 43972
62143 356 6576 373 64731 129 486 192 45761 358 43972
62143 356 6576 373 64731 129 486 192 25044 358 43972
62143 356 6576 373 64731 129 486 192 16739 358 43972
62143 356 6576 373 64731 129 486 192 15976 358 43972
62143 356 6576 373 64731 129 486 192 63626 358 43972
62143 356 6576 373 64731 129 486 192 44959 358 43972
62143 356 6576 373 64731 129 486 192 40805 358 43972
62143 356 6576 373 64731 129 486 192 52024 358 43972
62143 356 6576 373 64731 129 486 192 60557 358 43972
62143 356 6576 373 64731 129 486 192 8821 358 43972
62143 356 6576 373 64731 129 486 192 1816 358 43972
62143 356 6576 373 64731 129 486 192 26708 358 43972
62143 356 6576 373 64731 129 486 192 5106 358 43972
62143 356 6576 373 64731 129 486 192 61260 358 43972
62143 356 6576 373 64731 129 486 192 54616 358 43972
62143 356 6576 373 64731 129 486 192 37059 358 43972
62143 356 6576 373 64731 129 486 192 39851 358 43972
62143 356 6576 373 64731 129 486 192 58668 358 43972
62143 356 6576 373 64731 129 486 192 64093 358 43972
62143 356 6576 373 64731 129 486 192 51267 358 43972
62143 356 6576 373 64731 129 486 192 6137 358 43972
62143 356 6576 373 64731 129 486 192 47355 358 43972
62143 356 6576 373 64731 129 486 192 40793 358 43972
62143 356 6576 373 64731 129 486 192 38652 358 43972
62143 356 6576 373 64731 129 486 192 57399 358 43972
62143 356 6576 373 64731 129 486 192 127 358 43972
62143 356 6576 373 64731 129 486 192 49307 358 43972
62143 356 6576 373 64731 129 486 192 1725 358 43972
62143 356 6576 373 64731 129 486 192 74514 358 43972
62143 356 6576 373 64731 129 486 192 63851 358 43972
62143 356 6576 373 64731 129 486 192 61310 358 43972
62143 356 6576 373 64731 129 486 192 56104 358 43972
62143 356 6576 373 64731 129 486 192 47841 358 43972
62143 356 6576 373 64731 129 486 192 16050 358 43972
62143 356 6576 373 64731 129 486 192 62141 358 43972
62143 356 6576 373 64731 129 486 192 25826 358 43972
62143 356 6576 373 64731 129 486 192 62563 358 43972
62143 356 6576 373 64731 129 486 192 25069 358 43972
62143 356 6576 373 64731 129 486 373 24805 358 43972
62143 356 6576 373 64731 129 486 373 15031 358 43972
62143 356 6576 373 64731 129 486 373 6119 358 43972
62143 356 6576 373 64731 129 486 373 13649 358 43972
62143 356 6576 373 64731 129 486 373 20436 358 43972
62143 356 6576 373 64731 129 486 373 46693 358 43972
62143 356 6576 373 64731 129 486 373 73085 358 43972
62143 356 6576 373 64731 129 486 373 18365 358 43972
62143 356 6576 373 64731 129 486 373 71941 358 43972
62143 356 6576 373 64731 129 486 373 3141 358 43972
62143 356 6576 373 64731 129 486 373 9177 358 43972
62143 356 6576 373 64731 129 486 373 32038 358 43972
62143 356 6576 373 64731 129 486 373 52891 358 43972
62143 356 6576 373 64731 129 486 373 5987 358 43972
62143 356 6576 373 64731 129 486 373 53500 358 43972
62143 356 6576 373 64731 129 486 373 22941 358 43972
62143 356 6576 373 64731 129 486 373 25329 358 43972
62143 356 6576 373 64731 129 486 373 31749 358 43972
62143 356 6576 373 64731 129 486 373 74787 358 43972
62143 356 6576 373 64731 129 486 373 2488 358 43972
62143 356 6576 373 64731 129 486 373 70796 358 43972
