6587 358 65161
6587 358 9577 28 54298 358 65161
6587 358 9577 28 74735 358 65161
6587 358 9577 28 190 358 65161
6587 358 9577 28 7612 358 65161
6587 358 9577 28 66281 358 65161
6587 358 9577 28 26831 358 65161
6587 358 9577 28 31322 358 65161
6587 358 9577 28 4507 358 65161
6587 358 9577 28 42347 358 65161
6587 358 9577 28 72429 358 65161
6587 358 9577 28 15162 358 65161
6587 358 9577 28 45309 358 65161
6587 358 9577 28 58168 358 65161
6587 358 9577 28 56645 359 57906 143 65161
6587 358 9577 28 34575 332 65855 31 48224 358 65161
6587 358 9577 28 34575 332 65853 31 29243 358 65161
6587 358 9577 28 34575 332 29052 31 56093 358 65161
6587 358 9577 28 34575 332 23453 31 52748 358 65161
6587 358 9577 28 34575 369 33054 252 28345 358 65161
6587 358 9577 28 56645 359 57906 102 34794 358 65161
6587 358 9577 28 55870 28 19535 358 49793 358 65161
6587 358 9577 28 55870 28 19535 358 71899 358 65161
6587 358 9577 28 72645 359 1443 217 53540 143 26851 358 65161
6587 358 9577 28 19758 235 5281 76 61017 108 13605 358 65161
