6706 358 50528
6706 252 50528
6706 374 17058 112 38128 15 28376 294 50528
6706 374 17058 112 38128 15 28376 358 50528
6706 374 17058 112 38128 15 28376 15 50528
6706 374 17058 112 38128 382 8039 6 50528
6706 374 17058 112 38128 300 62434 211 50528
6706 374 17058 112 38128 104 69092 294 50528
6706 374 17058 112 51254 332 65856 369 50528
6706 374 17058 112 51254 369 33054 32 50528
6706 374 17058 112 53965 172 17373 373 50528
6706 374 17058 112 53965 172 17373 105 50528
6706 374 17058 112 11756 300 59812 211 50528
6706 374 17058 112 5567 104 71850 294 50528
6706 374 17058 112 54168 254 24058 196 50528
6706 374 17058 112 54168 254 72636 28 50528
6706 374 17058 112 54168 254 44531 356 50528
6706 374 17058 112 54168 254 65931 15 50528
6706 374 17058 112 13437 80 38944 91 52667 202 50528
6706 374 17058 112 13437 80 38944 91 36335 202 50528
6706 374 17058 112 13437 80 38944 28 25961 32 50528
6706 374 17058 112 13437 80 38944 151 41897 252 50528
6706 374 17058 112 13437 80 38944 369 53811 277 50528
6706 374 17058 112 13437 80 38944 252 6067 151 50528
6706 374 17058 112 13437 265 19933 277 55535 252 50528
6706 374 17058 112 13437 265 19933 277 55535 151 50528
6706 374 17058 112 13437 265 19933 277 28944 151 50528
6706 374 17058 112 13437 265 19933 75 21109 155 50528
6706 374 17058 112 13437 265 19933 222 29063 202 50528
6706 374 17058 112 13437 265 19933 373 26494 356 50528
6706 374 17058 112 13437 265 19933 332 65861 31 50528
6706 374 17058 112 13437 265 19933 332 68338 369 50528
6706 374 17058 112 13437 265 19933 332 68338 358 50528
6706 374 17058 112 10896 384 3650 282 72858 155 50528
6706 374 17058 112 10896 384 3650 124 27272 202 50528
6706 374 17058 112 10896 265 60841 75 26650 151 50528
6706 374 17058 112 10896 265 60841 75 26650 252 50528
6706 374 17058 112 10896 265 4148 75 40450 32 50528
6706 374 17058 112 10896 265 4148 75 40450 369 50528
6706 374 17058 112 10896 265 23640 75 52293 151 50528
6706 374 17058 112 10896 265 23640 75 16703 151 50528
6706 374 17058 112 10896 265 23640 75 16703 252 50528
6706 374 17058 112 38128 15 26569 369 73592 358 50528
6706 374 17058 112 38128 382 2748 332 51352 369 50528
6706 374 17058 112 38128 382 2748 332 51352 358 50528
6706 374 17058 112 38128 265 29827 222 43901 202 50528
6706 374 17058 112 38128 104 69092 294 2851 252 50528
6706 374 17058 112 38128 104 69092 294 2851 151 50528
6706 374 17058 112 38128 104 69092 294 39260 294 50528
6706 374 17058 112 38128 104 69092 294 8285 294 50528
6706 374 17058 112 38128 104 69092 294 68288 358 50528
6706 374 17058 112 38128 104 69092 294 9034 32 50528
6706 374 17058 112 38128 104 69092 294 1214 32 50528
6706 374 17058 112 38128 104 69092 294 1214 252 50528
6706 374 17058 112 48195 265 30796 75 48713 252 50528
6706 374 17058 112 48195 265 30796 75 48713 151 50528
6706 374 17058 112 45843 37 22668 91 51723 32 50528
6706 374 17058 112 28869 369 38269 277 15504 32 50528
6706 374 17058 112 28869 369 38269 277 64197 252 50528
6706 374 17058 112 28869 369 38269 277 64197 32 50528
6706 374 17058 112 28869 369 38269 277 64197 151 50528
6706 374 17058 112 28869 369 38269 277 64197 358 50528
6706 374 17058 112 28869 369 38269 151 73480 32 50528
6706 374 17058 112 44022 265 27894 277 16659 151 50528
6706 374 17058 112 22832 265 40417 75 21455 252 50528
6706 374 17058 112 22832 265 40417 75 21455 294 50528
6706 374 17058 112 22832 265 40417 75 21455 369 50528
6706 374 17058 112 22832 265 40417 75 21455 358 50528
6706 374 17058 112 69422 254 61067 63 39595 252 50528
6706 374 17058 112 51254 332 65856 31 17698 32 50528
6706 374 17058 112 51254 332 29065 31 60141 32 50528
6706 374 17058 112 51254 332 29065 31 60141 369 50528
6706 374 17058 112 51254 332 29065 31 60141 358 50528
6706 374 17058 112 51254 332 29065 31 7591 151 50528
6706 374 17058 112 51254 369 33054 277 32752 32 50528
6706 374 17058 112 51254 369 33054 277 30480 358 50528
6706 374 17058 112 51254 369 33054 151 35291 252 50528
6706 374 17058 112 51254 369 33054 151 35291 32 50528
6706 374 17058 112 51254 369 33054 151 35291 151 50528
6706 374 17058 112 11756 300 59812 211 47616 32 50528
6706 374 17058 112 11756 265 23785 277 73725 294 50528
6706 374 17058 112 11756 265 23785 277 73725 151 50528
6706 374 17058 112 11756 265 23785 277 73725 252 50528
6706 374 17058 112 11756 265 23785 277 67141 32 50528
6706 374 17058 112 11756 265 23785 277 67141 151 50528
6706 374 17058 112 11756 265 23785 277 67141 252 50528
6706 374 17058 112 11756 265 23785 277 65937 294 50528
6706 374 17058 112 11756 265 23785 277 11799 294 50528
6706 374 17058 112 11756 265 23785 277 67647 294 50528
6706 374 17058 112 11756 265 23785 277 14218 151 50528
6706 374 17058 112 11756 265 23785 277 14218 252 50528
6706 374 17058 112 11756 265 23785 277 26978 151 50528
6706 374 17058 112 11756 265 23785 277 26978 252 50528
6706 374 17058 112 11756 265 23785 277 31342 151 50528
6706 374 17058 112 11756 265 23785 277 31342 252 50528
6706 374 17058 112 11756 265 23785 277 69826 252 50528
6706 374 17058 112 11756 265 23785 277 53654 252 50528
6706 374 17058 112 11756 265 23785 277 74305 151 50528
6706 374 17058 112 11756 265 23785 277 74305 252 50528
6706 374 17058 112 11756 265 23785 277 7429 151 50528
6706 374 17058 112 11756 265 23785 277 7429 252 50528
6706 374 17058 112 11756 265 23785 277 24346 252 50528
6706 374 17058 112 11756 265 23785 277 3386 151 50528
6706 374 17058 112 11756 265 23785 277 3386 252 50528
6706 374 17058 112 11756 265 23785 277 59136 151 50528
6706 374 17058 112 11756 265 23785 277 5460 151 50528
6706 374 17058 112 11756 265 23785 277 53478 151 50528
6706 374 17058 112 11756 265 23785 277 53478 252 50528
6706 374 17058 112 11756 265 23785 277 8779 151 50528
6706 374 17058 112 11756 265 23785 277 30040 252 50528
6706 374 17058 112 11756 265 23785 277 30040 151 50528
6706 374 17058 112 11756 265 23785 277 2573 252 50528
6706 374 17058 112 11756 265 23785 277 2573 151 50528
6706 374 17058 112 11756 265 23785 277 20577 252 50528
6706 374 17058 112 11756 265 23785 396 28286 254 50528
6706 374 17058 112 11756 265 23785 396 28286 141 50528
6706 374 17058 112 11756 265 23785 186 50327 151 50528
6706 374 17058 112 11756 265 23785 75 20811 151 50528
6706 374 17058 112 11756 265 23785 75 20811 252 50528
6706 374 17058 112 11756 265 23785 75 6259 151 50528
6706 374 17058 112 11756 265 23785 75 6259 252 50528
6706 374 17058 112 11756 265 23785 272 42565 151 50528
6706 374 17058 112 11756 265 23785 373 66802 398 50528
6706 374 17058 112 48284 217 53751 382 26415 32 50528
6706 374 17058 112 48284 217 53751 382 26415 358 50528
6706 374 17058 112 48284 217 53751 382 26415 6 50528
6706 374 17058 112 36348 155 75101 8 16686 25 50528
6706 374 17058 112 54168 254 18597 382 71009 32 50528
6706 374 17058 112 54168 254 18597 382 71009 6 50528
6706 374 17058 112 54168 254 58806 332 50148 358 50528
6706 374 17058 112 54168 254 29427 75 2475 32 50528
6706 374 17058 214 50243 121 48512 385 26694 217 50528
6706 374 17058 214 50243 121 48512 385 26694 130 50528
6706 374 17058 214 50243 121 48512 385 26694 35 50528
6706 374 17058 214 50243 121 48512 385 15547 35 50528
6706 374 17058 214 50243 121 48512 385 15547 130 50528
6706 374 17058 112 13437 80 38944 28 27067 32 2272 32 50528
6706 374 17058 112 13437 85 64632 101 41154 277 9948 252 50528
6706 374 17058 112 13437 265 19933 277 72785 8 15666 25 50528
6706 374 17058 112 13437 265 19933 75 21109 32 31491 294 50528
6706 374 17058 112 13437 265 19933 75 21109 32 31491 151 50528
6706 374 17058 112 13437 265 19933 75 21109 32 31491 252 50528
6706 374 17058 112 13437 265 19933 75 67928 8 30616 25 50528
6706 374 17058 112 13437 265 19933 332 65861 31 50376 151 50528
6706 374 17058 112 13437 265 19933 332 65861 31 50376 358 50528
6706 374 17058 112 13437 265 19933 332 65861 31 50376 252 50528
6706 374 17058 112 38128 15 322 32 61102 75 2038 32 50528
6706 374 17058 112 38128 15 322 32 61102 75 31045 32 50528
6706 374 17058 112 38128 15 322 32 61102 75 31045 369 50528
6706 374 17058 112 38128 382 4399 369 40754 277 55885 32 50528
6706 374 17058 112 38128 382 4399 369 40754 277 55885 358 50528
6706 374 17058 112 38128 382 4399 369 40754 277 55885 252 50528
6706 374 17058 112 38128 300 62434 211 7341 277 7398 32 50528
6706 374 17058 112 38128 300 62434 211 7341 277 7398 151 50528
6706 374 17058 112 38128 300 62434 211 7341 277 7398 252 50528
6706 374 17058 112 26733 80 22537 310 75455 75 13704 32 50528
6706 374 17058 112 74415 265 67410 114 33504 155 59772 252 50528
6706 374 17058 112 58113 141 31974 256 9251 254 33590 32 50528
6706 374 17058 112 44022 330 72713 117 43460 334 51887 202 50528
6706 374 17058 112 51254 332 29065 31 46626 28 10121 32 50528
6706 374 17058 112 51254 369 33054 277 60779 28 30215 32 50528
6706 374 17058 112 13437 217 9911 111 7269 96 72603 256 54387 141 50528
6706 374 17058 112 13437 217 9911 111 7269 96 72603 256 54387 254 50528
6706 374 17058 112 11756 265 23785 277 14218 310 37560 383 8277 32 50528
6706 374 17058 112 11756 265 23785 277 14218 310 37560 383 8277 151 50528
6706 374 17058 112 11756 265 23785 277 14218 310 37560 383 8277 252 50528
6706 374 17058 112 75039 207 2759 122 65393 5 55115 254 4076 32 50528
6706 374 17058 112 75039 207 2759 122 65393 5 55115 254 4076 369 50528
