71955 358 17373
71955 6 17373
71955 398 27999 358 17373
71955 398 27999 15 69802 6 17373
71955 398 27999 15 53055 358 17373
71955 398 27999 15 53055 6 17373
71955 398 27999 15 20880 6 17373
71955 398 27999 15 32264 6 17373
71955 398 27999 15 48134 358 17373
71955 398 27999 15 48134 6 17373
71955 398 27999 15 42905 356 17373
71955 398 27999 15 58252 6 17373
71955 398 27999 15 58252 358 17373
71955 398 27999 15 44468 6 17373
71955 398 27999 15 47963 356 17373
71955 398 27999 15 36207 6 17373
71955 398 27999 15 36207 358 17373
71955 398 27999 15 14571 356 17373
71955 398 27999 15 53556 6 17373
71955 398 27999 15 5507 6 17373
71955 398 27999 15 34659 356 17373
71955 398 27999 15 46883 356 17373
71955 398 27999 15 67977 356 17373
71955 398 27999 15 32408 356 17373
71955 398 27999 15 36426 356 17373
71955 398 27999 15 41638 356 17373
71955 398 27999 15 73794 356 17373
71955 398 27999 15 65210 356 17373
71955 398 27999 15 3474 356 17373
71955 398 27999 15 18356 356 17373
71955 398 27999 15 56200 356 17373
71955 398 27999 15 64030 356 17373
71955 398 27999 15 52997 356 17373
71955 398 27999 15 7729 356 17373
71955 398 27999 15 26081 356 17373
71955 398 27999 15 31254 356 17373
71955 398 27999 15 48799 356 17373
71955 398 27999 15 40151 356 17373
71955 398 27999 15 70025 356 17373
71955 398 27999 15 60382 356 17373
71955 398 27999 15 46391 356 17373
71955 398 27999 15 72356 356 17373
71955 398 27999 15 3369 356 17373
71955 398 27999 15 5476 356 17373
71955 398 27999 15 39454 356 17373
71955 398 27999 15 41240 356 17373
71955 398 27999 15 13971 356 17373
71955 398 27999 15 24870 356 17373
71955 398 27999 15 15069 356 17373
71955 398 27999 15 1887 356 17373
71955 398 27999 15 20182 356 17373
71955 398 27999 15 31884 356 17373
71955 398 27999 15 53806 356 17373
71955 398 27999 15 58716 356 17373
71955 398 27999 15 8351 356 17373
71955 398 27999 15 74428 356 17373
71955 398 27999 15 15217 356 17373
71955 398 27999 15 48118 356 17373
71955 398 27999 15 41906 356 17373
71955 398 27999 15 43728 356 17373
71955 398 27999 15 51216 356 17373
71955 398 27999 15 9060 356 17373
71955 398 27999 15 40153 356 17373
71955 398 27999 15 12208 356 17373
71955 398 27999 15 52469 356 17373
71955 398 27999 15 24054 356 17373
71955 398 27999 15 65834 356 17373
71955 398 27999 15 39179 356 17373
71955 398 27999 15 36627 356 17373
71955 398 27999 15 54145 356 17373
71955 398 27999 15 8759 356 17373
71955 398 27999 15 44479 356 17373
71955 398 27999 15 56452 356 17373
71955 398 27999 15 30073 356 17373
71955 398 27999 15 14756 356 17373
71955 398 27999 15 57621 356 17373
71955 398 27999 15 57716 356 17373
71955 398 27999 15 65488 356 17373
71955 398 27999 15 37495 356 17373
71955 398 27999 15 68024 356 17373
71955 398 27999 15 27219 356 17373
71955 398 27999 15 21511 356 17373
71955 398 27999 15 23791 356 17373
71955 398 27999 15 27720 356 17373
71955 398 27999 15 68375 356 17373
71955 398 27999 15 61106 356 17373
71955 398 27999 15 5542 356 17373
71955 398 27999 15 29114 356 17373
71955 398 27999 15 35739 356 17373
71955 398 27999 15 45989 356 17373
71955 398 27999 15 62450 356 17373
71955 398 27999 15 31566 356 17373
71955 398 27999 15 70982 356 17373
71955 398 27999 15 40562 356 17373
71955 398 27999 15 61350 356 17373
71955 398 27999 15 29148 356 17373
71955 398 27999 15 46715 356 17373
71955 398 27999 15 12283 356 17373
71955 398 27999 15 1784 356 17373
71955 398 27999 15 44632 356 17373
71955 398 27999 15 24419 356 17373
71955 398 27999 15 59804 356 17373
71955 398 27999 15 27506 356 17373
71955 398 27999 15 54279 356 17373
71955 398 27999 15 43471 356 17373
71955 398 27999 15 52422 356 17373
71955 398 27999 15 38247 356 17373
71955 398 27999 15 23961 356 17373
71955 398 27999 15 51922 356 17373
71955 398 27999 15 72825 356 17373
71955 398 27999 15 9357 356 17373
71955 398 27999 15 67654 356 17373
71955 398 27999 15 51932 356 17373
71955 398 27999 15 73151 356 17373
71955 398 27999 15 59029 356 17373
71955 398 27999 15 29078 356 17373
71955 398 27999 15 8707 356 17373
71955 398 27999 15 31686 356 17373
71955 398 27999 15 17841 356 17373
71955 398 27999 15 34078 356 17373
71955 398 27999 15 35289 356 17373
71955 398 27999 15 61215 356 17373
71955 398 27999 15 18354 356 17373
71955 398 27999 15 57420 356 17373
71955 398 27999 15 56233 356 17373
71955 398 27999 15 40288 356 17373
71955 398 27999 15 48075 356 17373
71955 398 27999 15 36175 356 17373
71955 398 27999 15 23059 356 17373
71955 398 27999 15 25380 356 17373
71955 398 27999 15 68191 356 17373
71955 398 27999 15 38548 356 17373
71955 398 27999 15 6231 356 17373
71955 398 27999 15 15120 356 17373
71955 398 27999 15 34571 356 17373
71955 398 27999 15 44682 356 17373
71955 398 27999 15 20038 356 17373
71955 398 27999 15 23605 172 17373
71955 398 27999 15 23605 356 17373
71955 398 27999 15 73283 356 17373
71955 398 27999 15 26 172 17373
71955 398 27999 15 26 356 17373
71955 398 27999 15 13136 356 17373
71955 398 27999 15 66718 356 17373
71955 398 27999 15 74154 356 17373
71955 398 27999 15 48909 356 17373
71955 398 27999 15 73059 356 17373
71955 398 27999 15 47113 356 17373
71955 398 27999 15 46619 356 17373
71955 398 27999 15 33265 356 17373
71955 398 27999 15 21450 356 17373
71955 398 27999 15 44228 356 17373
71955 398 27999 15 144 356 17373
71955 398 27999 15 50069 356 17373
71955 398 27999 15 33302 356 17373
71955 398 27999 15 58524 356 17373
71955 398 27999 15 4463 356 17373
71955 398 27999 15 1311 356 17373
71955 398 27999 15 69708 356 17373
71955 398 27999 15 21392 356 17373
71955 398 27999 15 60956 356 17373
71955 398 27999 15 49319 356 17373
71955 398 27999 15 42094 356 17373
71955 398 27999 15 33321 356 17373
71955 398 27999 15 512 356 17373
71955 398 27999 15 52576 356 17373
71955 398 27999 15 49713 356 17373
71955 398 27999 15 38900 356 17373
71955 398 27999 15 39161 356 17373
71955 398 27999 15 54916 356 17373
71955 398 27999 15 35714 356 17373
71955 398 27999 15 9498 356 17373
71955 398 27999 15 71964 356 17373
71955 398 27999 15 3233 356 17373
71955 398 27999 15 28479 356 17373
71955 398 27999 15 71605 356 17373
71955 398 27999 15 61081 356 17373
71955 398 27999 15 69096 356 17373
71955 398 27999 15 3329 356 17373
71955 398 27999 15 8215 356 17373
71955 398 27999 15 24074 356 17373
71955 398 27999 15 49203 356 17373
71955 398 27999 15 33844 356 17373
71955 398 27999 15 73705 172 17373
71955 398 27999 15 73705 356 17373
71955 398 27999 15 62793 356 17373
71955 398 27999 15 71697 356 17373
71955 398 27999 15 60264 356 17373
71955 398 27999 15 61653 356 17373
71955 398 27999 15 8530 356 17373
71955 398 27999 15 31070 356 17373
71955 398 27999 15 14697 356 17373
71955 398 27999 15 72986 356 17373
71955 398 27999 15 61899 356 17373
71955 398 27999 15 69898 356 17373
71955 398 27999 15 42323 356 17373
71955 398 27999 15 64824 356 17373
71955 398 27999 15 71873 356 17373
71955 398 27999 15 65338 356 17373
71955 398 27999 15 8038 356 17373
71955 398 27999 15 62989 356 17373
71955 398 27999 15 20707 356 17373
71955 398 27999 15 584 356 17373
71955 398 27999 15 68050 172 17373
71955 398 27999 15 68050 356 17373
71955 398 27999 15 39529 356 17373
71955 398 27999 15 32227 356 17373
71955 398 27999 15 27586 356 17373
71955 398 27999 15 59453 356 17373
71955 398 27999 15 70753 356 17373
71955 398 27999 15 41656 356 17373
71955 398 27999 15 66217 356 17373
71955 398 27999 15 17332 356 17373
71955 398 27999 15 2378 356 17373
71955 398 27999 15 24423 356 17373
71955 398 27999 15 20378 356 17373
71955 398 27999 15 70412 356 17373
71955 398 27999 15 29165 356 17373
71955 398 27999 15 31860 356 17373
71955 398 27999 15 13308 356 17373
71955 398 27999 15 68556 356 17373
71955 398 27999 15 27445 356 17373
71955 398 27999 15 64953 356 17373
71955 398 27999 15 25925 356 17373
71955 398 27999 15 38042 356 17373
71955 398 27999 15 6218 356 17373
71955 398 27999 15 52996 356 17373
71955 398 27999 15 17560 356 17373
71955 398 27999 15 67638 356 17373
71955 398 27999 15 35878 356 17373
71955 398 27999 15 40100 356 17373
71955 398 27999 15 61765 356 17373
71955 398 27999 15 5221 356 17373
71955 398 27999 15 56431 356 17373
71955 398 27999 15 10730 356 17373
71955 398 27999 15 36190 356 17373
71955 398 27999 15 73430 356 17373
71955 398 27999 15 34729 356 17373
71955 398 27999 15 72852 356 17373
71955 398 27999 15 451 356 17373
71955 398 27999 15 29461 356 17373
71955 398 27999 15 68835 356 17373
71955 398 27999 15 75489 356 17373
71955 398 27999 15 75052 356 17373
71955 398 27999 15 8799 356 17373
71955 398 27999 15 34823 356 17373
71955 398 27999 15 43881 356 17373
71955 398 27999 15 64224 356 17373
71955 398 27999 15 73246 356 17373
71955 398 27999 15 53600 356 17373
71955 398 27999 15 72133 356 17373
71955 398 27999 15 59086 356 17373
71955 398 27999 15 12333 356 17373
71955 398 27999 15 2608 356 17373
71955 398 27999 15 32205 356 17373
71955 398 27999 15 15559 356 17373
71955 398 27999 15 5311 356 17373
71955 398 27999 15 64016 356 17373
71955 398 27999 15 39884 356 17373
71955 398 27999 15 8024 356 17373
71955 398 27999 15 33586 356 17373
71955 398 27999 15 42371 356 17373
71955 398 27999 15 10215 356 17373
71955 398 27999 15 22256 356 17373
71955 398 27999 15 71497 356 17373
71955 398 27999 15 7027 356 17373
71955 398 27999 15 13052 356 17373
71955 398 27999 15 65105 356 17373
71955 398 27999 15 21088 356 17373
71955 398 27999 15 73843 356 17373
71955 398 27999 15 43584 356 17373
71955 398 27999 15 56076 356 17373
71955 398 27999 15 34116 356 17373
71955 398 27999 15 41922 356 17373
71955 398 27999 15 28440 356 17373
71955 398 27999 15 71822 356 17373
71955 398 27999 15 42158 356 17373
71955 398 27999 15 28213 356 17373
71955 398 27999 15 53290 356 17373
71955 398 27999 15 42084 356 17373
71955 398 27999 15 25797 356 17373
71955 398 27999 15 63496 356 17373
71955 398 27999 15 22523 356 17373
71955 398 27999 15 37024 356 17373
71955 398 27999 15 9452 356 17373
71955 398 27999 15 16715 356 17373
71955 398 27999 15 22108 356 17373
71955 398 27999 15 49817 356 17373
71955 398 27999 15 12972 356 17373
71955 398 27999 15 50411 356 17373
71955 398 27999 15 36304 356 17373
71955 398 27999 15 31974 356 17373
71955 398 27999 15 38239 356 17373
71955 398 27999 15 37537 356 17373
71955 398 27999 15 25108 356 17373
71955 398 27999 15 61524 356 17373
71955 398 27999 15 68291 356 17373
71955 398 27999 15 56234 356 17373
71955 398 27999 15 58870 356 17373
71955 398 27999 15 32764 356 17373
71955 398 27999 15 70206 356 17373
71955 398 27999 15 74725 356 17373
71955 398 27999 15 28220 356 17373
71955 398 27999 15 65238 356 17373
71955 398 27999 15 48167 356 17373
71955 398 27999 15 6050 356 17373
71955 398 27999 15 38644 356 17373
71955 398 27999 15 37085 356 17373
71955 398 27999 15 1107 356 17373
71955 398 27999 15 10925 356 17373
71955 398 27999 15 29999 356 17373
71955 398 27999 15 20446 356 17373
71955 398 27999 15 5325 356 17373
71955 398 27999 15 60963 356 17373
71955 398 27999 15 37398 356 17373
71955 398 27999 15 7384 356 17373
71955 398 27999 15 7510 356 17373
71955 398 27999 15 18069 356 17373
71955 398 27999 15 28831 356 17373
71955 398 27999 15 42032 356 17373
71955 398 27999 15 70678 356 17373
71955 398 27999 15 55431 356 17373
71955 398 27999 15 27157 356 17373
71955 398 27999 15 52760 356 17373
71955 398 27999 15 15226 356 17373
71955 398 27999 15 14024 356 17373
71955 398 27999 15 2139 356 17373
71955 398 27999 15 59395 356 17373
71955 398 27999 15 31782 356 17373
71955 398 27999 15 55406 356 17373
71955 398 27999 15 12636 356 17373
71955 398 27999 15 68026 356 17373
71955 398 27999 15 22543 356 17373
71955 398 27999 15 37619 356 17373
71955 398 27999 15 69864 356 17373
71955 398 27999 15 70448 356 17373
71955 398 27999 15 30998 356 17373
71955 398 27999 15 2590 356 17373
71955 398 27999 15 58305 356 17373
71955 398 27999 15 29735 356 17373
71955 398 27999 15 8798 356 17373
71955 398 27999 15 5147 356 17373
71955 398 27999 15 65027 356 17373
71955 398 27999 15 53580 356 17373
71955 398 27999 15 26810 358 17373
71955 398 27999 15 28778 356 17373
71955 398 27999 15 64431 356 17373
71955 398 27999 15 69618 356 17373
71955 398 27999 15 20474 356 17373
71955 398 27999 15 31136 356 17373
71955 398 27999 15 6698 356 17373
71955 398 27999 15 25545 356 17373
71955 398 27999 15 4011 356 17373
71955 398 27999 15 13212 356 17373
71955 398 27999 15 57269 356 17373
71955 398 27999 15 36966 356 17373
71955 398 27999 15 7047 356 17373
71955 398 27999 15 37806 356 17373
71955 398 27999 15 74119 356 17373
71955 398 27999 15 52677 356 17373
71955 398 27999 15 69606 356 17373
71955 398 27999 15 75305 356 17373
71955 398 27999 15 16058 356 17373
71955 398 27999 15 50219 356 17373
71955 398 27999 15 43699 356 17373
71955 398 27999 15 24970 356 17373
71955 398 27999 15 16243 356 17373
71955 398 27999 15 65329 356 17373
71955 398 27999 15 10031 356 17373
71955 398 27999 15 49799 356 17373
71955 398 27999 15 39670 356 17373
71955 398 27999 15 62969 356 17373
71955 398 27999 15 46944 356 17373
71955 398 27999 15 66939 356 17373
71955 398 27999 15 57866 356 17373
71955 398 27999 15 30060 356 17373
71955 398 27999 15 3441 356 17373
71955 398 27999 15 16030 356 17373
71955 398 27999 15 2875 356 17373
71955 398 27999 15 34667 356 17373
71955 398 27999 15 41358 356 17373
71955 398 27999 15 66624 356 17373
71955 398 27999 15 66049 356 17373
71955 398 27999 15 67972 356 17373
71955 398 27999 15 18149 356 17373
71955 398 27999 15 54248 356 17373
71955 398 27999 15 46058 356 17373
71955 398 27999 15 34412 356 17373
71955 398 27999 15 2096 356 17373
71955 398 27999 28 37486 6 17373
71955 398 27999 105 33630 356 17373
71955 398 27999 105 63119 147 17373
71955 398 27999 105 25328 356 17373
71955 398 27999 105 6593 356 17373
71955 398 27999 105 16308 356 17373
71955 398 27999 105 39113 356 17373
71955 398 27999 105 25916 356 17373
71955 398 27999 382 68170 356 17373
71955 398 27999 382 42635 356 17373
71955 398 27999 382 18049 356 17373
71955 398 27999 382 52841 356 17373
71955 398 27999 382 50368 356 17373
71955 398 27999 382 2448 356 17373
71955 398 27999 382 32592 356 17373
71955 398 27999 382 33700 356 17373
71955 398 27999 382 62198 356 17373
71955 398 27999 382 54676 356 17373
71955 398 27999 382 71707 356 17373
71955 398 27999 382 67486 356 17373
71955 398 27999 382 67340 356 17373
71955 398 27999 382 72240 356 17373
71955 398 27999 382 7955 356 17373
71955 398 27999 382 54529 356 17373
71955 398 27999 382 33817 356 17373
71955 398 27999 382 58933 356 17373
71955 398 27999 382 46357 356 17373
71955 398 27999 382 57383 356 17373
71955 398 27999 382 47572 356 17373
71955 398 27999 382 54966 356 17373
71955 398 27999 382 64294 356 17373
71955 398 27999 382 7634 356 17373
71955 398 27999 382 25522 356 17373
71955 398 27999 382 68100 356 17373
71955 398 27999 382 19261 356 17373
71955 398 27999 382 24068 356 17373
71955 398 27999 382 41490 356 17373
71955 398 27999 382 19492 356 17373
71955 398 27999 382 36371 356 17373
71955 398 27999 382 48218 356 17373
71955 398 27999 382 67137 356 17373
71955 398 27999 382 34553 356 17373
71955 398 27999 382 72076 356 17373
71955 398 27999 382 39803 356 17373
71955 398 27999 382 73829 356 17373
71955 398 27999 382 49488 356 17373
71955 398 27999 382 49520 356 17373
71955 398 27999 382 19614 356 17373
71955 398 27999 382 56035 356 17373
71955 398 27999 382 45568 356 17373
71955 398 27999 382 52287 356 17373
71955 398 27999 382 47165 172 17373
71955 398 27999 382 47165 356 17373
71955 398 27999 382 58773 356 17373
71955 398 27999 382 35325 356 17373
71955 398 27999 382 54684 356 17373
71955 398 27999 382 18240 356 17373
71955 398 27999 382 60464 356 17373
71955 398 27999 382 7460 356 17373
71955 398 27999 382 20149 356 17373
71955 398 27999 358 51755 373 17373
71955 398 27999 358 51755 172 17373
71955 398 27999 358 51755 111 17373
71955 398 27999 358 51755 105 17373
71955 398 27999 358 51755 356 17373
71955 398 27999 358 51755 163 17373
71955 398 27999 15 52997 155 60562 172 17373
71955 398 27999 15 52997 155 60562 356 17373
71955 398 27999 15 40151 363 30161 114 17373
71955 398 27999 15 40151 63 45593 114 17373
71955 398 27999 15 30073 82 2759 122 17373
71955 398 27999 15 35739 96 50465 172 17373
71955 398 27999 15 35739 96 50465 356 17373
71955 398 27999 15 23605 275 49212 172 17373
71955 398 27999 15 23605 275 49212 147 17373
71955 398 27999 15 26 275 74693 172 17373
71955 398 27999 15 26 275 74693 356 17373
71955 398 27999 15 26 63 75101 172 17373
71955 398 27999 15 66718 363 73260 114 17373
71955 398 27999 15 73705 96 49856 172 17373
71955 398 27999 15 73705 96 49856 356 17373
71955 398 27999 15 68050 96 59050 172 17373
71955 398 27999 15 68050 96 59050 356 17373
71955 398 27999 15 68050 96 38364 356 17373
71955 398 27999 15 68050 96 66837 172 17373
71955 398 27999 15 68050 96 66837 356 17373
71955 398 27999 15 59453 275 25656 356 17373
71955 398 27999 15 38042 96 71720 356 17373
71955 398 27999 15 8799 96 17729 356 17373
71955 398 27999 15 2608 155 48050 172 17373
71955 398 27999 15 2608 155 48050 356 17373
71955 398 27999 15 9452 363 40115 114 17373
71955 398 27999 15 31974 96 9976 172 17373
71955 398 27999 15 31974 96 9976 356 17373
71955 398 27999 15 2139 96 26841 356 17373
71955 398 27999 15 58305 363 9894 114 17373
71955 398 27999 15 29735 363 69479 114 17373
71955 398 27999 15 62969 155 4148 172 17373
71955 398 27999 15 62969 155 4148 356 17373
71955 398 27999 15 18149 32 51363 147 17373
71955 398 27999 15 18149 32 51363 172 17373
71955 398 27999 105 39113 252 21458 172 17373
71955 398 27999 105 39113 252 21458 358 17373
71955 398 27999 358 51755 28 34795 358 17373
71955 398 27999 358 51755 28 49829 358 17373
71955 398 27999 358 51755 28 48096 358 17373
71955 398 27999 358 51755 28 53965 172 17373
71955 398 27999 358 51755 28 53965 358 17373
71955 398 27999 358 51755 28 24856 172 17373
71955 398 27999 358 51755 28 24856 147 17373
71955 398 27999 358 51755 28 24856 358 17373
71955 398 27999 358 51755 28 41411 6 17373
71955 398 27999 358 51755 28 41411 358 17373
71955 398 27999 358 51755 28 40059 358 17373
71955 398 27999 358 51755 28 34485 358 17373
71955 398 27999 358 51755 28 17965 172 17373
71955 398 27999 358 51755 28 17965 358 17373
71955 398 27999 358 51755 28 38507 172 17373
71955 398 27999 358 51755 28 38507 147 17373
71955 398 27999 358 51755 28 38507 358 17373
71955 398 27999 358 51755 28 42979 358 17373
71955 398 27999 358 51755 28 45185 172 17373
71955 398 27999 358 51755 28 45185 147 17373
71955 398 27999 358 51755 28 45185 358 17373
71955 398 27999 358 51755 28 44760 358 17373
71955 398 27999 358 51755 28 38269 172 17373
71955 398 27999 358 51755 28 38269 147 17373
71955 398 27999 358 51755 28 38269 358 17373
71955 398 27999 358 51755 28 11152 358 17373
71955 398 27999 358 51755 28 54994 172 17373
71955 398 27999 358 51755 28 54994 147 17373
71955 398 27999 358 51755 28 54994 358 17373
71955 398 27999 358 51755 28 46948 147 17373
71955 398 27999 358 51755 28 46948 358 17373
71955 398 27999 358 51755 28 75261 172 17373
71955 398 27999 358 51755 28 75261 147 17373
71955 398 27999 358 51755 28 75261 358 17373
71955 398 27999 358 51755 28 6514 6 17373
71955 398 27999 358 51755 28 6514 147 17373
71955 398 27999 358 51755 28 6514 358 17373
71955 398 27999 358 51755 373 65501 356 17373
71955 398 27999 358 51755 373 65501 172 17373
71955 398 27999 358 51755 373 70892 356 17373
71955 398 27999 358 51755 373 16290 356 17373
71955 398 27999 358 51755 373 5225 356 17373
71955 398 27999 358 51755 373 12877 356 17373
71955 398 27999 358 51755 373 44431 356 17373
71955 398 27999 358 51755 373 43643 356 17373
71955 398 27999 358 51755 373 67997 356 17373
71955 398 27999 358 51755 373 1386 172 17373
71955 398 27999 358 51755 373 1386 356 17373
71955 398 27999 358 51755 373 70930 356 17373
71955 398 27999 358 51755 373 10766 172 17373
71955 398 27999 358 51755 373 10766 356 17373
71955 398 27999 358 51755 373 56995 356 17373
71955 398 27999 358 51755 373 6529 172 17373
71955 398 27999 358 51755 373 6529 356 17373
71955 398 27999 358 51755 373 61103 172 17373
71955 398 27999 358 51755 373 61103 356 17373
71955 398 27999 358 51755 373 75263 356 17373
71955 398 27999 358 51755 373 46283 356 17373
71955 398 27999 358 51755 373 34738 356 17373
71955 398 27999 358 51755 373 62056 356 17373
71955 398 27999 358 51755 373 19354 356 17373
71955 398 27999 358 51755 373 29827 356 17373
71955 398 27999 358 51755 373 38619 172 17373
71955 398 27999 358 51755 373 38619 356 17373
71955 398 27999 358 51755 373 27894 172 17373
71955 398 27999 358 51755 373 27894 356 17373
71955 398 27999 358 51755 373 9755 356 17373
71955 398 27999 358 51755 373 29427 172 17373
71955 398 27999 358 51755 373 29427 356 17373
71955 398 27999 358 51755 373 22622 356 17373
71955 398 27999 358 51755 373 19024 172 17373
71955 398 27999 358 51755 373 19024 356 17373
71955 398 27999 358 51755 373 73850 356 17373
71955 398 27999 358 51755 373 1620 172 17373
71955 398 27999 358 51755 373 1620 356 17373
71955 398 27999 15 32264 32 66047 75 2030 356 17373
71955 398 27999 15 32264 32 66047 75 2030 172 17373
71955 398 27999 15 32264 32 66047 252 60841 172 17373
71955 398 27999 15 32264 32 66047 252 60841 356 17373
71955 398 27999 15 34659 119 53732 295 61067 356 17373
71955 398 27999 15 34659 119 53732 295 61067 172 17373
71955 398 27999 15 34659 119 53732 295 12245 356 17373
71955 398 27999 15 34659 119 53732 295 12792 356 17373
71955 398 27999 15 34659 119 53732 295 45075 356 17373
71955 398 27999 15 34659 119 53732 295 51546 356 17373
71955 398 27999 15 34659 119 53732 295 39125 356 17373
71955 398 27999 15 34659 119 53732 295 816 356 17373
71955 398 27999 15 34659 119 53732 295 71905 356 17373
71955 398 27999 15 34659 119 53732 295 68227 356 17373
71955 398 27999 15 34659 119 53732 295 51239 356 17373
71955 398 27999 15 34659 119 53732 295 8671 356 17373
71955 398 27999 15 34659 119 53732 295 19067 356 17373
71955 398 27999 15 34659 119 53732 295 52095 356 17373
71955 398 27999 15 34659 119 53732 295 2070 356 17373
71955 398 27999 15 34659 119 53732 295 61457 356 17373
71955 398 27999 15 34659 119 53732 295 64512 356 17373
71955 398 27999 15 34659 119 53732 295 1415 356 17373
71955 398 27999 15 34659 119 53732 295 69213 356 17373
71955 398 27999 15 34659 119 53732 295 15452 356 17373
71955 398 27999 15 34659 119 53732 295 4020 356 17373
71955 398 27999 15 34659 119 53732 295 52520 356 17373
71955 398 27999 15 34659 119 53732 295 27307 356 17373
71955 398 27999 15 34659 119 53732 295 1687 356 17373
71955 398 27999 15 34659 119 53732 295 54800 356 17373
71955 398 27999 15 34659 119 53732 295 26505 356 17373
71955 398 27999 15 34659 119 53732 295 34293 356 17373
71955 398 27999 15 34659 119 53732 295 46910 356 17373
71955 398 27999 15 34659 119 53732 295 67852 356 17373
71955 398 27999 15 34659 119 53732 295 25115 356 17373
71955 398 27999 15 34659 119 53732 295 37389 356 17373
71955 398 27999 15 34659 119 53732 295 19853 356 17373
71955 398 27999 15 34659 119 53732 295 8654 356 17373
71955 398 27999 15 34659 119 53732 295 51528 356 17373
71955 398 27999 15 34659 119 53732 295 23286 356 17373
71955 398 27999 15 34659 119 53732 295 40856 356 17373
71955 398 27999 15 34659 119 53732 295 72120 356 17373
71955 398 27999 15 34659 119 53732 295 4573 356 17373
71955 398 27999 15 34659 119 53732 295 35471 356 17373
71955 398 27999 15 34659 119 53732 295 70581 356 17373
71955 398 27999 15 34659 119 53732 295 28015 356 17373
71955 398 27999 15 34659 119 53732 295 13927 356 17373
71955 398 27999 15 34659 119 53732 295 17351 356 17373
71955 398 27999 15 34659 119 53732 295 54291 356 17373
71955 398 27999 15 34659 119 53732 295 41163 356 17373
71955 398 27999 15 34659 119 53732 295 74711 356 17373
71955 398 27999 15 34659 119 53732 295 66375 356 17373
71955 398 27999 15 34659 119 53732 295 75379 356 17373
71955 398 27999 15 34659 119 53732 295 3852 356 17373
71955 398 27999 15 34659 119 53732 295 22201 356 17373
71955 398 27999 15 34659 119 53732 295 50843 356 17373
71955 398 27999 15 34659 119 53732 295 24308 356 17373
71955 398 27999 15 34659 119 53732 295 61463 356 17373
71955 398 27999 15 34659 119 53732 295 8690 356 17373
71955 398 27999 15 34659 119 53732 295 2982 356 17373
71955 398 27999 15 34659 119 53732 295 33977 356 17373
71955 398 27999 15 34659 119 53732 295 14360 356 17373
71955 398 27999 15 34659 119 53732 295 17740 356 17373
71955 398 27999 15 34659 119 53732 295 37108 356 17373
71955 398 27999 15 34659 119 53732 295 31747 356 17373
71955 398 27999 15 34659 119 53732 295 51278 356 17373
71955 398 27999 15 34659 119 53732 295 43522 356 17373
71955 398 27999 15 34659 119 53732 295 72388 356 17373
71955 398 27999 15 34659 119 53732 295 60950 356 17373
71955 398 27999 15 34659 119 53732 295 43165 356 17373
71955 398 27999 15 34659 119 53732 295 7359 356 17373
71955 398 27999 15 34659 119 53732 295 72949 356 17373
71955 398 27999 15 34659 119 53732 295 59494 356 17373
71955 398 27999 15 34659 119 53732 295 41938 356 17373
71955 398 27999 15 34659 119 53732 295 66272 356 17373
71955 398 27999 15 34659 119 53732 295 57860 356 17373
71955 398 27999 15 34659 119 53732 295 45923 356 17373
71955 398 27999 15 34659 119 53732 295 45541 356 17373
71955 398 27999 15 34659 119 53732 295 73180 356 17373
71955 398 27999 15 34659 119 53732 295 5805 356 17373
71955 398 27999 15 34659 119 53732 295 67571 356 17373
71955 398 27999 15 34659 119 53732 295 50103 356 17373
71955 398 27999 15 34659 119 53732 295 4355 356 17373
71955 398 27999 15 34659 119 53732 295 37963 356 17373
71955 398 27999 15 34659 119 53732 295 13977 356 17373
71955 398 27999 15 34659 119 53732 295 27643 356 17373
71955 398 27999 15 34659 119 53732 295 60062 356 17373
71955 398 27999 15 34659 119 53732 295 49749 356 17373
71955 398 27999 15 34659 119 53732 295 10655 356 17373
71955 398 27999 15 34659 119 53732 295 30946 356 17373
71955 398 27999 15 34659 119 53732 295 65450 356 17373
71955 398 27999 15 34659 119 53732 295 71463 356 17373
71955 398 27999 15 34659 119 53732 295 28794 356 17373
71955 398 27999 15 34659 119 53732 295 4061 356 17373
71955 398 27999 15 34659 119 53732 295 71630 356 17373
71955 398 27999 15 34659 119 53732 295 65827 356 17373
71955 398 27999 15 34659 119 53732 295 22500 356 17373
71955 398 27999 15 34659 119 53732 295 8886 356 17373
71955 398 27999 15 34659 119 53732 295 27016 356 17373
71955 398 27999 15 34659 119 53732 295 44436 356 17373
71955 398 27999 15 34659 119 53732 295 70437 356 17373
71955 398 27999 15 34659 119 53732 295 48533 356 17373
71955 398 27999 15 34659 119 53732 295 49346 356 17373
71955 398 27999 15 34659 119 53732 295 49625 356 17373
71955 398 27999 15 34659 119 53732 295 42080 356 17373
71955 398 27999 15 34659 119 53732 295 7194 356 17373
71955 398 27999 15 34659 119 53732 295 4106 356 17373
71955 398 27999 15 34659 119 53732 295 8803 356 17373
71955 398 27999 15 34659 119 53732 295 1142 356 17373
71955 398 27999 15 34659 119 53732 295 3715 356 17373
71955 398 27999 15 34659 119 53732 295 42351 356 17373
71955 398 27999 15 34659 119 53732 295 237 356 17373
71955 398 27999 15 34659 119 53732 295 27892 356 17373
71955 398 27999 15 34659 119 53732 295 62342 356 17373
71955 398 27999 15 34659 119 53732 295 17664 356 17373
71955 398 27999 15 34659 119 53732 295 14920 356 17373
71955 398 27999 15 34659 119 53732 295 694 356 17373
71955 398 27999 15 34659 119 53732 295 53447 356 17373
71955 398 27999 15 34659 119 53732 295 49797 356 17373
71955 398 27999 15 34659 119 53732 295 57403 356 17373
71955 398 27999 15 34659 119 53732 295 44444 356 17373
71955 398 27999 15 34659 119 53732 295 28578 356 17373
71955 398 27999 15 34659 119 53732 295 61600 356 17373
71955 398 27999 15 34659 119 53732 295 43514 356 17373
71955 398 27999 15 34659 119 53732 295 69343 356 17373
71955 398 27999 15 34659 119 53732 295 63545 356 17373
71955 398 27999 15 34659 119 53732 295 67573 356 17373
71955 398 27999 15 34659 119 53732 295 5680 356 17373
71955 398 27999 15 34659 119 53732 295 51076 356 17373
71955 398 27999 15 34659 119 53732 295 64490 356 17373
71955 398 27999 15 34659 119 53732 295 65980 356 17373
71955 398 27999 15 34659 119 53732 295 57468 356 17373
71955 398 27999 15 34659 119 53732 295 53338 356 17373
71955 398 27999 15 34659 119 53732 295 40372 356 17373
71955 398 27999 15 34659 119 53732 295 57336 356 17373
71955 398 27999 15 34659 119 53732 295 17317 356 17373
71955 398 27999 15 34659 119 53732 295 60399 356 17373
71955 398 27999 15 34659 119 53732 295 22467 356 17373
71955 398 27999 15 34659 119 53732 295 66667 356 17373
71955 398 27999 15 34659 119 53732 295 8681 356 17373
71955 398 27999 15 34659 119 53732 295 64638 356 17373
71955 398 27999 15 34659 119 53732 295 56765 356 17373
71955 398 27999 15 34659 119 53732 295 66262 356 17373
71955 398 27999 15 34659 119 53732 295 8975 356 17373
71955 398 27999 15 34659 119 53732 295 58955 356 17373
71955 398 27999 15 34659 119 53732 295 50839 356 17373
71955 398 27999 15 34659 119 53732 295 767 356 17373
71955 398 27999 15 34659 119 53732 295 40638 356 17373
71955 398 27999 15 34659 119 53732 295 22629 356 17373
71955 398 27999 15 34659 119 53732 295 45330 356 17373
71955 398 27999 15 34659 119 53732 295 73141 356 17373
71955 398 27999 15 34659 119 53732 295 69738 356 17373
71955 398 27999 15 34659 119 53732 295 16512 356 17373
71955 398 27999 15 34659 119 53732 295 9771 356 17373
71955 398 27999 15 34659 119 53732 295 74295 356 17373
71955 398 27999 15 34659 119 53732 295 22204 356 17373
71955 398 27999 15 34659 119 53732 295 49205 356 17373
71955 398 27999 15 34659 119 53732 295 74402 356 17373
71955 398 27999 15 34659 119 53732 295 11446 356 17373
71955 398 27999 15 34659 119 53732 295 67904 356 17373
71955 398 27999 15 34659 119 53732 295 18838 356 17373
71955 398 27999 15 34659 119 53732 295 21065 356 17373
71955 398 27999 15 34659 119 53732 295 26451 356 17373
71955 398 27999 15 34659 119 53732 295 70511 356 17373
71955 398 27999 15 34659 119 53732 295 57566 356 17373
71955 398 27999 15 34659 119 53732 295 56888 356 17373
71955 398 27999 15 34659 119 53732 295 530 356 17373
71955 398 27999 15 34659 119 53732 295 11864 356 17373
71955 398 27999 15 34659 119 53732 295 18876 356 17373
71955 398 27999 15 34659 119 53732 295 40193 356 17373
71955 398 27999 15 34659 119 53732 295 957 356 17373
71955 398 27999 15 34659 119 53732 295 67401 356 17373
71955 398 27999 15 34659 119 53732 295 29482 356 17373
71955 398 27999 15 34659 119 53732 295 47814 356 17373
71955 398 27999 15 34659 119 53732 295 26113 356 17373
71955 398 27999 15 34659 119 53732 295 33893 356 17373
71955 398 27999 15 34659 119 53732 295 71267 356 17373
71955 398 27999 15 34659 119 53732 295 19283 356 17373
71955 398 27999 15 34659 119 53732 295 21966 356 17373
71955 398 27999 15 34659 119 53732 295 4671 356 17373
71955 398 27999 15 34659 119 53732 295 30893 356 17373
71955 398 27999 15 34659 119 53732 295 14788 356 17373
71955 398 27999 15 34659 119 53732 295 68766 356 17373
71955 398 27999 15 34659 119 53732 295 40910 356 17373
71955 398 27999 15 34659 119 53732 295 69603 356 17373
71955 398 27999 15 34659 119 53732 295 19246 356 17373
71955 398 27999 15 34659 119 53732 295 2404 356 17373
71955 398 27999 15 34659 119 53732 295 6374 147 17373
71955 398 27999 15 34659 119 53732 295 57500 356 17373
71955 398 27999 15 34659 119 53732 295 64459 356 17373
71955 398 27999 15 34659 119 53732 295 25286 356 17373
71955 398 27999 15 34659 119 53732 295 73977 356 17373
71955 398 27999 15 34659 119 53732 295 18825 356 17373
71955 398 27999 15 34659 119 53732 295 50266 356 17373
71955 398 27999 15 34659 119 53732 295 11656 356 17373
71955 398 27999 15 34659 119 53732 295 22275 356 17373
71955 398 27999 15 34659 119 53732 295 68058 172 17373
71955 398 27999 15 34659 119 53732 295 68058 356 17373
71955 398 27999 15 34659 119 53732 295 56216 147 17373
71955 398 27999 15 34659 119 53732 295 11039 356 17373
71955 398 27999 15 34659 119 53732 295 10372 356 17373
71955 398 27999 15 34659 119 53732 295 61758 356 17373
71955 398 27999 15 34659 119 53732 295 42116 356 17373
71955 398 27999 15 34659 119 53732 295 53028 356 17373
71955 398 27999 15 34659 119 53732 295 8187 356 17373
71955 398 27999 15 34659 119 53732 295 67749 356 17373
71955 398 27999 15 34659 119 53732 295 15981 356 17373
71955 398 27999 15 34659 119 53732 295 14587 356 17373
71955 398 27999 15 34659 119 53732 295 17724 356 17373
71955 398 27999 15 34659 119 53732 295 15197 356 17373
71955 398 27999 15 34659 119 53732 295 42986 356 17373
71955 398 27999 15 34659 119 53732 295 22791 356 17373
71955 398 27999 15 34659 119 53732 295 22727 356 17373
71955 398 27999 15 34659 119 53732 295 9267 356 17373
71955 398 27999 15 34659 119 53732 295 47827 356 17373
71955 398 27999 15 34659 119 53732 295 43752 356 17373
71955 398 27999 15 34659 119 53732 295 44135 356 17373
71955 398 27999 15 34659 119 53732 295 63094 356 17373
71955 398 27999 15 34659 119 53732 295 59611 356 17373
71955 398 27999 15 34659 119 53732 295 34626 356 17373
71955 398 27999 15 34659 119 53732 295 24545 356 17373
71955 398 27999 15 34659 119 53732 295 7143 356 17373
71955 398 27999 15 34659 119 53732 295 60638 356 17373
71955 398 27999 15 34659 119 53732 295 68866 356 17373
71955 398 27999 15 34659 119 53732 295 31095 356 17373
71955 398 27999 15 34659 119 53732 295 54647 356 17373
71955 398 27999 15 34659 119 53732 295 66878 356 17373
71955 398 27999 15 34659 119 53732 295 60506 356 17373
71955 398 27999 15 34659 119 53732 295 47644 356 17373
71955 398 27999 15 34659 119 53732 295 54588 356 17373
71955 398 27999 15 34659 119 53732 295 36927 356 17373
71955 398 27999 15 34659 119 53732 295 67045 356 17373
71955 398 27999 15 34659 119 53732 295 74834 356 17373
71955 398 27999 15 34659 119 53732 295 2544 356 17373
71955 398 27999 15 34659 119 53732 295 36824 356 17373
71955 398 27999 15 34659 119 53732 295 12996 356 17373
71955 398 27999 15 34659 119 53732 295 5435 356 17373
71955 398 27999 15 34659 119 53732 295 6837 356 17373
71955 398 27999 15 34659 119 53732 295 57464 356 17373
71955 398 27999 15 34659 119 53732 295 61927 356 17373
71955 398 27999 15 34659 119 53732 295 11062 356 17373
71955 398 27999 15 34659 119 53732 295 27235 356 17373
71955 398 27999 15 34659 119 53732 295 54040 356 17373
71955 398 27999 15 34659 119 53732 295 46053 356 17373
71955 398 27999 15 34659 119 53732 295 62085 356 17373
71955 398 27999 15 34659 119 53732 295 27878 356 17373
71955 398 27999 15 34659 119 53732 295 50072 356 17373
71955 398 27999 15 34659 119 53732 295 64426 356 17373
71955 398 27999 15 34659 119 53732 295 36661 356 17373
71955 398 27999 15 34659 119 53732 295 3986 356 17373
71955 398 27999 15 34659 119 53732 295 38026 356 17373
71955 398 27999 15 34659 119 53732 295 44339 356 17373
71955 398 27999 15 34659 119 53732 295 41432 356 17373
71955 398 27999 15 34659 119 53732 295 11040 356 17373
71955 398 27999 15 34659 119 53732 295 61678 356 17373
71955 398 27999 15 34659 119 53732 295 16178 356 17373
71955 398 27999 15 34659 119 53732 295 48783 356 17373
71955 398 27999 15 34659 119 53732 295 31590 356 17373
71955 398 27999 15 34659 119 53732 295 42835 356 17373
71955 398 27999 15 34659 119 53732 295 68287 356 17373
71955 398 27999 15 34659 119 53732 295 1104 356 17373
71955 398 27999 15 34659 119 53732 295 12422 356 17373
71955 398 27999 15 34659 119 53732 295 35184 356 17373
71955 398 27999 15 34659 119 53732 295 4952 356 17373
71955 398 27999 15 34659 119 53732 295 4297 356 17373
71955 398 27999 15 34659 119 53732 295 41468 356 17373
71955 398 27999 15 34659 119 53732 295 45426 356 17373
71955 398 27999 15 34659 119 53732 295 17929 356 17373
71955 398 27999 15 34659 119 53732 295 50634 356 17373
71955 398 27999 15 34659 119 53732 295 58312 356 17373
71955 398 27999 15 34659 119 53732 295 28256 356 17373
71955 398 27999 15 34659 119 53732 295 59118 356 17373
71955 398 27999 15 34659 119 53732 295 64537 356 17373
71955 398 27999 15 34659 119 53732 295 55130 356 17373
71955 398 27999 15 34659 119 53732 295 43741 356 17373
71955 398 27999 15 34659 119 53732 295 40255 356 17373
71955 398 27999 15 34659 119 53732 295 53888 356 17373
71955 398 27999 15 34659 119 53732 295 37640 356 17373
71955 398 27999 15 34659 119 53732 295 66749 356 17373
71955 398 27999 15 34659 119 53732 295 16354 356 17373
71955 398 27999 15 34659 119 53732 295 62631 356 17373
71955 398 27999 15 34659 119 53732 295 24286 356 17373
71955 398 27999 15 34659 119 53732 295 19095 356 17373
71955 398 27999 15 34659 119 53732 295 20547 356 17373
71955 398 27999 15 34659 119 53732 295 8324 356 17373
71955 398 27999 15 34659 119 53732 295 48785 356 17373
71955 398 27999 15 34659 119 53732 295 49150 356 17373
71955 398 27999 15 34659 119 53732 295 41228 356 17373
71955 398 27999 15 34659 119 53732 295 23686 356 17373
71955 398 27999 15 34659 119 53732 295 59458 356 17373
71955 398 27999 15 34659 119 53732 295 2545 356 17373
71955 398 27999 15 34659 119 53732 295 33594 356 17373
71955 398 27999 15 34659 119 53732 295 13630 356 17373
71955 398 27999 15 34659 119 53732 295 9119 356 17373
71955 398 27999 15 34659 119 53732 295 32534 356 17373
71955 398 27999 15 34659 119 53732 295 38639 356 17373
71955 398 27999 15 34659 119 53732 295 74569 356 17373
71955 398 27999 15 34659 119 53732 295 10908 356 17373
71955 398 27999 15 34659 119 53732 295 60296 356 17373
71955 398 27999 15 34659 119 53732 387 20593 114 17373
71955 398 27999 15 34659 119 53732 387 3766 114 17373
71955 398 27999 15 34659 119 53732 387 64014 114 17373
71955 398 27999 15 34659 119 53732 387 33121 114 17373
71955 398 27999 15 34659 119 53732 387 62608 114 17373
71955 398 27999 15 34659 119 53732 387 3482 114 17373
71955 398 27999 15 34659 119 53732 387 73449 114 17373
71955 398 27999 15 34659 119 53732 387 39210 114 17373
71955 398 27999 15 34659 119 53732 387 23491 114 17373
71955 398 27999 15 34659 119 53732 387 28917 114 17373
71955 398 27999 15 34659 119 53732 387 10248 114 17373
71955 398 27999 15 34659 119 53732 387 35583 114 17373
71955 398 27999 15 34659 119 53732 387 36053 114 17373
71955 398 27999 15 34659 119 53732 387 9112 114 17373
71955 398 27999 15 34659 119 53732 387 7295 114 17373
71955 398 27999 15 34659 119 53732 387 48848 114 17373
71955 398 27999 15 34659 119 53732 387 41779 114 17373
71955 398 27999 15 34659 119 53732 387 14200 114 17373
71955 398 27999 15 34659 119 53732 387 33767 114 17373
71955 398 27999 15 34659 119 53732 387 71746 114 17373
71955 398 27999 15 34659 119 53732 387 50961 114 17373
71955 398 27999 15 34659 119 53732 387 55401 114 17373
71955 398 27999 15 34659 119 53732 387 71659 114 17373
71955 398 27999 15 34659 119 53732 387 22572 114 17373
71955 398 27999 15 34659 119 53732 387 10930 114 17373
71955 398 27999 15 34659 119 53732 387 26975 114 17373
71955 398 27999 15 34659 119 53732 387 63420 114 17373
71955 398 27999 15 34659 119 53732 387 59942 114 17373
71955 398 27999 15 34659 119 53732 387 10463 114 17373
71955 398 27999 15 34659 119 53732 387 75231 114 17373
71955 398 27999 15 34659 119 53732 387 15451 114 17373
71955 398 27999 15 34659 119 53732 387 15166 114 17373
71955 398 27999 15 34659 119 53732 387 30646 114 17373
71955 398 27999 15 34659 119 53732 387 46914 114 17373
71955 398 27999 15 34659 119 53732 387 18099 114 17373
71955 398 27999 15 34659 119 53732 387 41745 114 17373
71955 398 27999 15 34659 119 53732 387 47123 114 17373
71955 398 27999 15 34659 119 53732 387 70203 114 17373
71955 398 27999 15 34659 119 53732 387 58768 114 17373
71955 398 27999 15 34659 119 53732 387 40210 114 17373
71955 398 27999 15 34659 119 53732 387 44560 114 17373
71955 398 27999 15 34659 119 53732 387 28655 114 17373
71955 398 27999 15 34659 119 53732 387 15991 114 17373
71955 398 27999 15 34659 119 53732 387 56144 114 17373
71955 398 27999 15 34659 119 53732 387 2934 114 17373
71955 398 27999 15 34659 119 53732 387 44299 114 17373
71955 398 27999 15 34659 119 53732 387 52255 114 17373
71955 398 27999 15 34659 119 53732 387 535 114 17373
71955 398 27999 15 34659 119 53732 387 17767 114 17373
71955 398 27999 15 34659 119 53732 387 75125 114 17373
71955 398 27999 15 34659 119 53732 387 69045 114 17373
71955 398 27999 15 34659 119 53732 387 56392 114 17373
71955 398 27999 15 34659 119 53732 387 4702 114 17373
71955 398 27999 15 34659 119 53732 387 61116 114 17373
71955 398 27999 15 34659 119 53732 387 46321 114 17373
71955 398 27999 15 34659 119 53732 387 24429 114 17373
71955 398 27999 15 34659 119 53732 387 48057 114 17373
71955 398 27999 15 34659 119 53732 387 35475 114 17373
71955 398 27999 15 34659 119 53732 387 46841 114 17373
71955 398 27999 15 34659 119 53732 387 30329 114 17373
71955 398 27999 15 34659 119 53732 387 65054 114 17373
71955 398 27999 15 34659 119 53732 387 47359 114 17373
71955 398 27999 15 34659 119 53732 387 64884 114 17373
71955 398 27999 15 34659 119 53732 387 933 114 17373
71955 398 27999 15 34659 119 53732 387 37521 114 17373
71955 398 27999 15 34659 119 53732 387 6393 114 17373
71955 398 27999 15 34659 119 53732 387 63261 114 17373
71955 398 27999 15 34659 119 53732 387 63063 114 17373
71955 398 27999 15 34659 119 53732 387 65711 114 17373
71955 398 27999 15 34659 119 53732 387 23534 114 17373
71955 398 27999 15 34659 119 53732 387 49354 114 17373
71955 398 27999 15 34659 119 53732 387 21608 114 17373
71955 398 27999 15 34659 119 53732 387 9837 114 17373
71955 398 27999 15 34659 119 53732 387 27773 114 17373
71955 398 27999 15 34659 119 53732 387 37942 114 17373
71955 398 27999 15 34659 119 53732 387 17277 114 17373
71955 398 27999 15 34659 119 53732 387 12216 114 17373
71955 398 27999 15 34659 119 53732 387 17371 114 17373
71955 398 27999 15 34659 119 53732 387 36554 114 17373
71955 398 27999 15 34659 119 53732 387 9933 114 17373
71955 398 27999 15 34659 119 53732 387 31464 114 17373
71955 398 27999 15 34659 119 53732 387 17720 114 17373
71955 398 27999 15 34659 119 53732 387 73625 114 17373
71955 398 27999 15 52997 155 60562 277 1705 31 17373
71955 398 27999 15 52997 155 60562 20 19933 172 17373
71955 398 27999 15 52997 155 60562 20 19933 356 17373
71955 398 27999 15 40151 163 9911 249 30991 172 17373
71955 398 27999 15 40151 163 9911 249 30991 356 17373
71955 398 27999 15 40151 163 9911 111 3155 172 17373
71955 398 27999 15 40151 163 9911 111 3155 356 17373
71955 398 27999 15 40151 163 9911 163 45465 356 17373
71955 398 27999 15 5476 63 32131 278 32741 356 17373
71955 398 27999 15 39454 63 30762 310 14858 172 17373
71955 398 27999 15 39454 63 30762 310 14858 356 17373
71955 398 27999 15 35739 96 50465 105 3610 6 17373
71955 398 27999 15 35739 96 50465 105 3610 398 17373
71955 398 27999 15 35739 96 50465 105 3610 358 17373
71955 398 27999 15 23605 332 65861 31 74024 172 17373
71955 398 27999 15 23605 332 65861 31 74024 356 17373
71955 398 27999 15 23605 332 65861 31 50528 172 17373
71955 398 27999 15 23605 332 65861 31 50528 356 17373
71955 398 27999 15 23605 63 73458 32 69931 147 17373
71955 398 27999 15 8215 256 9417 254 3124 356 17373
71955 398 27999 15 8215 256 9417 254 3124 172 17373
71955 398 27999 15 8215 256 9417 15 46626 147 17373
71955 398 27999 15 68050 256 55546 254 70102 172 17373
71955 398 27999 15 68050 256 55546 254 70102 356 17373
71955 398 27999 15 59453 275 7269 172 27887 398 17373
71955 398 27999 15 59453 275 7269 172 27887 358 17373
71955 398 27999 15 59453 275 7269 172 27887 6 17373
71955 398 27999 15 59453 275 7269 172 65721 6 17373
71955 398 27999 15 59453 275 7269 172 65721 398 17373
71955 398 27999 15 59453 275 7269 172 65721 358 17373
71955 398 27999 15 59453 275 7269 172 66040 6 17373
71955 398 27999 15 59453 275 7269 172 66040 398 17373
71955 398 27999 15 59453 275 7269 172 66040 358 17373
71955 398 27999 15 4157 63 53574 114 589 356 17373
71955 398 27999 15 9452 256 52902 254 31389 356 17373
71955 398 27999 15 36304 38 59812 211 9025 147 17373
71955 398 27999 15 7510 398 15239 15 46858 358 17373
71955 398 27999 15 26810 267 2713 15 52267 172 17373
71955 398 27999 15 26810 267 2713 15 52267 147 17373
71955 398 27999 15 43699 267 23880 254 6170 172 17373
71955 398 27999 15 43699 267 23880 254 6170 147 17373
71955 398 27999 105 33630 277 26736 369 50963 172 17373
71955 398 27999 105 33630 32 1444 297 59204 172 17373
71955 398 27999 105 33630 213 58833 121 13095 172 17373
71955 398 27999 105 33630 101 64632 249 40401 356 17373
71955 398 27999 105 33630 101 64632 249 40401 172 17373
71955 398 27999 105 33630 101 64632 249 20622 147 17373
71955 398 27999 105 33630 101 64632 342 16558 358 17373
71955 398 27999 358 51755 28 38269 277 15504 172 17373
71955 398 27999 358 51755 373 70930 172 34212 356 17373
71955 398 27999 358 51755 373 38619 75 16302 356 17373
71955 398 27999 358 51755 373 29427 278 33692 356 17373
71955 398 27999 15 32264 32 66047 222 29063 202 27998 356 17373
71955 398 27999 15 32264 32 66047 332 29065 31 67704 172 17373
71955 398 27999 15 32264 32 66047 332 29065 31 67704 147 17373
71955 398 27999 15 52997 82 11544 2 67239 123 14651 172 17373
71955 398 27999 15 52997 82 11544 2 67239 123 14651 147 17373
71955 398 27999 15 52997 82 11544 2 67239 123 14651 398 17373
71955 398 27999 15 40151 163 9911 5 71797 85 37568 147 17373
71955 398 27999 15 40151 163 9911 119 62986 295 30500 356 17373
71955 398 27999 15 5476 63 32131 72 67410 392 26528 356 17373
71955 398 27999 15 26 96 26099 256 41223 15 11162 172 17373
71955 398 27999 15 26 96 26099 256 41223 15 11162 147 17373
71955 398 27999 15 73705 256 6836 85 17058 191 32058 172 17373
71955 398 27999 15 38042 96 53904 256 46249 254 17108 356 17373
71955 398 27999 15 31974 96 52706 96 41653 172 40650 358 17373
71955 398 27999 15 37085 256 8574 141 17518 164 29753 147 17373
71955 398 27999 15 37085 275 25815 256 25487 254 16522 356 17373
71955 398 27999 15 37085 275 25815 256 25487 217 55238 356 17373
71955 398 27999 105 33630 151 41897 32 14614 91 12546 358 17373
71955 398 27999 105 33630 101 64632 214 10558 158 9928 356 17373
71955 398 27999 358 51755 28 24856 151 14727 252 36724 147 17373
71955 398 27999 358 51755 28 24856 151 14727 252 36724 398 17373
71955 398 27999 358 51755 28 24856 151 14727 252 36724 358 17373
71955 398 27999 358 51755 28 24856 151 14727 252 36724 6 17373
71955 398 27999 15 52997 256 14387 254 60881 256 47659 15 8778 147 17373
71955 398 27999 15 52997 256 14387 254 60881 256 47659 15 8778 172 17373
