72645 358 9577
72645 359 1443 102 3592 358 9577
72645 359 1443 102 60885 358 9577
72645 359 1443 172 52734 172 51172 358 9577
72645 359 1443 172 52734 172 29426 358 9577
72645 359 1443 172 52734 172 13918 358 9577
72645 359 1443 172 52734 105 52920 358 9577
72645 359 1443 102 6934 359 30490 358 9577
72645 359 1443 102 6934 359 1524 358 9577
72645 359 1443 102 6934 102 52904 358 9577
72645 359 1443 143 69742 113 65174 358 9577
72645 359 1443 172 52734 172 41975 164 6526 358 9577
72645 359 1443 172 52734 172 30973 102 56770 358 9577
72645 359 1443 172 52734 172 51172 358 13298 358 9577
72645 359 1443 172 52734 172 59822 143 60304 358 9577
72645 359 1443 172 52734 105 54091 102 54077 358 9577
72645 359 1443 172 52734 105 54091 102 44838 358 9577
72645 359 1443 172 52734 105 63974 252 74735 358 9577
72645 359 1443 172 52734 105 63974 382 61075 358 9577
72645 359 1443 102 67962 332 65853 31 34575 358 9577
72645 359 1443 102 67962 332 65853 31 23403 358 9577
72645 359 1443 102 67962 332 65853 31 20140 358 9577
72645 359 1443 102 67962 332 65853 31 11637 358 9577
72645 359 1443 102 67962 332 65853 31 51822 358 9577
72645 359 1443 102 67962 332 65853 31 66472 358 9577
72645 359 1443 102 67962 332 65853 31 1333 358 9577
72645 359 1443 102 67962 332 65853 31 45140 358 9577
72645 359 1443 102 67962 332 65853 31 42618 358 9577
72645 359 1443 102 67962 332 65853 31 36558 358 9577
72645 359 1443 102 67962 332 65853 31 6978 358 9577
72645 359 1443 102 67962 332 65853 31 26818 358 9577
72645 359 1443 102 67962 332 65853 31 30109 358 9577
72645 359 1443 102 67962 332 65853 31 36350 358 9577
72645 359 1443 102 67962 332 65853 31 56645 358 9577
72645 359 1443 102 67962 332 65853 31 39597 358 9577
72645 359 1443 102 67962 332 65853 31 15303 358 9577
72645 359 1443 102 67962 332 65853 31 20868 358 9577
72645 359 1443 102 67962 332 65853 31 74973 358 9577
72645 359 1443 102 67962 332 65853 31 25755 358 9577
72645 359 1443 102 67962 332 65853 31 12994 358 9577
72645 359 1443 102 67962 332 65853 31 31645 358 9577
72645 359 1443 102 67962 332 65853 31 10512 358 9577
72645 359 1443 102 67962 332 65853 31 53680 358 9577
72645 359 1443 102 67962 332 65853 31 70024 358 9577
72645 359 1443 102 67962 332 65853 31 51394 358 9577
72645 359 1443 102 67962 332 65853 31 101 358 9577
72645 359 1443 102 67962 332 65853 31 33481 358 9577
72645 359 1443 102 67962 332 65853 31 72041 358 9577
72645 359 1443 102 67962 332 65853 31 53174 358 9577
72645 359 1443 102 67962 332 65853 31 25912 358 9577
72645 359 1443 102 67962 332 65853 31 17512 358 9577
72645 359 1443 102 67962 332 65853 31 69360 358 9577
72645 359 1443 102 67962 332 65853 31 46309 358 9577
72645 359 1443 102 67962 332 65853 31 39397 358 9577
72645 359 1443 102 67962 332 65853 31 43655 358 9577
72645 359 1443 102 67962 332 65853 31 65305 358 9577
72645 359 1443 102 67962 332 65853 31 48642 358 9577
72645 359 1443 102 67962 332 65853 31 4443 358 9577
72645 359 1443 102 67962 332 65853 31 32298 358 9577
72645 359 1443 102 67962 332 65853 31 14898 358 9577
72645 359 1443 102 67962 332 65853 31 41749 358 9577
72645 359 1443 102 67962 332 65853 31 55274 358 9577
72645 359 1443 102 67962 332 65853 31 4507 358 9577
72645 359 1443 102 67962 332 65853 31 64471 358 9577
72645 359 1443 102 67962 332 65853 31 70259 358 9577
72645 359 1443 102 67962 332 65853 31 15757 358 9577
72645 359 1443 102 67962 332 65853 31 31723 358 9577
72645 359 1443 102 67962 332 65853 31 8870 358 9577
72645 359 1443 102 67962 332 65853 31 51743 358 9577
72645 359 1443 102 67962 332 65853 31 44651 358 9577
72645 359 1443 102 67962 332 65853 31 36866 358 9577
72645 359 1443 102 67962 332 65853 31 14537 358 9577
72645 359 1443 102 67962 332 65853 31 48202 358 9577
72645 359 1443 102 67962 332 65853 31 41526 358 9577
72645 359 1443 102 67962 332 65853 31 52577 358 9577
72645 359 1443 102 67962 332 65853 31 75173 358 9577
72645 359 1443 102 67962 332 65853 31 4637 358 9577
72645 359 1443 102 67962 332 65853 31 22644 358 9577
72645 359 1443 102 67962 332 65853 31 27769 358 9577
72645 359 1443 102 67962 332 65853 31 32036 358 9577
72645 359 1443 102 67962 332 65853 31 62745 358 9577
72645 359 1443 102 67962 332 65853 31 23225 358 9577
72645 359 1443 102 67962 332 65853 31 37287 358 9577
72645 359 1443 102 67962 332 65853 31 74624 358 9577
72645 359 1443 102 67962 332 23453 31 44499 358 9577
72645 359 1443 102 67962 332 23453 31 66508 358 9577
72645 359 1443 102 67962 332 23453 31 66301 358 9577
72645 359 1443 102 67962 332 23453 31 17188 358 9577
72645 359 1443 102 67962 332 23453 31 39288 358 9577
72645 359 1443 102 67962 332 23453 31 39064 358 9577
72645 359 1443 102 67962 332 23453 31 15122 358 9577
72645 359 1443 102 67962 332 23453 31 16260 358 9577
72645 359 1443 102 67962 332 23453 31 20061 358 9577
72645 359 1443 102 67962 332 23453 31 13396 358 9577
72645 359 1443 102 67962 332 23453 31 42166 358 9577
72645 359 1443 102 67962 332 23453 31 14729 358 9577
72645 359 1443 102 67962 332 23453 31 12391 358 9577
72645 359 1443 102 67962 332 23453 31 32376 358 9577
72645 359 1443 102 67962 332 23453 31 75357 358 9577
72645 359 1443 102 67962 332 23453 31 4934 358 9577
72645 359 1443 102 67962 332 23453 31 38136 358 9577
72645 359 1443 102 67962 332 23453 31 56441 358 9577
72645 359 1443 102 67962 332 23453 31 2999 358 9577
72645 359 1443 102 67962 332 23453 31 23665 358 9577
72645 359 1443 102 67962 332 23453 31 49073 358 9577
72645 359 1443 102 67962 332 23453 31 35145 358 9577
72645 359 1443 102 67962 332 23453 31 69592 358 9577
72645 359 1443 102 67962 332 23453 31 21463 358 9577
72645 359 1443 102 67962 332 29065 31 4372 358 9577
72645 359 1443 102 67962 332 29065 31 5875 358 9577
72645 359 1443 102 67962 332 29065 31 54298 358 9577
72645 359 1443 102 67962 332 29065 31 46295 358 9577
72645 359 1443 102 67962 332 29065 31 65653 358 9577
72645 359 1443 102 67962 332 29065 31 8203 358 9577
72645 359 1443 102 67962 332 29065 31 50498 358 9577
72645 359 1443 102 67962 332 29065 31 57476 358 9577
72645 359 1443 102 67962 332 29065 31 16343 358 9577
72645 359 1443 102 67962 332 29065 31 50523 358 9577
72645 359 1443 102 67962 332 29065 31 62376 358 9577
72645 359 1443 102 67962 332 29065 31 38148 358 9577
72645 359 1443 102 67962 332 29065 31 16008 358 9577
72645 359 1443 102 67962 332 29065 31 30783 358 9577
72645 359 1443 102 38570 359 57906 102 56775 358 9577
72645 359 1443 102 38570 359 57906 143 25068 358 9577
72645 359 1443 102 38570 359 65917 102 57958 358 9577
72645 359 1443 102 3592 383 69092 294 54087 358 9577
72645 359 1443 102 3592 383 69092 294 64803 358 9577
72645 359 1443 102 3592 383 69092 294 64149 358 9577
72645 359 1443 102 3592 383 69092 294 62675 358 9577
72645 359 1443 102 3592 383 69092 294 8285 358 9577
72645 359 1443 102 3592 383 69092 294 55224 358 9577
72645 359 1443 102 3592 383 69092 294 49298 358 9577
72645 359 1443 102 3592 383 69092 294 16256 358 9577
72645 359 1443 102 3592 383 69092 294 41990 358 9577
72645 359 1443 102 3592 383 69092 294 7377 358 9577
72645 359 1443 102 3592 383 69092 294 33490 358 9577
72645 359 1443 102 3592 383 69092 294 62962 358 9577
72645 359 1443 102 3592 383 69092 294 62920 358 9577
72645 359 1443 102 3592 383 69092 294 72624 358 9577
72645 359 1443 102 3592 383 69092 294 14906 358 9577
72645 359 1443 102 3592 383 69092 294 36224 358 9577
72645 359 1443 102 3592 383 69092 294 73737 358 9577
72645 359 1443 102 3592 383 69092 294 66943 358 9577
72645 359 1443 102 3592 383 69092 294 42278 358 9577
72645 359 1443 102 3592 332 29064 31 86 358 9577
72645 359 1443 102 3592 332 29064 31 65584 358 9577
72645 359 1443 102 3592 332 29064 31 15292 358 9577
72645 359 1443 102 3592 332 29064 31 13526 358 9577
72645 359 1443 102 3592 332 29064 31 32179 358 9577
72645 359 1443 102 3592 332 29064 31 55663 358 9577
72645 359 1443 102 3592 332 29064 31 70948 358 9577
72645 359 1443 102 3592 332 29064 31 72429 358 9577
72645 359 1443 102 3592 332 29064 31 11484 358 9577
72645 359 1443 102 3592 151 41897 277 33616 358 9577
72645 359 1443 102 3592 151 41897 28 16804 358 9577
72645 359 1443 102 3592 369 53811 151 28588 358 9577
72645 359 1443 102 3592 75 33054 277 46683 358 9577
72645 359 1443 102 3592 75 33054 277 74972 358 9577
72645 359 1443 102 3592 75 33054 277 65403 358 9577
72645 359 1443 102 3592 75 33054 277 22873 358 9577
72645 359 1443 102 3592 75 33054 277 64684 358 9577
72645 359 1443 102 3592 75 33054 277 32306 358 9577
72645 359 1443 102 3592 75 33054 277 19162 358 9577
72645 359 1443 102 3592 75 33054 277 73669 358 9577
72645 359 1443 102 3592 75 33054 277 36036 358 9577
72645 359 1443 102 3592 75 33054 277 63457 358 9577
72645 359 1443 102 3592 75 33054 277 64604 358 9577
72645 359 1443 102 3592 75 33054 277 15526 358 9577
72645 359 1443 102 3592 75 33054 277 18424 358 9577
72645 359 1443 102 3592 75 33054 277 29054 358 9577
72645 359 1443 102 3592 75 33054 277 20159 358 9577
72645 359 1443 102 3592 75 33054 277 14941 358 9577
72645 359 1443 102 3592 75 33054 277 18412 358 9577
72645 359 1443 102 3592 75 33054 277 48735 358 9577
72645 359 1443 102 3592 75 33054 277 22179 358 9577
72645 359 1443 102 3592 75 33054 277 25387 358 9577
72645 359 1443 102 3592 75 33054 277 39040 358 9577
72645 359 1443 102 3592 75 33054 277 50475 358 9577
72645 359 1443 102 3592 75 33054 277 11001 358 9577
72645 359 1443 102 3592 75 33054 277 5936 358 9577
72645 359 1443 102 3592 75 33054 277 12562 358 9577
72645 359 1443 102 3592 75 33054 277 48461 358 9577
72645 359 1443 102 3592 75 33054 277 53525 358 9577
72645 359 1443 102 3592 75 33054 277 66281 358 9577
72645 359 1443 102 3592 75 33054 277 13191 358 9577
72645 359 1443 102 3592 75 33054 277 875 358 9577
72645 359 1443 102 3592 75 33054 277 44317 358 9577
72645 359 1443 102 3592 75 33054 277 8393 358 9577
72645 359 1443 102 3592 75 33054 277 66563 358 9577
72645 359 1443 102 3592 75 33054 277 25967 358 9577
72645 359 1443 102 3592 75 33054 277 12462 358 9577
72645 359 1443 102 3592 75 33054 277 59966 358 9577
72645 359 1443 102 3592 75 33054 277 22623 358 9577
72645 359 1443 102 3592 75 33054 277 62291 358 9577
72645 359 1443 102 3592 75 33054 252 40260 358 9577
72645 359 1443 102 3592 75 33054 252 57048 358 9577
72645 359 1443 102 3592 75 33054 252 72239 358 9577
72645 359 1443 102 3592 75 33054 252 67734 358 9577
72645 359 1443 102 3592 75 33054 252 58164 358 9577
72645 359 1443 102 3592 75 33054 252 62747 358 9577
72645 359 1443 102 3592 75 33054 252 23588 358 9577
72645 359 1443 102 3592 75 33054 252 10674 358 9577
72645 359 1443 102 3592 75 33054 252 1780 358 9577
72645 359 1443 102 3592 75 33054 252 190 358 9577
72645 359 1443 102 3592 75 33054 252 26831 358 9577
72645 359 1443 102 3592 75 33054 252 42347 358 9577
72645 359 1443 102 3592 75 33054 252 7987 358 9577
72645 359 1443 102 3592 75 33054 252 15162 358 9577
72645 359 1443 102 3592 75 33054 252 45309 358 9577
72645 359 1443 102 3592 75 33054 151 19758 358 9577
72645 359 1443 102 3592 75 33054 151 23719 358 9577
72645 359 1443 102 6934 102 46685 359 682 358 9577
72645 359 1443 102 6934 332 10045 31 48233 358 9577
72645 359 1443 102 6934 332 65861 31 55639 358 9577
72645 359 1443 102 936 369 25489 277 39652 358 9577
72645 359 1443 102 35018 332 68334 31 48978 358 9577
72645 359 1443 102 35018 369 40754 277 69907 358 9577
72645 359 1443 102 35018 369 40754 277 62899 358 9577
72645 359 1443 102 60885 358 51607 28 24325 358 9577
72645 359 1443 102 60885 358 51607 28 15785 358 9577
72645 359 1443 102 60885 358 51607 28 62327 358 9577
72645 359 1443 102 60885 358 51607 28 56612 358 9577
72645 359 1443 102 60885 358 51607 28 30058 358 9577
72645 359 1443 102 60885 358 51607 28 72962 358 9577
72645 359 1443 102 60885 358 51607 28 50641 358 9577
72645 359 1443 102 60885 358 51607 28 40929 358 9577
72645 359 1443 102 60885 358 51607 28 41461 358 9577
72645 359 1443 102 60885 358 51607 28 13365 358 9577
72645 359 1443 102 60885 358 51607 28 10595 358 9577
72645 359 1443 102 60885 358 51607 28 616 358 9577
72645 359 1443 102 60885 358 51607 28 2945 358 9577
72645 359 1443 102 60885 358 51607 28 2082 358 9577
72645 359 1443 102 60885 358 51607 28 8184 358 9577
72645 359 1443 102 60885 358 51607 28 68736 358 9577
72645 359 1443 102 60885 358 51607 28 3146 358 9577
72645 359 1443 102 60885 358 51607 28 49388 358 9577
72645 359 1443 102 60885 358 51607 28 9463 358 9577
72645 359 1443 102 60885 358 51607 28 49165 358 9577
72645 359 1443 102 60885 358 51607 28 68099 358 9577
72645 359 1443 102 60885 358 51607 28 24250 358 9577
72645 359 1443 102 60885 358 51607 28 51605 358 9577
72645 359 1443 102 60885 358 51607 28 22146 358 9577
72645 359 1443 102 60885 358 51607 28 65321 358 9577
72645 359 1443 102 60885 358 51607 28 67270 358 9577
72645 359 1443 102 60885 358 51607 28 45030 358 9577
72645 359 1443 102 60885 358 51607 28 61604 358 9577
72645 359 1443 102 60885 358 51607 28 42538 358 9577
72645 359 1443 102 60885 358 51607 28 24771 358 9577
72645 359 1443 102 60885 358 51607 28 10788 358 9577
72645 359 1443 102 60885 358 51607 28 55692 358 9577
72645 359 1443 102 60885 358 51607 28 22465 358 9577
72645 359 1443 102 60885 358 51607 28 70054 358 9577
72645 359 1443 102 60885 358 51607 28 31911 358 9577
72645 359 1443 102 60885 358 51607 28 20555 358 9577
72645 359 1443 102 60885 358 51607 28 31613 358 9577
72645 359 1443 102 60885 358 51607 28 52542 358 9577
72645 359 1443 102 60885 358 51607 28 22984 358 9577
72645 359 1443 102 60885 358 51607 28 15733 358 9577
72645 359 1443 102 60885 358 51607 28 32842 358 9577
72645 359 1443 102 60885 358 51607 28 52679 358 9577
72645 359 1443 102 60885 358 51607 28 73199 358 9577
72645 359 1443 102 60885 358 51607 28 52425 358 9577
72645 359 1443 102 60885 358 51607 28 30031 358 9577
72645 359 1443 102 60885 358 51607 28 11221 358 9577
72645 359 1443 102 60885 358 51607 28 74218 358 9577
72645 359 1443 102 60885 358 51607 28 33190 358 9577
72645 359 1443 102 60885 358 51607 28 13126 358 9577
72645 359 1443 102 60885 358 51607 28 22101 358 9577
72645 359 1443 102 60885 358 51607 28 71706 358 9577
72645 359 1443 102 60885 358 51607 28 46063 358 9577
72645 359 1443 102 60885 358 51607 28 23208 358 9577
72645 359 1443 102 60885 358 51607 28 7448 358 9577
72645 359 1443 102 60885 358 51607 28 41785 358 9577
72645 359 1443 102 60885 358 51607 28 55925 358 9577
72645 359 1443 102 60885 358 51607 28 14803 358 9577
72645 359 1443 102 60885 358 51607 28 40635 358 9577
72645 359 1443 102 60885 358 51607 28 9268 358 9577
72645 359 1443 102 60885 358 51607 28 58676 358 9577
72645 359 1443 102 60885 358 51607 28 4932 358 9577
72645 359 1443 102 60885 358 51607 28 55750 358 9577
72645 359 1443 102 60885 358 51607 28 11475 358 9577
72645 359 1443 102 60885 358 51607 28 33770 358 9577
72645 359 1443 102 60885 358 51607 28 47246 358 9577
72645 359 1443 102 60885 358 51607 28 29592 358 9577
72645 359 1443 102 60885 358 51607 28 11190 358 9577
72645 359 1443 102 60885 358 51607 28 73629 358 9577
72645 359 1443 102 60885 358 51607 28 61052 358 9577
72645 359 1443 102 60885 358 51607 28 46973 358 9577
72645 359 1443 102 60885 358 51607 28 3108 358 9577
72645 359 1443 102 60885 358 51607 28 10774 358 9577
72645 359 1443 102 60885 358 51607 28 67007 358 9577
72645 359 1443 102 60885 358 51607 28 67623 358 9577
72645 359 1443 102 60885 358 51607 28 60797 358 9577
72645 359 1443 102 60885 358 51607 28 2575 358 9577
72645 359 1443 102 60885 358 51607 28 27342 358 9577
72645 359 1443 102 60885 358 51607 28 46356 358 9577
72645 359 1443 102 60885 358 51607 28 7834 358 9577
72645 359 1443 102 60885 358 51607 28 42008 358 9577
72645 359 1443 102 60885 358 51607 28 30456 358 9577
72645 359 1443 102 60885 358 51607 28 32025 358 9577
72645 359 1443 102 60885 358 51607 28 14784 358 9577
72645 359 1443 102 60885 358 51607 28 28106 358 9577
72645 359 1443 102 60885 358 51607 28 54332 358 9577
72645 359 1443 102 60885 358 51607 28 3970 358 9577
72645 359 1443 102 60885 358 51607 28 65675 358 9577
72645 359 1443 102 60885 358 51607 28 43322 358 9577
72645 359 1443 102 60885 358 51607 28 64648 358 9577
72645 359 1443 102 60885 358 51607 28 19299 358 9577
72645 359 1443 102 60885 358 51607 28 45024 358 9577
72645 359 1443 102 60885 358 51607 28 69535 358 9577
72645 359 1443 102 60885 358 51607 28 10405 358 9577
72645 359 1443 102 60885 358 51607 28 9197 358 9577
72645 359 1443 102 60885 358 51607 28 68552 358 9577
72645 359 1443 102 14740 321 24058 196 36878 358 9577
72645 359 1443 102 14740 279 29502 284 73631 358 9577
72645 359 1443 143 69742 113 59220 164 20626 358 9577
72645 359 1443 143 69742 113 69443 143 9878 358 9577
72645 359 1443 143 69742 219 6127 108 35509 358 9577
72645 359 1443 172 52734 172 10831 356 18597 373 52973 358 9577
72645 359 1443 172 52734 172 10831 356 18597 373 7857 358 9577
72645 359 1443 172 52734 172 10831 356 18597 382 33755 358 9577
72645 359 1443 172 52734 172 30973 102 8640 28 18032 358 9577
72645 359 1443 172 52734 172 30973 356 72079 382 15895 358 9577
72645 359 1443 172 52734 172 51172 358 32958 28 48496 358 9577
72645 359 1443 172 52734 172 51172 358 20976 28 32942 358 9577
72645 359 1443 172 52734 172 51172 358 13298 28 23621 358 9577
72645 359 1443 172 52734 105 6534 358 37408 28 45796 358 9577
72645 359 1443 172 52734 105 6534 358 37408 28 69068 358 9577
72645 359 1443 172 52734 105 6534 358 37408 28 71943 358 9577
72645 359 1443 172 52734 105 6534 358 37408 28 30186 358 9577
72645 359 1443 172 52734 105 6534 358 37408 28 66110 358 9577
72645 359 1443 172 52734 105 6534 358 37408 28 2339 358 9577
72645 359 1443 172 52734 105 58806 252 50112 151 15922 358 9577
72645 359 1443 102 67962 332 65853 31 30109 28 66670 358 9577
72645 359 1443 102 67962 332 65853 31 16834 28 51462 358 9577
72645 359 1443 102 67962 332 65853 31 27406 196 43362 358 9577
72645 359 1443 102 67962 332 23453 31 16260 358 55870 358 9577
72645 359 1443 102 38570 359 57906 143 65161 28 6587 358 9577
72645 359 1443 102 38570 359 57906 143 65161 28 7612 358 9577
72645 359 1443 102 38570 359 57906 143 65161 28 31322 358 9577
72645 359 1443 102 38570 359 57906 143 65161 28 58168 358 9577
72645 359 1443 102 3592 383 69092 294 36301 75 58579 358 9577
72645 359 1443 102 3592 151 41897 28 16804 358 60449 358 9577
72645 359 1443 102 3592 75 33054 277 59966 149 14523 358 9577
72645 359 1443 102 3592 75 33054 252 19535 358 72449 358 9577
72645 359 1443 102 6934 332 65855 31 599 117 27907 358 9577
72645 359 1443 102 60885 358 51607 28 60797 358 3588 358 9577
72645 359 1443 102 60885 358 51607 28 60797 358 54178 358 9577
72645 359 1443 102 60885 358 51607 28 60797 358 25481 358 9577
72645 359 1443 102 60885 358 51607 28 60797 358 14889 358 9577
72645 359 1443 143 69742 219 6127 108 61857 219 49110 358 9577
72645 359 1443 217 53540 18 72636 285 11544 351 53651 358 9577
72645 359 1443 172 52734 172 10831 356 18597 373 7857 342 40332 358 9577
72645 359 1443 172 52734 172 41975 164 6526 358 1378 28 72487 358 9577
72645 359 1443 172 52734 172 30973 356 72079 164 23110 382 20074 358 9577
72645 359 1443 172 52734 172 14736 385 38128 296 30382 99 72002 358 9577
72645 359 1443 172 52734 105 58806 358 46238 358 15236 28 23501 358 9577
72645 359 1443 102 67962 332 65853 31 46955 253 50619 199 29297 358 9577
72645 359 1443 102 60885 358 51607 28 60797 358 60756 28 74399 358 9577
72645 359 1443 143 69742 113 69443 143 35698 29 3242 306 54450 358 9577
