7377 358 9577
7377 332 10045 31 20140 358 9577
7377 332 10045 31 30490 358 9577
7377 332 10045 31 66472 358 9577
7377 332 10045 31 1333 358 9577
7377 332 10045 31 46295 358 9577
7377 332 10045 31 42618 358 9577
7377 332 10045 31 36558 358 9577
7377 332 10045 31 6978 358 9577
7377 332 10045 31 30109 358 9577
7377 332 10045 31 39064 358 9577
7377 332 10045 31 15303 358 9577
7377 332 10045 31 51172 358 9577
7377 332 10045 31 8203 358 9577
7377 332 10045 31 74973 358 9577
7377 332 10045 31 20061 358 9577
7377 332 10045 31 10512 358 9577
7377 332 10045 31 70024 358 9577
7377 332 10045 31 51394 358 9577
7377 332 10045 31 101 358 9577
7377 332 10045 31 42166 358 9577
7377 332 10045 31 14729 358 9577
7377 332 10045 31 53174 358 9577
7377 332 10045 31 32376 358 9577
7377 332 10045 31 61075 358 9577
7377 332 10045 31 25912 358 9577
7377 332 10045 31 46309 358 9577
7377 332 10045 31 38136 358 9577
7377 332 10045 31 56441 358 9577
7377 332 10045 31 43655 358 9577
7377 332 10045 31 65305 358 9577
7377 332 10045 31 48642 358 9577
7377 332 10045 31 14898 358 9577
7377 332 10045 31 41749 358 9577
7377 332 10045 31 35145 358 9577
7377 332 10045 31 55274 358 9577
7377 332 10045 31 38148 358 9577
7377 332 10045 31 70259 358 9577
7377 332 10045 31 15757 358 9577
7377 332 10045 31 52904 358 9577
7377 332 10045 31 56770 358 9577
7377 332 10045 31 48233 358 9577
7377 332 10045 31 31723 358 9577
7377 332 10045 31 8870 358 9577
7377 332 10045 31 44651 358 9577
7377 332 10045 31 36866 358 9577
7377 332 10045 31 14537 358 9577
7377 332 10045 31 48202 358 9577
7377 332 10045 31 52577 358 9577
7377 332 10045 31 1524 358 9577
7377 332 10045 31 22644 358 9577
7377 332 10045 31 27769 358 9577
7377 332 10045 31 23225 358 9577
7377 332 65855 31 34575 358 9577
7377 332 65855 31 54298 358 9577
7377 332 65855 31 66508 358 9577
7377 332 65855 31 66301 358 9577
7377 332 65855 31 17188 358 9577
7377 332 65855 31 39288 358 9577
7377 332 65855 31 36350 358 9577
7377 332 65855 31 65653 358 9577
7377 332 65855 31 39597 358 9577
7377 332 65855 31 25755 358 9577
7377 332 65855 31 16260 358 9577
7377 332 65855 31 31645 358 9577
7377 332 65855 31 53680 358 9577
7377 332 65855 31 65174 358 9577
7377 332 65855 31 13396 358 9577
7377 332 65855 31 17512 358 9577
7377 332 65855 31 16343 358 9577
7377 332 65855 31 69360 358 9577
7377 332 65855 31 50523 358 9577
7377 332 65855 31 39397 358 9577
7377 332 65855 31 2999 358 9577
7377 332 65855 31 52920 358 9577
7377 332 65855 31 49073 358 9577
7377 332 65855 31 4507 358 9577
7377 332 65855 31 64471 358 9577
7377 332 65855 31 7987 358 9577
7377 332 65855 31 51743 358 9577
7377 332 65855 31 41526 358 9577
7377 332 65855 31 4637 358 9577
7377 332 65855 31 30783 358 9577
7377 332 65855 31 72624 358 9577
7377 332 65855 31 11484 358 9577
7377 332 65855 31 74624 358 9577
7377 321 24058 196 32306 358 9577
7377 321 24058 196 68736 358 9577
7377 321 24058 196 42278 358 9577
7377 321 24058 196 33481 358 9577
7377 321 24058 196 25387 358 9577
7377 321 24058 196 36878 358 9577
7377 321 24058 196 32298 358 9577
7377 321 24058 196 44317 358 9577
7377 321 24058 262 64684 358 9577
7377 151 41897 252 16256 358 9577
7377 151 41897 252 60885 358 9577
7377 151 41897 252 3592 358 9577
7377 151 41897 252 62962 358 9577
7377 151 41897 277 33616 358 9577
7377 151 41897 32 54087 358 9577
7377 151 41897 32 36224 358 9577
7377 151 41897 32 8285 358 9577
7377 151 41897 32 12391 358 9577
7377 151 41897 32 55224 358 9577
7377 151 41897 32 41990 358 9577
7377 151 41897 32 14906 358 9577
7377 151 41897 28 16804 358 9577
7377 369 53811 151 28588 358 9577
7377 369 53811 252 62745 358 9577
7377 358 51607 28 40260 358 9577
7377 358 51607 28 46683 358 9577
7377 358 51607 28 24325 358 9577
7377 358 51607 28 15785 358 9577
7377 358 51607 28 62327 358 9577
7377 358 51607 28 44499 358 9577
7377 358 51607 28 56612 358 9577
7377 358 51607 28 30058 358 9577
7377 358 51607 28 39652 358 9577
7377 358 51607 28 72962 358 9577
7377 358 51607 28 50641 358 9577
7377 358 51607 28 72239 358 9577
7377 358 51607 28 40929 358 9577
7377 358 51607 28 41461 358 9577
7377 358 51607 28 51822 358 9577
7377 358 51607 28 22873 358 9577
7377 358 51607 28 13365 358 9577
7377 358 51607 28 10595 358 9577
7377 358 51607 28 44838 358 9577
7377 358 51607 28 58164 358 9577
7377 358 51607 28 616 358 9577
7377 358 51607 28 2945 358 9577
7377 358 51607 28 2082 358 9577
7377 358 51607 28 8184 358 9577
7377 358 51607 28 3146 358 9577
7377 358 51607 28 49388 358 9577
7377 358 51607 28 9463 358 9577
7377 358 51607 28 49165 358 9577
7377 358 51607 28 15122 358 9577
7377 358 51607 28 63457 358 9577
7377 358 51607 28 68099 358 9577
7377 358 51607 28 24250 358 9577
7377 358 51607 28 51605 358 9577
7377 358 51607 28 22146 358 9577
7377 358 51607 28 65321 358 9577
7377 358 51607 28 12994 358 9577
7377 358 51607 28 19758 358 9577
7377 358 51607 28 67270 358 9577
7377 358 51607 28 45030 358 9577
7377 358 51607 28 61604 358 9577
7377 358 51607 28 42538 358 9577
7377 358 51607 28 24771 358 9577
7377 358 51607 28 10788 358 9577
7377 358 51607 28 55692 358 9577
7377 358 51607 28 22465 358 9577
7377 358 51607 28 70054 358 9577
7377 358 51607 28 31911 358 9577
7377 358 51607 28 20555 358 9577
7377 358 51607 28 31613 358 9577
7377 358 51607 28 52542 358 9577
7377 358 51607 28 22984 358 9577
7377 358 51607 28 15733 358 9577
7377 358 51607 28 32842 358 9577
7377 358 51607 28 52679 358 9577
7377 358 51607 28 73199 358 9577
7377 358 51607 28 25068 358 9577
7377 358 51607 28 52425 358 9577
7377 358 51607 28 30031 358 9577
7377 358 51607 28 18424 358 9577
7377 358 51607 28 23588 358 9577
7377 358 51607 28 13526 358 9577
7377 358 51607 28 11221 358 9577
7377 358 51607 28 55663 358 9577
7377 358 51607 28 74218 358 9577
7377 358 51607 28 14941 358 9577
7377 358 51607 28 33190 358 9577
7377 358 51607 28 13126 358 9577
7377 358 51607 28 22101 358 9577
7377 358 51607 28 71706 358 9577
7377 358 51607 28 46063 358 9577
7377 358 51607 28 23208 358 9577
7377 358 51607 28 7448 358 9577
7377 358 51607 28 41785 358 9577
7377 358 51607 28 55925 358 9577
7377 358 51607 28 14803 358 9577
7377 358 51607 28 62920 358 9577
7377 358 51607 28 40635 358 9577
7377 358 51607 28 9268 358 9577
7377 358 51607 28 58676 358 9577
7377 358 51607 28 4932 358 9577
7377 358 51607 28 55750 358 9577
7377 358 51607 28 11475 358 9577
7377 358 51607 28 33770 358 9577
7377 358 51607 28 47246 358 9577
7377 358 51607 28 29592 358 9577
7377 358 51607 28 11190 358 9577
7377 358 51607 28 62376 358 9577
7377 358 51607 28 73629 358 9577
7377 358 51607 28 5936 358 9577
7377 358 51607 28 61052 358 9577
7377 358 51607 28 46973 358 9577
7377 358 51607 28 3108 358 9577
7377 358 51607 28 10774 358 9577
7377 358 51607 28 67007 358 9577
7377 358 51607 28 67623 358 9577
7377 358 51607 28 60797 358 9577
7377 358 51607 28 2575 358 9577
7377 358 51607 28 875 358 9577
7377 358 51607 28 27342 358 9577
7377 358 51607 28 69592 358 9577
7377 358 51607 28 46356 358 9577
7377 358 51607 28 56775 358 9577
7377 358 51607 28 7834 358 9577
7377 358 51607 28 42008 358 9577
7377 358 51607 28 8393 358 9577
7377 358 51607 28 30456 358 9577
7377 358 51607 28 32025 358 9577
7377 358 51607 28 14784 358 9577
7377 358 51607 28 28106 358 9577
7377 358 51607 28 54332 358 9577
7377 358 51607 28 62899 358 9577
7377 358 51607 28 3970 358 9577
7377 358 51607 28 65675 358 9577
7377 358 51607 28 64803 358 9577
7377 358 51607 28 66563 358 9577
7377 358 51607 28 73737 358 9577
7377 358 51607 28 43322 358 9577
7377 358 51607 28 59966 358 9577
7377 358 51607 28 29426 358 9577
7377 358 51607 28 75173 358 9577
7377 358 51607 28 64648 358 9577
7377 358 51607 28 19299 358 9577
7377 358 51607 28 32036 358 9577
7377 358 51607 28 45024 358 9577
7377 358 51607 28 69535 358 9577
7377 358 51607 28 10405 358 9577
7377 358 51607 28 13918 358 9577
7377 358 51607 28 9197 358 9577
7377 358 51607 28 37287 358 9577
7377 358 51607 28 68552 358 9577
7377 383 69092 294 64149 358 9577
7377 383 69092 294 11637 358 9577
7377 383 69092 294 62675 358 9577
7377 383 69092 294 16008 358 9577
7377 383 69092 294 49298 358 9577
7377 383 69092 294 33490 358 9577
7377 383 69092 294 66943 358 9577
7377 75 33054 277 86 358 9577
7377 75 33054 277 65584 358 9577
7377 75 33054 277 23403 358 9577
7377 75 33054 277 74972 358 9577
7377 75 33054 277 5875 358 9577
7377 75 33054 277 65403 358 9577
7377 75 33054 277 45140 358 9577
7377 75 33054 277 19162 358 9577
7377 75 33054 277 73669 358 9577
7377 75 33054 277 26818 358 9577
7377 75 33054 277 36036 358 9577
7377 75 33054 277 56645 358 9577
7377 75 33054 277 57958 358 9577
7377 75 33054 277 20868 358 9577
7377 75 33054 277 15292 358 9577
7377 75 33054 277 64604 358 9577
7377 75 33054 277 15526 358 9577
7377 75 33054 277 72041 358 9577
7377 75 33054 277 29054 358 9577
7377 75 33054 277 20159 358 9577
7377 75 33054 277 57476 358 9577
7377 75 33054 277 18412 358 9577
7377 75 33054 277 48735 358 9577
7377 75 33054 277 22179 358 9577
7377 75 33054 277 54077 358 9577
7377 75 33054 277 70948 358 9577
7377 75 33054 277 39040 358 9577
7377 75 33054 277 6526 358 9577
7377 75 33054 277 50475 358 9577
7377 75 33054 277 11001 358 9577
7377 75 33054 277 12562 358 9577
7377 75 33054 277 48461 358 9577
7377 75 33054 277 4443 358 9577
7377 75 33054 277 53525 358 9577
7377 75 33054 277 66281 358 9577
7377 75 33054 277 13191 358 9577
7377 75 33054 277 25967 358 9577
7377 75 33054 277 21463 358 9577
7377 75 33054 277 12462 358 9577
7377 75 33054 277 22623 358 9577
7377 75 33054 277 62291 358 9577
7377 75 33054 252 57048 358 9577
7377 75 33054 252 67734 358 9577
7377 75 33054 252 62747 358 9577
7377 75 33054 252 10674 358 9577
7377 75 33054 252 1780 358 9577
7377 75 33054 252 190 358 9577
7377 75 33054 252 26831 358 9577
7377 75 33054 252 42347 358 9577
7377 75 33054 252 72429 358 9577
7377 75 33054 252 15162 358 9577
7377 75 33054 252 45309 358 9577
7377 75 33054 151 23719 358 9577
7377 332 10045 31 72079 382 15895 358 9577
7377 332 10045 31 46295 358 13298 358 9577
7377 332 10045 31 30109 28 66670 358 9577
7377 332 10045 31 16834 28 51462 358 9577
7377 332 10045 31 59220 164 20626 358 9577
7377 332 10045 31 27406 196 43362 358 9577
7377 332 10045 31 45649 342 7857 358 9577
7377 332 10045 31 62341 28 4934 358 9577
7377 332 10045 31 30522 151 15922 358 9577
7377 332 65855 31 16260 358 55870 358 9577
7377 332 65855 31 8640 28 18032 358 9577
7377 332 65855 31 599 117 27907 358 9577
7377 321 24058 196 36301 75 58579 358 9577
7377 321 24058 102 46685 359 682 358 9577
7377 321 24058 332 65856 31 23665 358 9577
7377 321 24058 332 29052 31 50498 358 9577
7377 321 24058 332 29052 31 75357 358 9577
7377 321 24058 332 29052 31 55639 358 9577
7377 321 24058 332 29065 31 4372 358 9577
7377 321 24058 332 29064 31 32179 358 9577
7377 321 24058 332 68334 31 48978 358 9577
7377 321 24058 175 14412 160 45796 358 9577
7377 151 41897 28 16804 358 60449 358 9577
7377 358 51607 28 60797 358 3588 358 9577
7377 358 51607 28 60797 358 54178 358 9577
7377 358 51607 28 60797 358 25481 358 9577
7377 358 51607 28 60797 358 14889 358 9577
7377 358 51607 28 59966 149 14523 358 9577
7377 75 33054 252 19535 358 72449 358 9577
7377 60 21435 22 59822 143 60304 358 9577
7377 332 10045 31 72079 164 23110 382 20074 358 9577
7377 332 10045 31 59683 369 40754 277 69907 358 9577
7377 332 10045 31 46295 358 20976 28 48496 358 9577
7377 332 10045 31 46295 358 20976 28 32942 358 9577
7377 332 10045 31 46295 358 13298 28 23621 358 9577
7377 332 10045 31 42618 6 18597 373 52973 358 9577
7377 332 10045 31 42618 6 18597 382 33755 358 9577
7377 332 10045 31 42618 279 29502 284 73631 358 9577
7377 332 10045 31 73848 358 15236 28 23501 358 9577
7377 332 10045 31 6934 359 1443 102 72645 358 9577
7377 332 10045 31 51394 102 56080 76 49110 358 9577
7377 332 10045 31 61075 6 63974 252 74735 358 9577
7377 332 10045 31 45649 342 7857 342 40332 358 9577
7377 332 10045 31 6534 358 37408 28 69068 358 9577
7377 332 10045 31 6534 358 37408 28 71943 358 9577
7377 332 10045 31 6534 358 37408 28 30186 358 9577
7377 332 10045 31 6534 358 37408 28 66110 358 9577
7377 332 10045 31 6534 358 37408 28 2339 358 9577
7377 332 10045 31 48224 358 65161 28 6587 358 9577
7377 332 10045 31 48224 358 65161 28 7612 358 9577
7377 332 10045 31 48224 358 65161 28 31322 358 9577
7377 332 10045 31 48224 358 65161 28 58168 358 9577
7377 332 10045 31 3650 285 11544 351 53651 358 9577
7377 332 65855 31 16260 358 1378 28 72487 358 9577
7377 332 65855 31 2670 253 55674 199 29297 358 9577
7377 321 24058 336 53751 255 69443 143 9878 358 9577
7377 358 51607 28 60797 358 60756 28 74399 358 9577
7377 383 69092 142 38128 296 30382 99 72002 358 9577
7377 332 10045 31 64690 143 69742 219 6127 108 35509 358 9577
7377 151 41897 32 22183 108 47843 29 3242 306 54450 358 9577
