14239 294 57760
14239 51 9013 84 30816 294 57760
14239 51 9013 84 17252 294 57760
14239 51 9013 298 40588 294 57760
14239 51 9013 298 38511 294 57760
14239 51 9013 298 56978 294 57760
14239 51 9013 298 11401 294 57760
14239 51 9013 298 43919 294 57760
14239 51 9013 298 32651 294 57760
14239 51 9013 298 11429 294 57760
14239 51 9013 298 9053 294 57760
14239 51 9013 298 33460 294 57760
14239 51 9013 298 59226 294 57760
14239 51 9013 298 9063 294 57760
14239 51 9013 298 11720 294 57760
14239 51 9013 298 15076 294 57760
14239 51 9013 298 43126 294 57760
14239 51 9013 298 31732 294 57760
14239 51 9013 298 47881 294 57760
14239 51 9013 298 1925 294 57760
14239 51 9013 75 73556 294 57760
14239 51 9013 36 22982 294 57760
14239 51 9013 36 54159 32 57760
14239 51 9013 36 56498 294 57760
14239 51 9013 294 50681 298 57760
14239 51 9013 383 69092 294 43961 294 57760
14239 51 9013 383 66628 75 41897 32 57760
14239 51 9013 383 59805 75 43308 32 57760
14239 51 9013 383 59805 75 65919 294 57760
14239 51 9013 383 59805 75 5172 32 57760
14239 51 9013 383 59805 75 14805 32 57760
14239 51 9013 383 59805 75 65920 32 57760
14239 51 9013 383 59805 75 66989 32 57760
14239 51 9013 383 59805 75 58960 32 57760
14239 51 9013 383 59805 75 60412 32 57760
14239 51 9013 383 59805 75 56518 32 57760
14239 51 9013 383 59805 75 6315 32 57760
14239 51 9013 383 34045 358 2588 28 556 32 57760
14239 51 9013 383 34045 358 2588 28 31286 32 57760
14239 51 9013 383 34045 358 2588 28 50736 32 57760
14239 51 9013 383 34045 358 2588 28 72700 32 57760
14239 51 9013 383 34045 358 2588 28 75324 294 57760
14239 51 9013 383 34045 358 2588 28 39494 294 57760
14239 51 9013 383 34045 358 2588 28 22258 294 57760
14239 51 9013 383 34045 358 2588 28 17926 32 57760
14239 51 9013 383 69092 75 53751 300 59812 211 57760
14239 51 9013 383 69092 294 16834 75 68135 32 57760
14239 51 9013 298 75235 151 33054 32 27729 294 57760
