25182 294 29427
25182 151 29427
25182 332 29052 31 29427
25182 332 29064 31 29427
25182 332 29052 31 23705 32 29427
25182 332 29052 31 1444 383 29427
25182 332 29052 31 1444 28 29427
25182 332 29052 31 1444 107 29427
25182 332 29052 31 1444 277 29427
25182 332 29052 31 32357 196 29427
25182 332 29052 31 33054 32 29427
25182 332 29052 31 24058 196 29427
25182 332 29052 31 4598 34 29427
25182 332 29052 31 32824 28 29427
25182 332 29052 31 32824 277 29427
25182 332 29052 31 25928 303 29427
25182 332 29052 31 69099 244 29427
25182 332 29052 31 55164 252 29427
25182 332 29052 31 55164 32 29427
25182 332 29052 31 55164 369 29427
25182 332 29052 31 72636 383 29427
25182 332 29052 31 72636 28 29427
25182 332 29052 31 72636 240 29427
25182 332 29052 31 72636 277 29427
25182 332 29052 31 34480 107 29427
25182 332 29052 31 19870 34 29427
25182 332 29052 31 61624 227 29427
25182 332 29052 31 61624 34 29427
25182 332 29052 31 26159 196 29427
25182 332 29052 369 69092 294 29427
25182 332 29064 31 9478 227 29427
25182 332 29064 31 52683 34 29427
25182 332 29064 31 5319 75 29427
25182 332 29064 31 5319 277 29427
25182 332 29064 31 5319 151 29427
25182 332 29064 31 68655 272 29427
25182 332 29052 31 34575 332 65855 31 29427
25182 332 29052 31 34575 332 65861 31 29427
25182 332 29052 31 34575 332 65853 31 29427
25182 332 29052 31 34575 332 23453 31 29427
25182 332 29052 31 34575 332 29065 31 29427
25182 332 29052 31 15024 332 1707 31 29427
25182 332 29052 31 15024 332 10045 31 29427
25182 332 29052 31 15024 332 1705 31 29427
25182 332 29052 31 15024 332 65857 31 29427
25182 332 29052 31 15024 332 65856 31 29427
25182 332 29052 31 15024 332 29061 31 29427
25182 332 29052 31 15024 332 68334 31 29427
25182 332 29052 31 70136 332 68336 31 29427
25182 332 29052 31 70136 332 68337 31 29427
25182 332 29052 31 44925 332 68338 31 29427
25182 332 29052 31 72079 332 32380 31 29427
25182 332 29052 31 72079 256 54168 254 29427
25182 332 29052 31 72079 256 54168 141 29427
25182 332 29052 31 72079 75 41897 252 29427
25182 332 29052 31 72079 297 61222 231 29427
25182 332 29052 31 64880 369 73592 358 29427
25182 332 29052 31 64880 303 7846 32 29427
25182 332 29052 31 17625 114 33504 28 29427
25182 332 29052 31 59683 252 6067 151 29427
25182 332 29052 31 72862 369 53811 277 29427
25182 332 29052 31 12741 385 13617 141 29427
25182 332 29052 31 65908 114 72858 100 29427
25182 332 29052 31 65908 332 60309 31 29427
25182 332 29052 31 65908 75 27067 32 29427
25182 332 29052 31 65908 75 27067 358 29427
25182 332 29052 31 51574 114 21109 155 29427
25182 332 29052 31 51574 75 25961 32 29427
25182 332 29052 31 24865 32 57047 383 29427
25182 332 29052 31 43908 32 4148 75 29427
25182 332 29052 31 43908 32 4148 277 29427
25182 332 29052 31 43908 32 48050 75 29427
25182 332 29052 31 43908 369 73831 277 29427
25182 332 29052 31 70550 15 480 147 29427
25182 332 29052 31 70550 382 44428 6 29427
25182 332 29052 31 69841 114 21356 34 29427
25182 332 29052 31 1444 383 56734 75 29427
25182 332 29052 31 1444 383 61102 75 29427
25182 332 29052 31 1444 75 53499 32 29427
25182 332 29052 31 1444 114 49880 155 29427
25182 332 29052 31 6576 382 49431 100 29427
25182 332 29052 31 67997 348 15756 107 29427
25182 332 29052 31 67997 348 15756 383 29427
25182 332 29052 31 67997 356 51755 373 29427
25182 332 29052 31 67997 356 17373 373 29427
25182 332 29052 31 67997 356 17373 105 29427
25182 332 29052 31 59627 32 60841 277 29427
25182 332 29052 31 51394 155 41458 383 29427
25182 332 29052 31 51394 155 41458 28 29427
25182 332 29052 31 51394 155 41458 277 29427
25182 332 29052 31 33054 277 46241 63 29427
25182 332 29052 31 33054 32 73168 294 29427
25182 332 29052 31 33054 32 73168 369 29427
25182 332 29052 31 33054 32 73168 358 29427
25182 332 29052 31 33054 32 73168 252 29427
25182 332 29052 31 33054 32 28306 196 29427
25182 332 29052 31 24058 196 51420 75 29427
25182 332 29052 31 24058 196 51420 252 29427
25182 332 29052 31 24058 196 51420 28 29427
25182 332 29052 31 24058 6 44438 100 29427
25182 332 29052 31 24058 114 33951 383 29427
25182 332 29052 31 24058 114 33951 107 29427
25182 332 29052 31 39520 75 70836 100 29427
25182 332 29052 31 39520 114 33095 155 29427
25182 332 29052 31 39520 114 33095 32 29427
25182 332 29052 31 39520 114 30112 172 29427
25182 332 29052 31 39520 114 30112 155 29427
25182 332 29052 31 39520 114 30112 382 29427
25182 332 29052 31 39520 114 30112 32 29427
25182 332 29052 31 39520 114 40825 100 29427
25182 332 29052 31 39520 114 49761 172 29427
25182 332 29052 31 39520 114 49761 100 29427
25182 332 29052 31 39520 294 3940 365 29427
25182 332 29052 31 48923 114 25694 155 29427
25182 332 29052 31 22772 22 37302 28 29427
25182 332 29052 31 22772 22 37302 277 29427
25182 332 29052 31 56620 6 26378 172 29427
25182 332 29052 31 56620 6 26378 227 29427
25182 332 29052 31 56620 6 26378 34 29427
25182 332 29052 31 19933 252 3477 32 29427
25182 332 29052 31 19933 252 3477 358 29427
25182 332 29052 31 56438 369 19754 277 29427
25182 332 29052 31 45229 8 16686 25 29427
25182 332 29052 31 9013 298 40837 32 29427
25182 332 29052 31 58806 147 68441 172 29427
25182 332 29052 31 19847 114 64349 383 29427
25182 332 29052 31 19847 114 64349 28 29427
25182 332 29052 31 19847 114 49546 100 29427
25182 332 29052 31 19847 294 31011 155 29427
25182 332 29052 31 25889 8 75194 25 29427
25182 332 29052 31 25889 244 18333 244 29427
25182 332 29052 31 25889 244 18333 291 29427
25182 332 29052 31 69099 26 67375 100 29427
25182 332 29052 31 69099 26 17820 100 29427
25182 332 29052 31 69099 26 1031 100 29427
25182 332 29052 31 69099 126 63077 155 29427
25182 332 29052 31 69099 126 63077 32 29427
25182 332 29052 31 69099 298 37250 301 29427
25182 332 29052 31 69099 291 16302 244 29427
25182 332 29052 31 69099 8 30376 25 29427
25182 332 29052 31 69099 290 15944 383 29427
25182 332 29052 31 69099 290 15944 227 29427
25182 332 29052 31 69099 290 15944 305 29427
25182 332 29052 31 69099 290 15944 34 29427
25182 332 29052 31 69099 290 46562 227 29427
25182 332 29052 31 3042 290 58982 227 29427
25182 332 29052 31 3650 95 42621 227 29427
25182 332 29052 31 3650 95 42621 34 29427
25182 332 29052 31 59413 282 68417 34 29427
25182 332 29052 31 19694 75 17869 32 29427
25182 332 29052 31 61624 385 65559 141 29427
25182 332 29052 31 61624 385 69010 141 29427
25182 332 29052 31 61624 385 13030 141 29427
25182 332 29052 31 61624 385 50791 141 29427
25182 332 29052 31 61624 385 20340 141 29427
25182 332 29052 31 61624 385 60502 217 29427
25182 332 29052 31 61624 385 74970 141 29427
25182 332 29052 31 61624 385 60034 141 29427
25182 332 29052 31 61624 385 39435 217 29427
25182 332 29052 31 61624 385 60520 217 29427
25182 332 29052 31 61624 385 60313 217 29427
25182 332 29052 31 61624 385 52621 217 29427
25182 332 29052 31 61624 385 54001 217 29427
25182 332 29052 31 61624 385 73609 141 29427
25182 332 29052 31 61624 230 56574 141 29427
25182 332 29052 31 61624 230 30875 141 29427
25182 332 29052 31 61624 230 17303 141 29427
25182 332 29052 31 61624 230 34690 141 29427
25182 332 29052 31 61624 230 71598 217 29427
25182 332 29052 31 61624 230 18846 217 29427
25182 332 29052 31 61624 230 62509 217 29427
25182 332 29052 31 61624 230 1561 217 29427
25182 332 29052 31 61624 230 52704 217 29427
25182 332 29052 31 61624 230 69029 217 29427
25182 332 29052 31 61624 230 53304 217 29427
25182 332 29052 31 61624 230 24313 217 29427
25182 332 29052 31 33377 202 52893 383 29427
25182 332 29052 369 69092 114 16864 227 29427
25182 332 29052 369 69092 114 16864 34 29427
25182 332 29052 369 69092 114 46461 100 29427
25182 332 29052 369 69092 294 24837 227 29427
25182 332 29052 369 69092 294 24837 34 29427
25182 332 29064 31 16834 91 34419 155 29427
25182 332 29064 31 16834 91 34419 32 29427
25182 332 29064 31 16834 75 46206 32 29427
25182 332 29064 31 53409 336 47491 227 29427
25182 332 29064 31 53409 336 47491 34 29427
25182 332 29064 31 41065 290 30438 100 29427
25182 332 29064 31 5838 8 48522 25 29427
25182 332 29064 31 27223 158 50226 32 29427
25182 332 29064 31 10558 158 53227 155 29427
25182 332 29064 31 10558 158 65501 32 29427
25182 332 29064 31 10558 158 73624 32 29427
25182 332 29064 369 23785 277 16659 310 29427
25182 332 29064 369 23785 277 17045 369 29427
25182 114 39719 342 64632 112 18173 369 29427
25182 332 29052 31 34575 332 65855 31 70604 227 29427
25182 332 29052 31 34575 332 65855 31 70604 34 29427
25182 332 29052 31 34575 332 65855 31 67212 34 29427
25182 332 29052 31 34575 332 65855 31 5019 34 29427
25182 332 29052 31 34575 332 65853 31 4800 34 29427
25182 332 29052 31 34575 332 23453 31 19404 100 29427
25182 332 29052 31 34575 332 23453 31 19404 34 29427
25182 332 29052 31 15024 332 65857 31 32911 34 29427
25182 332 29052 31 15024 332 65856 31 2007 227 29427
25182 332 29052 31 62011 336 14504 255 6780 34 29427
25182 332 29052 31 62011 336 14504 255 17669 305 29427
25182 332 29052 31 62011 336 14504 255 58803 172 29427
25182 332 29052 31 62011 336 14504 255 58803 227 29427
25182 332 29052 31 62011 336 14504 255 58803 34 29427
25182 332 29052 31 62011 336 14504 255 5301 227 29427
25182 332 29052 31 62011 336 14504 255 4878 305 29427
25182 332 29052 31 62011 336 14504 255 49718 305 29427
25182 332 29052 31 62011 336 14504 255 66237 305 29427
25182 332 29052 31 62011 336 14504 255 12641 172 29427
25182 332 29052 31 62011 336 14504 255 12641 227 29427
25182 332 29052 31 62011 336 14504 255 12641 34 29427
25182 332 29052 31 62011 336 14504 255 69112 100 29427
25182 332 29052 31 62011 336 14504 255 65280 305 29427
25182 332 29052 31 62011 336 14504 255 57955 227 29427
25182 332 29052 31 62011 336 14504 255 27378 227 29427
25182 332 29052 31 62011 336 14504 255 21883 305 29427
25182 332 29052 31 62011 336 14504 255 12095 227 29427
25182 332 29052 31 62011 336 14504 255 12095 305 29427
25182 332 29052 31 62011 336 14504 255 17289 305 29427
25182 332 29052 31 62011 336 14504 255 15731 305 29427
25182 332 29052 31 62011 336 14504 255 43084 305 29427
25182 332 29052 31 62011 336 14504 255 73010 305 29427
25182 332 29052 31 62011 336 14504 255 24741 305 29427
25182 332 29052 31 62011 336 14504 255 55135 227 29427
25182 332 29052 31 62011 336 14504 255 64811 305 29427
25182 332 29052 31 62011 336 14504 230 24300 141 29427
25182 332 29052 31 62011 336 14504 230 22609 217 29427
25182 332 29052 31 62011 336 14504 230 15880 217 29427
25182 332 29052 31 62011 336 53751 277 29310 369 29427
25182 332 29052 31 62011 336 53751 252 32786 32 29427
25182 332 29052 31 62011 336 53751 252 32786 358 29427
25182 332 29052 31 62011 336 53751 105 15084 172 29427
25182 332 29052 31 62011 336 53751 105 15084 155 29427
25182 332 29052 31 62011 336 53751 105 43619 155 29427
25182 332 29052 31 62011 336 53751 105 43619 32 29427
25182 332 29052 31 62011 336 53751 255 66711 227 29427
25182 332 29052 31 62011 336 53751 255 23108 227 29427
25182 332 29052 31 62011 336 53751 255 5688 305 29427
25182 332 29052 31 62011 336 53751 255 70864 305 29427
25182 332 29052 31 62011 336 53751 255 11701 100 29427
25182 332 29052 31 62011 336 53751 255 486 100 29427
25182 332 29052 31 62011 336 53751 255 33466 227 29427
25182 332 29052 31 62011 336 53751 255 33466 34 29427
25182 332 29052 31 62011 336 53751 255 34279 227 29427
25182 332 29052 31 65268 72 67410 75 20187 303 29427
25182 332 29052 31 65268 72 67410 75 20187 342 29427
25182 332 29052 31 65268 72 67410 75 31538 100 29427
25182 332 29052 31 72079 300 62434 211 32762 196 29427
25182 332 29052 31 72079 256 54168 254 58402 100 29427
25182 332 29052 31 72079 256 54168 141 65052 34 29427
25182 332 29052 31 64880 213 58833 121 43823 227 29427
25182 332 29052 31 17625 114 33504 155 38916 369 29427
25182 332 29052 31 17625 114 33504 155 38916 358 29427
25182 332 29052 31 56660 60 21435 252 7937 34 29427
25182 332 29052 31 67481 398 43765 258 41015 227 29427
25182 332 29052 31 65908 114 72858 155 29183 294 29427
25182 332 29052 31 65908 114 72858 100 22532 294 29427
25182 332 29052 31 65908 114 72858 100 22532 369 29427
25182 332 29052 31 65908 114 72858 100 75490 32 29427
25182 332 29052 31 65908 114 72858 100 33281 294 29427
25182 332 29052 31 65908 114 72858 100 33281 369 29427
25182 332 29052 31 65908 114 72858 100 33281 252 29427
25182 332 29052 31 65908 114 72858 100 11368 252 29427
25182 332 29052 31 65908 114 72858 100 11368 310 29427
25182 332 29052 31 65908 114 72858 100 11368 369 29427
25182 332 29052 31 65908 114 72858 100 11368 358 29427
25182 332 29052 31 65908 114 72858 100 25218 32 29427
25182 332 29052 31 65908 114 72858 100 11746 294 29427
25182 332 29052 31 65908 114 72858 100 11746 369 29427
25182 332 29052 31 65908 114 72858 100 49251 32 29427
25182 332 29052 31 65908 114 72858 100 49251 151 29427
25182 332 29052 31 65908 114 72858 100 49251 358 29427
25182 332 29052 31 65908 114 72858 100 5874 252 29427
25182 332 29052 31 65908 114 72858 100 5874 294 29427
25182 332 29052 31 65908 114 72858 100 5874 369 29427
25182 332 29052 31 65908 114 72858 100 5874 358 29427
25182 332 29052 31 65908 114 72858 100 48471 252 29427
25182 332 29052 31 65908 114 72858 100 48471 294 29427
25182 332 29052 31 65908 114 72858 100 48471 369 29427
25182 332 29052 31 65908 114 72858 100 48471 358 29427
25182 332 29052 31 65908 75 27067 32 64472 32 29427
25182 332 29052 31 65908 75 27067 32 34931 32 29427
25182 332 29052 31 65908 75 27067 32 34931 151 29427
25182 332 29052 31 51574 114 21109 155 50075 294 29427
25182 332 29052 31 51574 114 21109 155 50075 369 29427
25182 332 29052 31 51574 114 21109 155 50075 252 29427
25182 332 29052 31 24865 32 57047 364 46454 34 29427
25182 332 29052 31 23705 32 26642 75 46577 32 29427
25182 332 29052 31 23705 32 2516 290 58098 100 29427
25182 332 29052 31 43908 252 41154 277 49833 32 29427
25182 332 29052 31 43908 32 9132 272 48304 252 29427
25182 332 29052 31 43908 32 9132 272 48304 32 29427
25182 332 29052 31 43908 32 9132 272 48304 369 29427
25182 332 29052 31 43908 32 9132 272 48304 358 29427
25182 332 29052 31 43908 369 73831 252 59457 32 29427
25182 332 29052 31 43908 369 6170 28 23406 37 29427
25182 332 29052 31 17624 356 62111 387 53464 41 29427
25182 332 29052 31 17624 356 62111 387 13242 41 29427
25182 332 29052 31 15004 94 32131 126 34187 305 29427
25182 332 29052 31 15004 94 32131 126 30327 305 29427
25182 332 29052 31 15004 94 32131 126 38121 305 29427
25182 332 29052 31 15004 94 32131 126 3143 100 29427
25182 332 29052 31 15004 94 32131 290 35539 305 29427
25182 332 29052 31 15004 94 32131 290 32548 227 29427
25182 332 29052 31 15004 94 32131 290 32548 34 29427
25182 332 29052 31 15004 94 32131 290 37054 305 29427
25182 332 29052 31 15004 94 32131 84 69488 41 29427
25182 332 29052 31 1444 383 38944 315 55497 155 29427
25182 332 29052 31 1444 297 33297 75 73774 34 29427
25182 332 29052 31 1444 297 482 272 23902 32 29427
25182 332 29052 31 1444 297 482 272 23902 151 29427
25182 332 29052 31 1444 297 482 272 23902 358 29427
25182 332 29052 31 67997 356 17373 373 33692 63 29427
25182 332 29052 31 59627 32 60841 277 23156 369 29427
25182 332 29052 31 59220 5 72687 217 50054 63 29427
25182 332 29052 31 33054 277 59050 63 74864 252 29427
25182 332 29052 31 33054 277 59050 63 74864 310 29427
25182 332 29052 31 33054 277 59050 63 74864 294 29427
25182 332 29052 31 33054 277 59050 63 74864 369 29427
25182 332 29052 31 33054 277 59050 63 74864 358 29427
25182 332 29052 31 33054 32 50528 75 2475 32 29427
25182 332 29052 31 39520 114 40825 336 38412 305 29427
25182 332 29052 31 55478 151 67689 382 43756 32 29427
25182 332 29052 31 25889 8 75194 25 54447 32 29427
25182 332 29052 31 25889 8 75194 25 75427 252 29427
25182 332 29052 31 25889 8 75194 25 75427 294 29427
25182 332 29052 31 25889 8 75194 25 75427 369 29427
25182 332 29052 31 25889 8 75194 25 75427 358 29427
25182 332 29052 31 55164 358 20249 272 8244 32 29427
25182 332 29052 31 55164 358 20249 272 8244 369 29427
25182 332 29052 31 55164 358 20249 272 8244 252 29427
25182 332 29052 31 59128 45 41876 23 29726 32 29427
25182 332 29052 31 59413 285 18017 106 62368 41 29427
25182 332 29052 31 72636 297 58416 272 30793 244 29427
25182 332 29052 31 72636 240 20503 290 55889 227 29427
25182 332 29052 31 72636 240 20503 290 55889 34 29427
25182 332 29052 31 72636 240 20503 84 27293 41 29427
25182 332 29052 31 17630 24 2759 122 67379 63 29427
25182 332 29052 31 17630 24 2759 122 15608 63 29427
25182 332 29052 31 5604 110 18069 256 13172 254 29427
25182 332 29052 31 5604 110 18069 256 13172 141 29427
25182 332 29052 31 5604 110 18069 256 32820 254 29427
25182 332 29052 31 5604 110 18069 256 48002 141 29427
25182 332 29052 31 5604 110 18069 256 48002 254 29427
25182 332 29052 31 5604 110 18069 256 48002 35 29427
25182 332 29052 31 41295 213 51108 121 36714 305 29427
25182 332 29052 31 41295 213 51108 121 16100 305 29427
25182 332 29064 31 15658 213 59725 121 7849 100 29427
25182 332 29064 31 10558 158 53227 155 32632 32 29427
25182 332 29052 31 65908 114 72858 100 34382 26 12000 100 29427
25182 332 29052 31 51574 114 27323 34 38748 208 65772 51 29427
25182 332 29052 31 24865 32 57047 339 49027 383 61543 294 29427
25182 332 29052 31 24865 32 57047 339 49027 383 61543 369 29427
25182 332 29052 31 24865 32 57047 339 49027 383 61543 358 29427
25182 332 29052 31 24865 32 57047 339 49027 383 61543 252 29427
25182 332 29052 31 67997 348 15756 364 10433 268 42601 34 29427
25182 332 29052 31 67997 356 17373 373 68050 256 36150 254 29427
25182 332 29052 31 33054 252 44440 277 72814 114 55153 34 29427
25182 332 29052 31 24058 6 44438 336 53794 336 1525 227 29427
25182 332 29052 31 24058 6 44438 336 53794 336 1525 34 29427
25182 332 29052 31 39091 28 11871 129 67873 192 14792 21 29427
25182 332 29052 31 25889 8 75194 248 72746 139 68178 25 29427
25182 332 29052 31 72997 278 38591 119 62986 295 29029 63 29427
25182 332 29052 31 72997 278 38591 119 62986 295 72376 63 29427
25182 332 29052 31 15024 332 10045 31 40065 398 58365 203 32725 227 29427
25182 332 29052 31 15024 332 10045 31 40065 398 58365 203 32725 34 29427
25182 332 29052 31 62011 336 53751 255 486 192 70463 21 68271 252 29427
25182 332 29052 31 62011 336 53751 255 486 192 70463 21 68271 294 29427
25182 332 29052 31 62011 336 53751 255 486 192 70463 21 68271 369 29427
25182 332 29052 31 62011 336 53751 255 486 192 70463 21 68271 358 29427
25182 332 29052 31 15004 94 32131 125 55748 129 38054 373 57247 356 45655 34 29427
25182 332 29052 31 15004 94 32131 125 55748 129 38054 192 6290 147 67461 227 29427
