54177 294 1444
54177 75 41897 32 1444
54177 75 41897 358 1444
54177 383 69092 294 1444
54177 75 70644 369 33054 277 1444
54177 75 41897 252 38944 310 1444
54177 75 41897 252 38944 294 1444
54177 75 41897 252 38944 358 1444
54177 75 41897 252 33630 32 1444
54177 75 41897 252 28806 6 1444
54177 75 41897 252 28376 32 1444
54177 75 41897 252 28376 358 1444
54177 75 41897 252 29427 310 1444
54177 75 41897 252 29427 294 1444
54177 75 41897 252 29427 369 1444
54177 75 41897 252 29427 358 1444
54177 75 41897 252 25110 294 1444
54177 75 41897 277 40313 31 1444
54177 75 41897 277 40309 31 1444
54177 75 41897 277 68338 31 1444
54177 75 41897 277 68339 31 1444
54177 75 41897 277 31869 31 1444
54177 75 41897 277 65526 31 1444
54177 75 41897 277 51355 31 1444
54177 75 41897 277 51358 31 1444
54177 75 41897 277 65861 31 1444
54177 75 41897 277 65856 31 1444
54177 75 41897 277 65857 31 1444
54177 75 41897 277 23887 31 1444
54177 75 41897 277 68803 31 1444
54177 75 41897 277 12804 31 1444
54177 75 41897 277 12801 31 1444
54177 75 41897 277 4454 31 1444
54177 75 41897 32 53499 32 1444
54177 75 41897 32 71850 294 1444
54177 75 55659 114 72858 155 1444
54177 75 55659 75 27067 32 1444
54177 383 64361 32 59204 231 1444
54177 383 69092 142 9488 104 1444
54177 383 69092 142 55302 104 1444
54177 383 69092 32 24879 310 1444
54177 383 69092 294 21890 294 1444
54177 383 69092 294 39260 294 1444
54177 383 69092 294 40417 231 1444
54177 383 69092 294 19933 294 1444
54177 383 69092 294 42634 294 1444
54177 383 69092 294 61222 231 1444
54177 383 69092 294 63472 101 1444
54177 383 69092 294 74024 231 1444
54177 383 69092 294 40455 231 1444
54177 383 69092 294 25986 231 1444
54177 383 69092 151 10045 31 1444
54177 383 69092 151 1707 31 1444
54177 383 69092 151 12802 31 1444
54177 383 69092 151 1705 31 1444
54177 383 69092 151 68336 31 1444
54177 383 69092 151 68337 31 1444
54177 383 69092 151 68334 31 1444
54177 383 69092 151 32380 31 1444
54177 383 69092 151 40315 31 1444
54177 383 69092 151 12340 31 1444
54177 383 69092 151 40319 31 1444
54177 383 69092 277 33297 231 1444
54177 383 69092 277 38500 294 1444
54177 383 69092 277 38619 231 1444
54177 383 69092 277 44477 310 1444
54177 383 69092 277 60309 31 1444
54177 383 69092 277 60031 31 1444
54177 383 69092 277 60306 31 1444
54177 383 69092 277 68807 31 1444
54177 383 69092 277 12805 31 1444
54177 383 69092 277 12808 31 1444
54177 383 69092 277 40312 31 1444
54177 383 69092 277 40308 31 1444
54177 383 69092 277 51359 31 1444
54177 383 69092 277 29052 31 1444
54177 383 69092 277 29065 31 1444
54177 383 69092 277 29064 31 1444
54177 383 69092 277 23453 31 1444
54177 383 69092 277 29061 31 1444
54177 383 69092 277 6058 31 1444
54177 383 69092 277 54139 31 1444
54177 383 69092 277 54136 31 1444
54177 383 69092 277 6696 31 1444
54177 383 69092 277 14964 31 1444
54177 383 69092 277 65853 31 1444
54177 383 69092 277 65855 31 1444
54177 383 69092 252 69931 294 1444
54177 75 60475 369 25489 277 73217 342 1444
54177 75 60475 369 25489 277 73217 303 1444
54177 75 70644 369 33054 277 51394 155 1444
54177 75 70644 369 33054 277 30480 32 1444
54177 75 70644 369 33054 277 30480 358 1444
54177 75 70644 369 33054 277 55065 202 1444
54177 75 70644 369 33054 252 65814 303 1444
54177 75 70644 369 33054 252 65814 342 1444
54177 75 70644 369 33054 252 24865 32 1444
54177 75 70644 369 33054 252 44233 32 1444
54177 75 70644 369 33054 32 47902 294 1444
54177 75 70644 369 33054 32 38055 294 1444
54177 75 70644 369 33054 151 62434 211 1444
54177 75 41897 252 7377 60 21435 22 1444
54177 75 41897 252 7377 60 21435 130 1444
54177 75 41897 252 4830 332 68805 31 1444
54177 75 41897 252 4830 114 27376 155 1444
54177 75 41897 252 70550 300 55657 211 1444
54177 75 41897 252 70550 256 54168 254 1444
54177 75 41897 252 60170 356 18597 155 1444
54177 75 41897 252 17020 294 46511 231 1444
54177 75 41897 252 60885 359 18645 172 1444
54177 75 41897 252 75205 300 66239 211 1444
54177 75 41897 252 65174 332 26184 31 1444
54177 75 41897 252 65174 396 54516 35 1444
54177 75 41897 252 53751 382 616 358 1444
54177 75 41897 252 32357 332 32341 31 1444
54177 75 41897 252 32357 332 31874 31 1444
54177 75 41897 252 32357 332 54134 31 1444
54177 75 41897 252 32357 332 3992 31 1444
54177 75 41897 252 32357 332 3980 31 1444
54177 75 41897 252 32357 332 40770 31 1444
54177 75 41897 252 32357 332 10188 31 1444
54177 75 41897 252 32357 332 14966 31 1444
54177 75 41897 252 32357 332 42993 31 1444
54177 75 41897 252 32357 332 36617 31 1444
54177 75 41897 252 28376 332 71061 31 1444
54177 75 41897 252 28376 103 19194 268 1444
54177 75 41897 252 58806 332 23890 31 1444
54177 75 41897 252 58806 72 45397 231 1444
54177 75 41897 252 29427 114 49880 155 1444
54177 75 41897 252 29427 252 5319 294 1444
54177 75 41897 252 29427 32 61102 294 1444
54177 75 41897 252 29427 32 56734 294 1444
54177 75 41897 252 29427 291 69099 294 1444
54177 75 41897 252 50528 373 26494 356 1444
54177 75 41897 277 40313 31 33377 202 1444
54177 75 41897 277 65857 31 70261 202 1444
54177 75 41897 277 33504 155 18556 294 1444
54177 75 41897 32 24058 196 26742 231 1444
54177 75 41897 32 24058 196 62834 231 1444
54177 75 41897 32 24058 196 6003 231 1444
54177 75 41897 32 24058 196 56340 231 1444
54177 75 41897 32 71850 142 64351 104 1444
54177 75 41897 32 71850 142 8487 104 1444
54177 75 41897 32 71850 142 15727 104 1444
54177 75 41897 32 71850 142 12711 104 1444
54177 75 41897 32 71850 142 47953 104 1444
54177 75 41897 32 71850 142 24957 104 1444
54177 75 41897 32 12051 142 47100 104 1444
54177 383 69092 75 19847 32 62261 231 1444
54177 383 69092 75 3650 222 12599 202 1444
54177 383 69092 75 34480 339 74165 231 1444
54177 383 69092 75 34480 147 14461 164 1444
54177 383 69092 142 38128 265 29827 294 1444
54177 383 69092 142 69820 257 44663 104 1444
54177 383 69092 142 28020 270 58424 104 1444
54177 383 69092 142 28020 270 48160 104 1444
54177 383 69092 142 28020 270 63177 104 1444
54177 383 69092 142 28020 257 75270 104 1444
54177 383 69092 142 28020 257 12323 104 1444
54177 383 69092 142 28020 257 29507 104 1444
54177 383 69092 142 39737 15 21859 104 1444
54177 383 69092 142 39737 15 33691 104 1444
54177 383 69092 32 57047 142 48666 104 1444
54177 383 69092 32 57047 142 54654 104 1444
54177 383 69092 32 57047 142 54934 104 1444
54177 383 69092 32 57047 142 37564 104 1444
54177 383 69092 32 57047 142 24185 104 1444
54177 383 69092 32 57047 142 17545 104 1444
54177 383 69092 32 57047 142 71632 104 1444
54177 383 69092 32 57047 142 1173 104 1444
54177 383 69092 32 57047 142 55597 104 1444
54177 383 69092 32 57047 142 14885 104 1444
54177 383 69092 32 57047 142 70085 104 1444
54177 383 69092 32 57047 142 48321 104 1444
54177 383 69092 32 57047 142 37 104 1444
54177 383 69092 32 57047 142 50950 104 1444
54177 383 69092 32 57047 142 29474 104 1444
54177 383 69092 32 57047 142 51242 104 1444
54177 383 69092 32 57047 142 66036 104 1444
54177 383 69092 32 57047 142 45478 104 1444
54177 383 69092 294 60562 161 36583 231 1444
54177 383 69092 294 60562 161 36029 294 1444
54177 383 69092 294 15756 396 58146 35 1444
54177 383 69092 294 15756 142 22706 104 1444
54177 383 69092 294 15756 142 70124 104 1444
54177 383 69092 294 72636 339 13183 231 1444
54177 383 69092 294 72636 339 482 231 1444
54177 383 69092 294 61222 142 45355 104 1444
54177 383 69092 294 61222 142 50194 104 1444
54177 383 69092 294 61222 142 31733 104 1444
54177 383 69092 294 61222 142 17022 104 1444
54177 383 69092 294 61222 142 35849 104 1444
54177 383 69092 294 61222 142 14907 104 1444
54177 383 69092 294 61222 142 419 104 1444
54177 383 69092 294 61222 142 37518 104 1444
54177 383 69092 294 61222 142 63011 104 1444
54177 383 69092 294 61222 142 9117 104 1444
54177 383 69092 294 61222 142 41221 104 1444
54177 383 69092 294 61222 142 6260 104 1444
54177 383 69092 294 61222 142 58385 104 1444
54177 383 69092 294 61222 142 60345 104 1444
54177 383 69092 294 61222 142 50967 104 1444
54177 383 69092 294 61222 142 10347 104 1444
54177 383 69092 294 61222 142 10087 104 1444
54177 383 69092 294 61222 142 32963 104 1444
54177 383 69092 294 61222 142 66635 104 1444
54177 383 69092 294 61222 20 74017 294 1444
54177 383 69092 294 73556 332 5471 31 1444
54177 383 69092 277 29065 31 52660 32 1444
54177 75 70644 369 33054 277 40730 105 45914 172 1444
54177 75 70644 369 33054 277 25928 338 50447 104 1444
54177 75 70644 369 33054 277 25928 338 38769 104 1444
54177 75 70644 369 33054 277 25928 338 55950 104 1444
54177 75 70644 369 33054 277 52898 338 28487 104 1444
54177 75 70644 369 33054 277 52898 338 28111 104 1444
54177 75 70644 369 33054 277 52898 338 34645 104 1444
54177 75 70644 369 33054 277 52898 338 7919 104 1444
54177 75 70644 369 33054 277 52898 338 31534 104 1444
54177 75 70644 369 33054 277 52898 338 39258 104 1444
54177 75 70644 369 33054 277 52898 338 17015 104 1444
54177 75 70644 369 33054 277 52898 65 44202 104 1444
54177 75 70644 369 33054 277 52898 65 56983 104 1444
54177 75 41897 252 70550 256 54168 254 9367 147 1444
54177 75 41897 252 58806 359 57906 102 21303 342 1444
54177 75 41897 277 52204 31 59220 361 23261 104 1444
54177 75 41897 277 52204 31 59220 361 20210 104 1444
54177 383 69092 142 69820 352 64473 65 38438 104 1444
