55787 294 19847
55787 332 29064 31 19847
55787 290 56412 100 19847
55787 290 8607 100 19847
55787 290 62647 100 19847
55787 290 30823 100 19847
55787 290 70563 100 19847
55787 290 55983 100 19847
55787 290 17555 100 19847
55787 290 9959 100 19847
55787 290 8774 100 19847
55787 290 2943 100 19847
55787 290 7990 100 19847
55787 114 34219 32 19847
55787 50 26411 51 19847
55787 297 61222 231 19847
55787 332 29064 31 23705 32 19847
55787 332 29064 31 57305 277 19847
55787 332 29064 31 32357 196 19847
55787 332 29064 31 24058 196 19847
55787 332 29064 31 3929 47 19847
55787 332 29064 31 3650 107 19847
55787 332 29064 31 3650 277 19847
55787 332 29064 31 33744 365 19847
55787 332 29064 31 57303 51 19847
55787 332 29064 369 69092 75 19847
55787 332 29064 369 69092 32 19847
55787 332 29064 369 69092 151 19847
55787 332 29064 369 69092 277 19847
55787 290 70563 155 29457 301 19847
55787 290 70563 155 29457 51 19847
55787 290 70563 155 29457 94 19847
55787 290 70563 155 29457 294 19847
55787 290 70563 155 29457 358 19847
55787 114 34219 155 53230 51 19847
55787 114 34219 155 53230 94 19847
55787 126 64316 357 11356 100 19847
55787 126 43338 373 18652 100 19847
55787 297 61222 231 62261 75 19847
55787 297 61222 231 62261 277 19847
55787 297 61222 231 64701 107 19847
55787 297 61222 231 31011 383 19847
55787 297 61222 231 7339 383 19847
55787 297 61222 20 64349 155 19847
55787 297 61222 20 50812 252 19847
55787 332 29064 31 12921 332 65855 31 19847
55787 332 29064 31 12921 332 29065 31 19847
55787 332 29064 31 25880 332 29061 31 19847
55787 332 29064 31 25880 332 23453 31 19847
55787 332 29064 31 28650 332 65853 31 19847
55787 332 29064 31 15024 332 10045 31 19847
55787 332 29064 31 15024 332 65856 31 19847
55787 332 29064 31 15024 332 29052 31 19847
55787 332 29064 31 15024 332 68334 31 19847
55787 332 29064 31 70136 332 65861 31 19847
55787 332 29064 31 72079 300 62434 211 19847
55787 332 29064 31 72079 332 23887 31 19847
55787 332 29064 31 72079 332 6058 31 19847
55787 332 29064 31 72079 332 10188 31 19847
55787 332 29064 31 72637 332 68807 31 19847
55787 332 29064 31 72637 332 68805 31 19847
55787 332 29064 31 65908 114 72858 155 19847
55787 332 29064 31 65908 290 66455 100 19847
55787 332 29064 31 12682 114 21109 155 19847
55787 332 29064 31 12682 75 25961 32 19847
55787 332 29064 31 67997 332 51803 31 19847
55787 332 29064 31 4892 332 10267 31 19847
55787 332 29064 31 32357 332 71055 31 19847
55787 332 29064 31 32357 332 47677 31 19847
55787 332 29064 31 24058 196 9132 75 19847
55787 332 29064 31 24058 6 44438 172 19847
55787 332 29064 31 24058 6 44438 382 19847
55787 332 29064 31 24058 114 33951 32 19847
55787 332 29064 31 15658 336 37269 100 19847
55787 332 29064 31 39520 114 40825 172 19847
55787 332 29064 31 39520 114 40825 382 19847
55787 332 29064 31 39520 114 49761 100 19847
55787 332 29064 31 28376 369 60073 100 19847
55787 332 29064 31 53798 290 58678 100 19847
55787 332 29064 31 3955 114 46903 155 19847
55787 332 29064 31 45229 8 16686 25 19847
55787 332 29064 31 4092 26 16871 100 19847
55787 332 29064 31 59909 146 41639 94 19847
55787 332 29064 31 29427 75 40837 32 19847
55787 332 29064 31 29427 126 61624 100 19847
55787 332 29064 31 29427 290 49546 155 19847
55787 332 29064 31 15060 290 8360 100 19847
55787 332 29064 31 15060 26 5009 100 19847
55787 332 29064 31 4992 290 6574 100 19847
55787 332 29064 31 13725 290 49452 100 19847
55787 332 29064 31 62418 290 65430 100 19847
55787 332 29064 31 67502 26 54538 100 19847
55787 332 29064 31 38325 95 45894 155 19847
55787 332 29064 31 3650 282 28156 155 19847
55787 332 29064 31 3650 282 28156 32 19847
55787 332 29064 31 3650 75 3941 32 19847
55787 332 29064 31 3650 332 30908 31 19847
55787 332 29064 31 6345 364 66267 100 19847
55787 332 29064 31 13248 338 29721 254 19847
55787 332 29064 31 13248 338 29721 202 19847
55787 332 29064 369 69092 294 26349 246 19847
55787 332 29064 369 69092 294 32008 299 19847
55787 332 29064 369 69092 294 15433 227 19847
55787 290 55037 397 47724 115 7347 240 19847
55787 290 59354 227 32131 126 18299 305 19847
55787 290 59354 227 32131 126 44382 305 19847
55787 290 59354 227 32131 126 43339 100 19847
55787 290 59354 227 32131 290 16034 305 19847
55787 290 59354 227 32131 290 56513 227 19847
55787 290 59354 227 32131 290 56513 305 19847
55787 290 59354 227 32131 290 56513 34 19847
55787 290 59354 227 32131 290 47209 100 19847
55787 290 59354 227 32131 290 58816 227 19847
55787 290 59354 227 32131 290 58816 305 19847
55787 290 59354 227 32131 50 6289 51 19847
55787 290 8607 100 22661 290 34201 100 19847
55787 290 70563 100 31216 146 4051 51 19847
55787 290 70563 100 31216 146 4051 94 19847
55787 290 36030 373 61605 32 58689 94 19847
55787 290 8774 100 71749 290 29716 100 19847
55787 290 8774 100 20503 70 14206 51 19847
55787 297 61222 231 53927 364 19687 100 19847
55787 332 29064 31 86 369 33054 277 67447 32 19847
55787 332 29064 31 15024 332 65856 31 26209 51 19847
55787 332 29064 31 15024 332 29052 31 63956 358 19847
55787 332 29064 31 30490 300 59812 110 26560 63 19847
55787 332 29064 31 48632 32 9013 84 33548 246 19847
55787 332 29064 31 48632 32 9013 36 17109 51 19847
55787 332 29064 31 23705 32 47068 75 58728 32 19847
55787 332 29064 31 23705 32 47068 114 3412 155 19847
55787 332 29064 31 23705 32 47068 114 3412 32 19847
55787 332 29064 31 6346 114 67405 155 13145 51 19847
55787 332 29064 31 69544 277 49570 8 24073 25 19847
55787 332 29064 31 19933 75 59278 36 73094 51 19847
55787 332 29064 31 3650 240 24661 50 71936 51 19847
55787 332 29064 31 40496 285 69264 106 29813 41 19847
55787 332 29064 31 32937 277 19447 133 13910 51 19847
55787 332 29064 31 75274 377 10911 238 4735 246 19847
55787 332 29064 31 75274 377 10911 238 71505 246 19847
55787 332 29064 31 75274 377 10911 238 28343 51 19847
55787 332 29064 31 75274 377 10911 238 1587 246 19847
55787 332 29064 31 75274 377 10911 238 20407 246 19847
55787 332 29064 31 75274 377 10911 238 73212 51 19847
55787 332 29064 31 75274 377 10911 238 39216 301 19847
55787 332 29064 31 75274 377 10911 238 39216 94 19847
55787 332 29064 31 75274 377 10911 238 66126 51 19847
55787 332 29064 31 75274 377 10911 238 74917 51 19847
55787 290 59354 227 32131 298 11578 196 69008 51 19847
55787 297 61222 231 59204 75 25599 36 40307 51 19847
55787 332 29064 31 12757 44 9086 210 1592 121 31903 34 19847
55787 332 29064 31 24058 6 44438 336 53794 336 58026 305 19847
