64880 397 59413
64880 332 65856 31 59413
64880 332 29052 31 59413
64880 397 47724 115 59413
64880 369 73592 358 59413
64880 332 65857 31 12741 397 59413
64880 332 65857 31 58804 397 59413
64880 332 65857 31 61962 237 59413
64880 332 65857 31 46167 237 59413
64880 332 65861 31 44464 397 59413
64880 332 10045 252 69092 294 59413
64880 332 10045 252 69092 277 59413
64880 332 68337 31 68880 369 59413
64880 213 58833 121 72858 397 59413
64880 213 58833 121 62274 397 59413
64880 397 47724 282 62702 397 59413
64880 397 47724 282 12445 397 59413
64880 397 47724 282 22277 397 59413
64880 397 47724 282 20810 397 59413
64880 397 47724 282 49546 261 59413
64880 397 47724 282 49546 397 59413
64880 397 47724 297 61222 231 59413
64880 397 47724 297 61222 52 59413
64880 397 47724 237 69083 237 59413
64880 397 47724 237 69083 115 59413
64880 397 47724 237 15756 237 59413
64880 397 47724 237 15756 115 59413
64880 397 47724 115 73838 52 59413
64880 397 47724 24 6452 2 59413
64880 397 47724 24 6452 234 59413
64880 397 47724 24 18017 2 59413
64880 397 47724 24 48074 234 59413
64880 397 47724 24 11544 2 59413
64880 397 47724 24 11544 234 59413
64880 397 47724 288 45069 166 59413
64880 397 47724 288 15325 166 59413
64880 397 47724 95 31376 261 59413
64880 385 54168 254 44046 397 59413
64880 385 54168 254 73969 397 59413
64880 332 65857 31 15024 332 1707 31 59413
64880 332 65857 31 15024 332 23453 31 59413
64880 332 65857 31 15024 332 29061 31 59413
64880 332 65857 31 72079 332 31874 31 59413
64880 332 65857 31 38768 369 3643 32 59413
64880 332 65857 31 64735 342 65814 342 59413
64880 332 65857 31 23705 332 40770 31 59413
64880 332 65857 31 1444 383 69931 236 59413
64880 332 65857 31 1444 332 54134 31 59413
64880 332 65857 31 1444 332 54136 31 59413
64880 332 65857 31 58806 75 25905 32 59413
64880 332 65857 31 29427 126 68417 397 59413
64880 332 65857 31 29427 310 33951 32 59413
64880 332 65857 31 55164 358 20249 392 59413
64880 332 65857 31 38325 93 60920 52 59413
64880 332 65857 31 38325 229 53497 370 59413
64880 332 65857 31 72636 24 60644 234 59413
64880 332 65857 31 61962 90 67121 157 59413
64880 332 65857 31 64590 288 59456 166 59413
64880 332 65857 31 68560 288 18158 166 59413
64880 332 65857 31 46167 282 30100 397 59413
64880 332 65857 31 46167 282 11903 397 59413
64880 332 65857 31 46167 396 23001 35 59413
64880 332 65857 31 46167 24 58519 234 59413
64880 332 65856 31 2851 259 14429 18 59413
64880 397 47724 288 10528 89 50942 166 59413
64880 332 65857 31 23705 32 2516 259 69071 397 59413
64880 332 65857 369 41897 32 48546 114 58399 155 59413
64880 397 47724 288 10528 89 50942 33 60903 166 59413
