72553 397 7347
72553 397 47724 115 7347
72553 397 6570 123 29094 384 7347
72553 397 6570 123 57989 384 7347
72553 397 6570 93 73838 52 7347
72553 397 51080 282 72858 397 7347
72553 397 51080 237 69083 237 7347
72553 397 51080 237 69083 115 7347
72553 397 51080 93 60920 52 7347
72553 397 51080 45 41876 317 7347
72553 397 51080 95 52940 261 7347
72553 397 51080 95 31376 261 7347
72553 397 4366 285 11544 2 7347
72553 397 4366 229 18699 370 7347
72553 397 4192 95 45894 261 7347
72553 397 4192 95 45894 397 7347
72553 397 47724 282 49546 261 7347
72553 397 47724 24 6452 2 7347
72553 397 47724 24 6452 234 7347
72553 397 47724 24 69264 2 7347
72553 397 47724 24 48074 234 7347
72553 397 47724 288 49024 166 7347
72553 397 3650 123 14463 384 7347
72553 397 3650 123 13120 384 7347
72553 397 3650 123 28573 384 7347
72553 397 3650 123 35230 384 7347
72553 397 3650 107 19847 354 7347
72553 397 3650 90 11979 157 7347
72553 397 3650 95 52785 261 7347
72553 397 3650 95 49992 261 7347
72553 397 6570 297 61222 231 11794 52 7347
72553 397 6570 332 29065 31 26913 52 7347
72553 397 51080 282 72858 100 31216 354 7347
72553 397 6570 332 29065 31 14859 272 33180 354 7347
