72553 397 21550
72553 397 6570 297 61222 231 21550
72553 397 6570 297 61222 52 21550
72553 397 6570 332 29065 31 21550
72553 397 6570 332 29064 31 21550
72553 397 6570 93 73838 52 21550
72553 397 51080 237 69083 237 21550
72553 397 51080 237 69083 115 21550
72553 397 51080 332 23453 31 21550
72553 397 51080 45 41876 317 21550
72553 397 51080 288 10528 166 21550
72553 397 51080 95 52940 261 21550
72553 397 7347 90 11979 157 21550
72553 397 4192 93 72717 52 21550
72553 397 4192 93 40314 52 21550
72553 397 4192 45 55108 317 21550
72553 397 32937 45 21391 317 21550
72553 397 6570 332 29065 31 34901 294 21550
72553 397 51080 237 69083 45 16249 317 21550
72553 397 47724 115 19960 93 64726 52 21550
72553 397 6570 297 61222 231 60562 75 16478 391 21550
