72553 397 29981
72553 213 51646 121 5879 261 29981
72553 397 6570 297 61222 231 29981
72553 397 6570 297 61222 52 29981
72553 397 6570 93 73838 52 29981
72553 397 51080 237 69083 237 29981
72553 397 51080 237 69083 115 29981
72553 397 51080 93 56024 52 29981
72553 397 51080 45 41876 317 29981
72553 397 51080 229 53497 370 29981
72553 397 51080 95 52940 261 29981
72553 397 4366 90 32929 157 29981
72553 397 4366 93 33043 52 29981
72553 397 4366 285 11544 2 29981
72553 397 4366 229 18699 370 29981
72553 397 51080 95 31376 307 3172 261 29981
72553 397 47724 383 69092 294 69900 294 29981
