72553 397 3650
72553 213 11288 121 3223 261 3650
72553 397 6570 123 57989 384 3650
72553 397 6570 297 61222 231 3650
72553 397 6570 332 29065 31 3650
72553 397 6570 332 29064 31 3650
72553 397 6570 93 73838 52 3650
72553 397 51080 282 72858 397 3650
72553 397 51080 332 10045 31 3650
72553 397 51080 332 1705 31 3650
72553 397 51080 332 65855 31 3650
72553 397 51080 332 65856 31 3650
72553 397 51080 332 65857 31 3650
72553 397 51080 332 23453 31 3650
72553 397 51080 332 29052 31 3650
72553 397 51080 332 29061 31 3650
72553 397 51080 45 41876 317 3650
72553 397 51080 95 52940 261 3650
72553 397 51080 95 31376 261 3650
72553 397 4366 93 33043 52 3650
72553 397 4366 285 11544 2 3650
72553 397 7347 282 45894 261 3650
72553 397 7347 282 45894 397 3650
72553 397 7347 123 14463 384 3650
72553 397 7347 123 13120 384 3650
72553 397 7347 123 28573 384 3650
72553 397 7347 123 35230 384 3650
72553 397 7347 240 19847 310 3650
72553 397 7347 240 19847 369 3650
72553 397 7347 90 11979 157 3650
72553 397 7347 285 6452 234 3650
72553 397 7347 24 48074 234 3650
72553 397 7347 95 49546 261 3650
72553 397 7347 95 52785 261 3650
72553 397 7347 95 49992 261 3650
72553 397 27770 285 54048 2 3650
72553 397 27770 285 54048 234 3650
72553 397 47724 383 69092 75 3650
72553 397 47724 383 69092 114 3650
72553 397 47724 383 69092 32 3650
72553 397 47724 383 69092 151 3650
72553 397 47724 383 69092 277 3650
72553 397 47724 300 62434 211 3650
72553 397 47724 24 60697 2 3650
72553 397 47724 24 60697 234 3650
72553 397 47724 45 14313 317 3650
72553 397 32937 332 68803 31 3650
72553 397 32937 332 26184 31 3650
72553 397 32937 332 54136 31 3650
72553 397 32937 332 3992 31 3650
72553 397 32937 332 68334 31 3650
72553 397 32937 332 68336 31 3650
72553 397 32937 332 12340 31 3650
72553 397 62831 332 59840 31 3650
72553 397 62831 288 43611 166 3650
72553 397 62831 288 35031 166 3650
72553 213 74863 121 7624 398 69306 83 3650
72553 397 6570 297 61222 142 58601 384 3650
72553 397 6570 332 29065 31 71909 83 3650
72553 397 6570 332 29065 31 24234 83 3650
72553 397 6570 332 29065 31 35524 369 3650
72553 397 6570 332 29065 31 30312 369 3650
72553 397 6570 332 29064 31 26654 354 3650
72553 397 51080 282 72858 100 53797 354 3650
72553 397 51080 282 72858 100 11210 354 3650
72553 397 51080 237 69083 282 45401 397 3650
72553 397 4366 285 11544 287 42764 83 3650
72553 397 4366 285 11544 287 27570 83 3650
72553 397 4366 285 11544 287 2435 83 3650
72553 397 7347 282 45894 155 24661 354 3650
72553 397 7347 240 19847 114 28156 397 3650
72553 397 7347 240 19847 75 3941 32 3650
72553 397 7347 240 19847 332 65861 31 3650
72553 397 7347 240 19847 332 68807 31 3650
72553 397 7347 240 19847 332 68805 31 3650
72553 397 7347 240 19847 332 23887 31 3650
72553 397 7347 240 19847 332 30908 31 3650
72553 397 7347 240 19847 332 6058 31 3650
72553 397 7347 240 19847 332 47677 31 3650
72553 397 7347 240 19847 332 51803 31 3650
72553 397 7347 240 19847 332 10188 31 3650
72553 397 4192 93 40314 271 23897 83 3650
72553 397 47724 282 64880 332 60031 31 3650
72553 397 47724 282 64880 332 35877 31 3650
72553 397 47724 282 73460 332 31874 31 3650
72553 397 47724 282 58804 332 40769 31 3650
72553 397 47724 282 58804 332 65526 31 3650
72553 397 47724 282 58804 332 23446 31 3650
72553 397 47724 383 69092 151 60308 31 3650
72553 397 47724 383 69092 151 12802 31 3650
72553 397 47724 383 69092 277 60309 31 3650
72553 397 47724 383 69092 277 60306 31 3650
72553 397 47724 383 69092 277 51359 31 3650
72553 397 47724 383 69092 277 14964 31 3650
72553 397 47724 373 61434 147 42621 261 3650
72553 397 47724 237 72636 45 43766 317 3650
72553 397 47724 300 62434 211 37978 83 3650
72553 397 47724 300 62434 211 23690 83 3650
72553 397 47724 115 19960 123 41507 83 3650
72553 397 47724 115 19960 332 48557 31 3650
72553 397 47724 115 12776 222 12599 202 3650
72553 397 47724 115 71881 222 4809 83 3650
72553 397 47724 24 39045 287 35218 83 3650
72553 397 47724 24 18017 287 34561 83 3650
72553 397 47724 24 18017 287 67102 83 3650
72553 397 47724 24 18017 287 35056 83 3650
72553 397 47724 24 18017 287 62598 83 3650
72553 397 47724 24 18017 287 12455 83 3650
72553 397 47724 24 18017 287 11966 83 3650
72553 397 47724 24 18017 287 59205 83 3650
72553 397 47724 24 18017 287 24876 83 3650
72553 397 47724 24 2759 287 26016 83 3650
72553 397 47724 24 2759 287 25818 83 3650
72553 397 47724 24 2759 287 44463 83 3650
72553 397 47724 24 2759 287 16542 83 3650
72553 397 47724 24 2759 287 14492 83 3650
72553 397 47724 24 2759 287 70999 83 3650
72553 397 47724 24 2759 287 75039 83 3650
72553 397 47724 24 2759 287 67353 83 3650
72553 397 47724 24 2759 287 53599 83 3650
72553 397 47724 24 2759 287 12648 83 3650
72553 397 62831 282 24058 271 59741 83 3650
72553 397 62831 282 37269 255 7431 397 3650
72553 213 51646 121 4659 213 58833 121 5421 348 3650
72553 213 51646 121 4659 213 58833 121 42215 261 3650
72553 213 51646 121 70501 261 19694 123 26998 384 3650
72553 213 51646 121 5879 261 73560 282 54528 261 3650
72553 213 51646 121 5879 261 73560 282 54528 397 3650
72553 213 51646 121 5879 261 17630 332 71061 31 3650
72553 213 51646 121 5879 261 17630 285 58292 2 3650
72553 213 51646 121 5879 261 17630 285 58292 234 3650
72553 213 11288 121 3223 261 11708 123 19728 384 3650
72553 213 11288 121 3223 261 11708 123 7077 384 3650
72553 213 11288 121 3223 261 11708 123 53445 384 3650
72553 213 11288 121 3223 261 11708 123 14454 384 3650
72553 213 11288 121 3223 261 11708 332 4454 31 3650
72553 213 11288 121 3223 261 11708 332 23447 31 3650
72553 213 11288 121 3223 261 33744 123 71660 384 3650
72553 213 11288 121 3223 261 25456 123 10896 384 3650
72553 397 6570 123 29094 143 67541 399 7346 83 3650
72553 397 6570 123 29094 143 67541 399 17829 83 3650
72553 397 6570 123 29094 384 12956 332 48570 31 3650
72553 397 6570 123 29094 384 24217 123 20538 384 3650
72553 397 6570 123 29094 117 3580 334 3850 384 3650
72553 397 6570 123 29094 117 3580 334 60314 384 3650
72553 397 6570 123 29094 117 3580 334 55941 384 3650
72553 397 6570 123 29094 117 3580 334 57492 384 3650
72553 397 6570 123 29094 117 3580 334 50525 384 3650
72553 397 6570 123 57989 384 64701 123 47276 384 3650
72553 397 6570 123 57989 384 64701 123 50186 384 3650
72553 397 6570 297 61222 142 8925 270 16436 83 3650
72553 397 6570 297 61222 231 17624 256 40353 83 3650
72553 397 6570 297 61222 231 1444 332 31869 31 3650
72553 397 6570 297 61222 231 1444 332 14966 31 3650
72553 397 6570 297 61222 231 62261 75 19364 354 3650
72553 397 6570 297 61222 231 47635 5 8056 83 3650
72553 397 6570 297 61222 231 72079 164 13926 83 3650
72553 397 6570 297 61222 231 40417 75 4539 354 3650
72553 397 6570 297 61222 231 40417 75 16036 369 3650
72553 397 6570 297 61222 231 59204 252 31034 354 3650
72553 397 6570 297 61222 231 31485 332 39332 31 3650
72553 397 6570 297 61222 231 3493 398 4681 83 3650
72553 397 6570 297 61222 231 73556 332 62503 31 3650
72553 397 6570 297 61222 231 73556 332 58854 31 3650
72553 397 6570 297 61222 231 40455 75 10840 369 3650
72553 397 6570 297 61222 231 67997 332 62502 31 3650
72553 397 6570 297 61222 231 32357 332 64611 31 3650
72553 397 6570 297 61222 231 32357 369 3704 277 3650
72553 397 6570 297 61222 231 32357 75 24195 32 3650
72553 397 6570 297 61222 20 67410 64 45843 83 3650
72553 397 6570 297 61222 20 67410 64 58864 83 3650
72553 397 6570 297 61222 20 62834 383 56283 369 3650
72553 397 6570 297 61222 20 19933 64 27545 83 3650
72553 397 6570 297 61222 20 27894 222 47503 83 3650
72553 397 6570 332 29065 31 27162 32 4743 277 3650
72553 397 6570 332 29065 31 57941 383 63204 114 3650
72553 397 6570 332 29065 31 6544 256 50404 254 3650
72553 397 6570 332 29065 31 2524 78 39382 83 3650
72553 397 6570 332 29065 31 34687 334 67832 83 3650
72553 397 6570 332 29065 31 1524 256 59882 83 3650
72553 397 6570 332 29065 31 9817 5 9421 83 3650
72553 397 6570 332 29064 31 7232 381 24379 83 3650
72553 397 6570 332 29064 31 26710 332 11331 31 3650
72553 397 6570 332 29064 31 68966 334 69675 83 3650
72553 397 6570 332 29064 31 45102 334 8691 83 3650
72553 397 51080 282 72858 155 50528 222 27272 83 3650
72553 397 51080 282 72858 100 73458 222 12493 83 3650
72553 397 51080 237 15756 107 38944 315 30282 83 3650
72553 397 51080 237 15756 373 43581 5 60247 83 3650
72553 397 51080 332 65856 151 33054 277 19143 83 3650
72553 397 51080 332 65856 151 33054 277 45436 83 3650
72553 397 4366 285 11544 122 13658 5 72893 83 3650
72553 397 4366 285 11544 122 66837 256 45395 83 3650
72553 397 4366 285 11544 351 73723 182 71880 83 3650
72553 397 4366 285 11544 346 36989 132 58060 234 3650
72553 397 7347 123 13120 85 17058 112 38197 83 3650
72553 397 47724 282 25916 300 59812 211 37073 83 3650
72553 397 47724 282 7417 143 69742 113 67785 83 3650
72553 397 47724 383 69092 294 20621 316 5819 83 3650
72553 397 47724 383 69092 277 29779 78 55126 83 3650
72553 397 47724 383 69092 277 29779 78 26796 83 3650
72553 397 47724 373 61434 356 18597 164 16435 83 3650
72553 397 47724 115 29284 123 23800 27 20624 384 3650
72553 397 47724 24 39045 106 12775 316 27459 83 3650
72553 397 47724 24 39045 106 12775 316 62914 83 3650
72553 397 47724 24 39045 106 47642 316 21028 83 3650
72553 397 47724 24 18017 122 45948 5 29095 83 3650
72553 397 47724 24 18017 122 32662 5 40105 83 3650
72553 397 47724 24 18017 106 44789 316 2194 83 3650
72553 397 47724 24 2759 122 34361 78 25984 83 3650
72553 397 47724 24 2759 122 39688 78 61131 83 3650
72553 397 47724 24 2759 122 41472 381 32624 83 3650
72553 397 47724 24 2759 122 70392 381 8736 83 3650
72553 397 47724 24 2759 122 70392 381 33488 83 3650
72553 397 47724 24 2759 122 12859 381 62544 83 3650
72553 397 32937 300 5604 110 1140 382 26085 83 3650
72553 397 62831 282 24058 358 51607 28 29426 83 3650
72553 213 51646 121 70501 261 19694 282 46086 372 32384 83 3650
72553 213 11288 121 3223 261 25456 123 69700 127 57386 83 3650
72553 213 11288 121 9901 261 73103 364 1907 151 20608 83 3650
72553 397 6570 123 29094 384 14614 91 37057 223 10758 83 3650
72553 397 6570 123 29094 384 14614 91 37057 243 74375 83 3650
72553 397 6570 297 61222 231 17624 356 62111 333 31781 83 3650
72553 397 6570 297 61222 231 17624 356 62111 333 53069 83 3650
72553 397 6570 297 61222 231 17624 356 62111 333 44649 83 3650
72553 397 6570 297 61222 231 17624 356 62111 333 73488 83 3650
72553 397 6570 297 61222 231 17624 356 62111 333 11955 83 3650
72553 397 6570 297 61222 231 17624 356 62111 5 66936 83 3650
72553 397 6570 297 61222 231 73840 364 4987 271 25702 83 3650
72553 397 6570 297 61222 231 34555 300 38807 211 48984 83 3650
72553 397 6570 297 61222 231 51420 75 27248 222 46831 83 3650
72553 397 6570 297 61222 231 28376 382 65553 271 22094 83 3650
72553 397 6570 297 61222 20 19933 75 59278 256 61465 254 3650
72553 397 6570 332 29065 31 63694 334 4147 243 75144 83 3650
72553 397 51080 237 15756 339 30796 75 55363 222 44911 83 3650
72553 397 51080 237 15756 339 30796 383 13107 222 44778 83 3650
72553 397 51080 332 65853 31 60073 143 17706 113 36443 83 3650
72553 397 51080 332 65856 151 33054 277 30075 334 30303 83 3650
72553 397 4366 285 11544 122 25762 6 14472 5 74373 83 3650
72553 397 7347 285 6452 122 41494 385 1433 223 23842 83 3650
72553 397 27770 240 57827 147 14461 373 66999 398 31445 83 3650
72553 397 47724 373 61434 147 42621 271 61092 203 18283 261 3650
72553 397 47724 373 61434 147 42621 271 50422 130 41663 261 3650
72553 397 47724 373 61434 147 42621 271 50422 130 41663 397 3650
72553 397 47724 373 61434 147 42621 271 22153 258 4499 261 3650
72553 397 47724 115 19960 123 31292 117 43393 334 2353 384 3650
72553 397 6570 297 61222 231 60512 8 32907 248 9787 332 58852 31 3650
72553 397 6570 297 61222 231 5319 222 63434 117 11481 334 64331 83 3650
72553 397 6570 332 29065 31 40231 149 4101 366 54062 334 24343 83 3650
72553 397 51080 237 15756 107 38944 315 35314 27 59373 27 70907 83 3650
72553 397 51080 332 23453 31 23486 149 65904 149 41398 334 27971 83 3650
72553 397 51080 45 45318 23 74615 191 65265 254 17150 256 34217 83 3650
72553 397 51080 45 45318 23 74615 191 65265 254 8643 256 24944 83 3650
72553 397 6570 297 61222 142 35743 117 33892 334 71614 117 59145 334 40639 83 3650
72553 397 6570 297 61222 231 17624 356 62111 333 40997 223 16043 243 70695 83 3650
72553 397 6570 297 61222 231 17624 356 62111 333 40997 223 16043 243 70695 223 23195 83 3650
72553 397 51080 237 15756 364 11175 214 64176 121 6515 336 38327 255 28279 213 1812 121 51211 256 45151 83 3650
