72553 397 4192
72553 397 6570 297 61222 52 4192
72553 397 6570 93 73838 52 4192
72553 397 51080 282 72858 397 4192
72553 397 51080 237 69083 237 4192
72553 397 51080 237 69083 115 4192
72553 397 51080 332 23453 31 4192
72553 397 51080 332 29052 31 4192
72553 397 51080 229 53497 370 4192
72553 397 51080 95 52940 261 4192
72553 397 51080 95 31376 261 4192
72553 397 7347 282 45894 261 4192
72553 397 47724 115 40314 52 4192
72553 397 32937 114 72717 52 4192
72553 397 21550 45 55108 317 4192
72553 397 6570 297 61222 383 5466 93 4813 52 4192
