72553 397 4366
72553 213 51646 121 5879 261 4366
72553 397 6570 297 61222 52 4366
72553 397 6570 93 73838 52 4366
72553 397 51080 237 69083 237 4366
72553 397 51080 237 69083 115 4366
72553 397 51080 93 70568 52 4366
72553 397 51080 93 56024 52 4366
72553 397 51080 93 1883 52 4366
72553 397 51080 45 41876 317 4366
72553 397 51080 45 7632 317 4366
72553 397 51080 45 57646 317 4366
72553 397 51080 229 53497 370 4366
72553 397 51080 95 52940 261 4366
72553 397 7347 285 11544 2 4366
72553 397 7347 229 18699 370 4366
72553 397 27770 90 32929 157 4366
72553 397 29981 93 33043 52 4366
72553 213 51646 121 5879 261 54501 95 38594 261 4366
