72553 397 62831
72553 213 51646 121 5879 261 62831
72553 397 6570 297 61222 231 62831
72553 397 6570 332 29065 31 62831
72553 397 6570 332 29064 31 62831
72553 397 6570 93 73838 52 62831
72553 397 51080 282 72858 397 62831
72553 397 51080 237 69083 237 62831
72553 397 51080 237 69083 115 62831
72553 397 51080 332 23453 31 62831
72553 397 51080 332 29061 31 62831
72553 397 51080 93 56024 52 62831
72553 397 51080 93 7419 52 62831
72553 397 51080 93 60920 52 62831
72553 397 51080 93 40846 52 62831
72553 397 51080 288 10528 166 62831
72553 397 51080 95 52940 261 62831
72553 397 51080 95 31376 261 62831
72553 397 4366 285 11544 2 62831
72553 397 4366 229 18699 370 62831
72553 397 7347 285 6452 234 62831
72553 397 7347 285 69264 2 62831
72553 397 7347 24 48074 234 62831
72553 397 7347 288 49024 166 62831
72553 397 7347 95 49546 261 62831
72553 397 7347 95 49546 397 62831
72553 397 47724 383 69092 294 62831
72553 397 47724 115 12776 115 62831
72553 397 47724 115 58932 237 62831
72553 397 47724 115 58932 115 62831
72553 397 47724 115 17690 115 62831
72553 397 47724 24 18017 2 62831
72553 397 47724 24 2759 2 62831
72553 397 47724 24 37839 234 62831
72553 397 47724 288 58488 166 62831
72553 397 32937 75 33951 32 62831
72553 397 32937 229 63213 370 62831
72553 397 32937 288 67605 166 62831
72553 397 32937 288 421 166 62831
72553 397 3650 332 59840 31 62831
72553 397 3650 288 43611 166 62831
72553 397 3650 288 35031 166 62831
72553 397 6570 297 61222 383 71850 294 62831
72553 397 6570 297 61222 231 31910 52 62831
72553 397 6570 297 61222 231 34480 115 62831
72553 397 6570 297 61222 231 17099 52 62831
72553 397 6570 297 61222 231 48420 369 62831
72553 397 6570 297 61222 231 48420 358 62831
72553 397 6570 297 61222 231 32024 52 62831
72553 397 6570 297 61222 231 36041 354 62831
72553 397 6570 297 61222 231 36041 369 62831
72553 397 6570 332 29065 31 24058 397 62831
72553 397 51080 237 69083 93 26627 52 62831
72553 397 51080 237 15756 288 47908 166 62831
72553 397 51080 237 15756 229 20796 370 62831
72553 397 51080 95 31376 307 18537 261 62831
72553 397 51080 95 31376 307 34001 261 62831
72553 397 51080 95 31376 307 47589 261 62831
72553 397 51080 95 31376 307 47589 397 62831
72553 397 51080 95 31376 307 72248 261 62831
72553 397 51080 95 31376 307 72248 397 62831
72553 397 51080 95 31376 307 8562 261 62831
72553 397 7347 240 19847 290 37269 397 62831
72553 397 47724 237 72636 288 68261 166 62831
72553 397 47724 115 59413 75 25905 32 62831
72553 397 47724 256 54168 254 60170 52 62831
72553 397 29981 383 69900 222 4033 202 62831
72553 213 51646 121 70501 261 19694 288 72701 166 62831
72553 213 51646 121 70501 261 19694 322 33408 18 62831
72553 213 51646 121 5879 261 73560 229 9645 370 62831
72553 213 51646 121 5879 261 54501 45 12458 317 62831
72553 397 6570 123 29094 384 40496 288 5521 166 62831
72553 397 6570 297 61222 231 36041 222 39430 202 62831
72553 397 6570 297 61222 52 26919 45 50270 317 62831
72553 397 51080 282 72858 100 3833 244 67315 369 62831
72553 397 51080 288 10528 89 50942 33 35025 166 62831
72553 397 6570 297 61222 231 48420 8 26779 25 10718 354 62831
72553 397 6570 297 61222 231 48420 8 26779 25 10718 369 62831
