72553 397 47724
72553 397 7347 237 47724
72553 213 51646 121 23942 356 47724
72553 213 51646 121 7067 356 47724
72553 213 51646 121 70501 261 47724
72553 213 51646 121 38556 261 47724
72553 213 51646 121 38556 397 47724
72553 213 11288 121 58653 261 47724
72553 213 11288 121 58653 397 47724
72553 213 11288 121 3223 261 47724
72553 213 11288 121 3223 397 47724
72553 213 11288 121 31387 261 47724
72553 213 11288 121 42944 356 47724
72553 213 11288 121 45833 261 47724
72553 213 11288 121 45833 397 47724
72553 213 11288 121 50938 261 47724
72553 213 11288 121 50938 397 47724
72553 213 11288 121 39660 261 47724
72553 213 11288 121 56656 261 47724
72553 213 11288 121 56656 397 47724
72553 213 11288 121 75028 261 47724
72553 213 11288 121 75028 397 47724
72553 397 6570 297 61222 231 47724
72553 397 6570 93 73838 52 47724
72553 397 6570 93 73838 237 47724
72553 397 6570 93 73838 249 47724
72553 397 51080 282 72858 397 47724
72553 397 51080 237 69083 237 47724
72553 397 51080 237 69083 115 47724
72553 397 51080 237 15756 237 47724
72553 397 51080 237 15756 115 47724
72553 397 51080 93 1883 392 47724
72553 397 51080 45 35715 317 47724
72553 397 51080 288 10528 166 47724
72553 397 51080 95 31376 261 47724
72553 397 4366 90 32929 157 47724
72553 397 4366 285 11544 2 47724
72553 397 4366 285 11544 234 47724
72553 397 7347 282 45894 261 47724
72553 397 7347 282 45894 397 47724
72553 397 7347 285 6452 2 47724
72553 397 7347 285 6452 234 47724
72553 397 7347 285 69264 2 47724
72553 397 7347 285 69264 234 47724
72553 397 7347 24 48074 2 47724
72553 397 7347 24 48074 234 47724
72553 397 7347 288 49024 166 47724
72553 397 7347 95 49546 261 47724
72553 397 7347 95 49546 397 47724
72553 397 4192 93 40314 237 47724
72553 397 32937 383 69092 294 47724
72553 397 32937 396 54516 35 47724
72553 397 32937 24 39045 2 47724
72553 397 32937 24 39045 234 47724
72553 397 32937 24 18017 2 47724
72553 397 32937 24 18017 234 47724
72553 397 32937 24 37839 2 47724
72553 397 32937 24 37839 234 47724
72553 397 32937 288 45069 166 47724
72553 397 32937 288 58488 166 47724
72553 397 32937 288 13919 166 47724
72553 397 62831 237 12776 237 47724
72553 397 62831 237 58932 237 47724
72553 397 62831 237 17690 237 47724
72553 397 62831 285 2759 2 47724
72553 397 62831 285 2759 234 47724
72553 397 3650 300 62434 211 47724
72553 397 3650 24 60697 2 47724
72553 397 3650 24 60697 234 47724
72553 397 3650 45 14313 317 47724
72553 397 5428 95 12577 397 47724
72553 213 51646 121 70501 307 62184 356 47724
72553 213 51646 121 5879 16 71815 261 47724
72553 213 51646 121 5879 261 32755 237 47724
72553 213 51646 121 5879 356 48674 397 47724
72553 213 11288 121 50938 373 66865 261 47724
72553 213 11288 121 50938 373 66865 397 47724
72553 397 6570 123 29094 384 29284 237 47724
72553 397 6570 297 61222 231 19960 237 47724
72553 397 6570 297 61222 231 34150 155 47724
72553 397 6570 297 61222 231 59413 237 47724
72553 397 6570 297 61222 231 20562 237 47724
72553 397 6570 297 61222 231 71881 237 47724
72553 397 6570 297 61222 231 3682 383 47724
72553 397 6570 297 61222 231 3682 52 47724
72553 397 6570 297 61222 231 5016 237 47724
72553 397 6570 297 61222 231 36710 237 47724
72553 397 6570 297 61222 231 36710 249 47724
72553 397 6570 297 61222 231 21627 237 47724
72553 397 6570 297 61222 231 8335 237 47724
72553 397 6570 297 61222 231 59579 237 47724
72553 397 6570 297 61222 231 6819 237 47724
72553 397 6570 297 61222 231 28364 52 47724
72553 397 6570 297 61222 231 18387 155 47724
72553 397 6570 297 61222 231 18387 52 47724
72553 397 6570 297 61222 52 72636 237 47724
72553 397 6570 297 61222 52 72636 115 47724
72553 397 6570 332 29065 31 28806 6 47724
72553 397 6570 332 29064 31 11926 397 47724
72553 397 6570 93 73838 52 11699 237 47724
72553 397 6570 93 73838 52 62830 237 47724
72553 397 6570 93 73838 256 54168 254 47724
72553 397 51080 237 69083 237 57047 237 47724
72553 397 51080 237 69083 237 57047 115 47724
72553 397 51080 237 15756 282 58486 261 47724
72553 397 51080 237 15756 300 66239 211 47724
72553 397 51080 237 15756 396 58146 35 47724
72553 397 51080 237 15756 24 31578 2 47724
72553 397 51080 237 15756 24 31578 234 47724
72553 397 51080 237 15756 288 55689 166 47724
72553 397 51080 237 15756 288 15325 166 47724
72553 397 51080 332 10045 31 64880 397 47724
72553 397 51080 332 10045 31 58804 397 47724
72553 397 51080 332 65853 31 62557 397 47724
72553 397 51080 332 65856 31 73460 397 47724
72553 397 51080 332 65856 31 40518 397 47724
72553 397 51080 332 65856 31 46670 397 47724
72553 397 51080 332 65856 31 58756 397 47724
72553 397 51080 332 65857 31 39957 397 47724
72553 397 51080 332 29052 31 7417 397 47724
72553 397 7347 93 11794 343 62035 370 47724
72553 397 4192 93 40314 282 22277 397 47724
72553 397 4192 93 40314 24 19250 234 47724
72553 397 32937 282 72016 97 61009 15 47724
72553 397 32937 282 72016 97 61009 130 47724
72553 397 32937 282 72016 97 61009 141 47724
72553 397 32937 383 69092 294 58380 237 47724
72553 397 32937 383 69092 294 58380 249 47724
72553 397 62831 282 37269 336 71491 261 47724
72553 397 62831 282 37269 336 71491 397 47724
72553 397 62831 383 71850 294 60008 397 47724
72553 397 62831 237 58932 24 21396 2 47724
72553 397 62831 237 58932 24 21396 234 47724
72553 397 3650 300 62434 211 61434 356 47724
72553 397 3650 332 65861 31 44464 397 47724
72553 213 51646 121 32464 385 29612 35 54995 261 47724
72553 213 51646 121 23942 398 61787 382 67337 147 47724
72553 213 51646 121 4659 213 58833 121 25916 397 47724
72553 213 51646 121 4659 213 58833 121 70494 397 47724
72553 213 51646 121 4659 213 58833 121 25695 397 47724
72553 213 51646 121 4659 213 58833 121 39113 397 47724
72553 213 51646 121 4659 213 58833 121 36257 397 47724
72553 213 51646 121 4659 213 58833 121 23147 397 47724
72553 213 51646 121 4659 213 58833 121 20731 397 47724
72553 213 51646 121 4659 213 58833 121 33836 397 47724
72553 213 51646 121 70501 261 65543 282 26210 18 47724
72553 213 51646 121 70501 261 65543 282 69587 397 47724
72553 213 51646 121 70501 261 65543 282 60810 18 47724
72553 213 51646 121 70501 261 65543 282 19407 18 47724
72553 213 51646 121 70501 261 65543 282 20467 18 47724
72553 213 51646 121 70501 261 65543 285 26131 2 47724
72553 213 51646 121 70501 261 65543 285 26131 234 47724
72553 213 51646 121 70501 261 65543 285 36071 234 47724
72553 213 51646 121 70501 261 65543 95 22584 261 47724
72553 213 51646 121 70501 261 19694 24 47802 2 47724
72553 213 51646 121 70501 261 19694 24 47802 234 47724
72553 213 11288 121 3223 261 11708 24 36903 2 47724
72553 213 11288 121 3223 261 11708 24 36903 234 47724
72553 397 6570 297 61222 294 64021 114 58089 397 47724
72553 397 6570 297 61222 231 59413 282 62702 397 47724
72553 397 6570 297 61222 231 59413 282 12445 397 47724
72553 397 6570 297 61222 231 59413 282 20810 397 47724
72553 397 6570 297 61222 231 55787 290 55037 397 47724
72553 397 6570 332 29065 31 73217 28 11785 15 47724
72553 397 6570 332 29065 31 73217 28 11785 130 47724
72553 397 6570 332 29065 31 73217 28 11785 141 47724
72553 397 51080 237 15756 24 31578 48 29073 2 47724
72553 397 51080 237 15756 24 31578 48 29073 234 47724
72553 397 51080 237 15756 24 31578 48 29476 2 47724
72553 397 51080 237 15756 24 31578 48 29476 234 47724
72553 397 51080 237 15756 24 31578 48 44774 2 47724
72553 397 51080 237 15756 24 31578 48 44774 234 47724
72553 397 51080 332 65856 151 33054 277 50308 397 47724
72553 397 51080 332 65856 151 33054 277 68670 397 47724
72553 397 51080 332 65856 151 33054 277 29898 2 47724
72553 397 51080 332 65856 151 33054 277 29898 234 47724
72553 397 51080 229 53497 347 29271 312 36113 370 47724
72553 397 51080 229 53497 273 51434 183 28601 370 47724
72553 397 4366 285 11544 346 14709 132 33203 2 47724
72553 397 4366 285 11544 346 14709 132 33203 234 47724
72553 397 4366 285 11544 346 36989 132 21405 2 47724
72553 397 4366 285 11544 346 36989 132 21405 234 47724
72553 397 4366 285 11544 346 36989 132 18205 2 47724
72553 397 4366 285 11544 346 36989 132 18205 234 47724
72553 397 4366 285 11544 346 36989 132 46722 234 47724
72553 397 4366 285 11544 346 36989 132 7168 234 47724
72553 397 4366 285 11544 346 36989 132 39815 2 47724
72553 397 4366 285 11544 346 36989 132 39815 234 47724
72553 397 4366 285 11544 346 36989 132 52873 2 47724
72553 397 4366 285 11544 346 36989 132 52873 234 47724
72553 397 4366 285 11544 346 36989 132 14094 2 47724
72553 397 4366 285 11544 346 36989 132 14094 234 47724
72553 397 4366 285 11544 346 36989 132 17454 2 47724
72553 397 4366 285 11544 346 36989 132 17454 234 47724
72553 397 4366 285 11544 346 36989 132 53909 2 47724
72553 397 4366 285 11544 346 36989 132 53909 234 47724
72553 397 4366 285 11544 346 14049 132 64662 2 47724
72553 397 4366 285 11544 346 14049 132 64662 234 47724
72553 397 4366 285 11544 346 54898 132 3089 2 47724
72553 397 4366 285 11544 346 54898 132 3089 234 47724
72553 397 4366 285 11544 346 54898 132 41236 234 47724
72553 397 4366 285 11544 346 54898 132 48774 234 47724
72553 397 4366 285 11544 346 31414 132 24882 2 47724
72553 397 4366 285 11544 346 31414 132 24882 234 47724
72553 397 4366 285 11544 346 31414 132 19652 2 47724
72553 397 4366 285 11544 346 31414 132 19652 234 47724
72553 397 4366 285 11544 346 31414 132 69869 2 47724
72553 397 4366 285 11544 346 31414 132 69869 234 47724
72553 397 4366 285 11544 346 31414 132 6530 2 47724
72553 397 4366 285 11544 346 31414 132 6530 234 47724
72553 397 4366 285 11544 49 74181 335 6703 2 47724
72553 397 4366 285 11544 49 38576 335 52916 234 47724
72553 397 4366 285 11544 49 31831 335 46892 234 47724
72553 397 4366 229 18699 195 50149 9 26239 370 47724
72553 397 4366 229 18699 195 27731 9 43190 370 47724
72553 397 7347 285 6452 346 27373 132 31479 2 47724
72553 397 7347 285 6452 346 27373 132 31479 234 47724
72553 397 7347 285 6452 346 1437 132 44470 234 47724
72553 397 7347 285 6452 346 1437 132 5915 234 47724
72553 397 7347 285 6452 77 41893 48 68957 2 47724
72553 397 7347 285 6452 77 41893 48 68957 234 47724
72553 397 7347 285 6452 77 41893 48 48599 2 47724
72553 397 7347 285 6452 77 41893 48 48599 234 47724
72553 397 7347 285 6452 77 41893 48 16651 2 47724
72553 397 7347 285 6452 77 41893 48 16651 234 47724
72553 397 7347 285 6452 77 41893 48 67784 2 47724
72553 397 7347 285 6452 77 41893 48 67784 234 47724
72553 397 7347 285 6452 77 41893 48 13566 2 47724
72553 397 7347 285 6452 77 41893 48 13566 234 47724
72553 397 32937 24 37839 77 48368 48 22463 2 47724
72553 397 32937 24 37839 77 48368 48 22463 234 47724
72553 397 32937 24 37839 77 48368 48 43631 2 47724
72553 397 32937 24 37839 77 48368 48 43631 234 47724
72553 397 32937 24 37839 77 48368 48 19982 2 47724
72553 397 32937 24 37839 77 48368 48 19982 234 47724
72553 397 32937 229 62527 308 55364 0 75037 370 47724
72553 397 51080 332 23453 31 36050 147 75224 213 25424 121 53643 356 47724
