72553 397 51080
72553 213 51646 121 5879 261 51080
72553 397 6570 297 61222 231 51080
72553 397 6570 332 29065 31 51080
72553 397 6570 332 29064 31 51080
72553 397 6570 93 73838 52 51080
72553 397 4366 237 69083 237 51080
72553 397 4366 237 69083 115 51080
72553 397 4366 93 70568 52 51080
72553 397 4366 93 56024 52 51080
72553 397 4366 93 1883 52 51080
72553 397 4366 45 41876 317 51080
72553 397 4366 45 7632 317 51080
72553 397 4366 45 57646 317 51080
72553 397 4366 229 53497 370 51080
72553 397 4366 95 52940 261 51080
72553 397 7347 282 72858 397 51080
72553 397 7347 93 60920 52 51080
72553 397 7347 95 31376 261 51080
72553 397 4192 332 29052 31 51080
72553 397 4192 332 23453 31 51080
72553 397 47724 237 15756 237 51080
72553 397 47724 237 15756 115 51080
72553 397 47724 45 35715 317 51080
72553 397 47724 288 10528 166 51080
72553 397 32937 332 10045 31 51080
72553 397 32937 332 1705 31 51080
72553 397 32937 332 65855 31 51080
72553 397 32937 332 65853 31 51080
72553 397 32937 332 65857 31 51080
72553 397 32937 332 65856 31 51080
72553 397 32937 332 29061 31 51080
72553 397 32937 332 32380 31 51080
72553 397 32937 93 7419 52 51080
72553 397 32937 93 40846 52 51080
72553 397 6570 297 61222 231 61526 52 51080
72553 397 6570 332 29065 31 15479 354 51080
72553 397 6570 332 29065 31 15479 369 51080
72553 397 6570 332 29065 31 15479 252 51080
72553 397 4366 237 69083 45 45318 317 51080
