5718 226 25762
5718 198 14472 382 25762
5718 198 14472 333 14067 233 25762
5718 198 14472 333 14067 226 25762
5718 198 14472 333 50750 226 25762
5718 198 14472 164 27332 172 25762
5718 198 14472 164 27332 105 25762
5718 198 14472 295 1140 96 25762
5718 198 14472 295 1140 275 25762
5718 198 14472 295 20410 96 25762
5718 198 14472 295 20410 275 25762
5718 198 14472 295 5011 96 25762
5718 198 14472 295 5011 275 25762
5718 198 14472 295 30918 96 25762
5718 198 14472 295 30918 275 25762
5718 198 14472 295 74047 96 25762
5718 198 14472 295 74047 275 25762
5718 198 14472 295 69649 96 25762
5718 198 14472 295 69649 275 25762
5718 198 14472 295 301 96 25762
5718 198 14472 295 301 275 25762
5718 198 14472 295 45948 96 25762
5718 198 14472 295 45948 275 25762
5718 198 14472 295 39807 96 25762
5718 198 14472 295 39807 275 25762
5718 198 14472 295 74231 96 25762
5718 198 14472 295 32662 96 25762
5718 198 14472 295 32662 275 25762
5718 198 14472 295 8365 275 25762
5718 198 14472 295 50318 96 25762
5718 198 14472 295 50318 275 25762
5718 198 14472 295 55088 96 25762
5718 198 14472 295 55088 275 25762
5718 198 14472 295 1436 96 25762
5718 198 14472 295 1436 275 25762
5718 198 14472 295 20916 275 25762
5718 198 14472 295 53190 96 25762
5718 198 14472 295 53190 275 25762
5718 198 14472 295 19994 96 25762
5718 198 14472 295 19994 275 25762
5718 198 14472 295 49559 275 25762
5718 198 14472 295 49559 96 25762
5718 198 14472 295 15812 96 25762
5718 198 14472 295 15812 275 25762
5718 198 14472 295 43732 96 25762
5718 198 14472 295 43732 275 25762
5718 198 14472 295 30028 96 25762
5718 198 14472 295 30028 275 25762
5718 198 14472 295 11206 96 25762
5718 198 14472 295 11206 275 25762
5718 198 14472 295 38302 96 25762
5718 198 14472 295 38302 275 25762
5718 198 14472 295 19984 96 25762
5718 198 14472 295 19984 275 25762
5718 198 14472 295 71211 96 25762
5718 198 14472 295 71211 275 25762
5718 198 14472 295 18698 96 25762
5718 198 14472 295 18698 275 25762
5718 198 14472 295 1495 96 25762
5718 198 14472 295 1495 275 25762
5718 198 14472 325 58341 226 25762
5718 198 14472 382 23142 105 25762
5718 198 14472 373 57577 300 59812 110 25762
5718 198 14472 373 57577 393 67410 392 25762
5718 198 14472 373 10768 224 4081 190 25762
5718 198 14472 333 30 251 23685 190 25762
5718 198 14472 333 14067 55 20621 263 25762
5718 198 14472 333 18692 233 67459 275 25762
5718 198 14472 333 71219 251 62938 190 25762
5718 198 14472 333 71219 251 40438 190 25762
5718 198 14472 333 73594 207 11544 122 25762
5718 198 14472 333 66407 226 18204 96 25762
5718 198 14472 333 66407 226 18204 163 25762
5718 198 14472 333 66407 226 18204 275 25762
5718 198 14472 164 22748 300 13797 211 25762
5718 198 14472 164 27332 300 50253 110 25762
5718 198 14472 164 27332 369 33054 277 25762
5718 198 14472 295 48258 38 51403 110 25762
5718 198 14472 295 48258 38 5604 110 25762
5718 198 14472 295 1140 224 14822 190 25762
5718 198 14472 295 33830 63 70997 278 25762
5718 198 14472 295 20410 96 63705 96 25762
5718 198 14472 295 20410 96 63705 275 25762
5718 198 14472 295 20410 96 66372 96 25762
5718 198 14472 295 20410 96 66372 275 25762
5718 198 14472 295 20410 96 56638 96 25762
5718 198 14472 295 20410 96 56638 111 25762
5718 198 14472 295 20410 96 56638 275 25762
5718 198 14472 295 20410 275 27732 96 25762
5718 198 14472 295 20410 275 27732 275 25762
5718 198 14472 295 5011 96 62223 275 25762
5718 198 14472 295 5011 96 62223 96 25762
5718 198 14472 295 5011 96 8678 96 25762
5718 198 14472 295 5011 96 8678 275 25762
5718 198 14472 295 5011 96 72579 96 25762
5718 198 14472 295 5011 96 72579 275 25762
5718 198 14472 295 5011 96 72579 111 25762
5718 198 14472 295 5011 96 13658 96 25762
5718 198 14472 295 5011 96 13658 275 25762
5718 198 14472 295 5011 96 24713 96 25762
5718 198 14472 295 5011 96 24713 275 25762
5718 198 14472 295 5011 96 9271 96 25762
5718 198 14472 295 5011 96 9271 275 25762
5718 198 14472 295 5011 96 54881 96 25762
5718 198 14472 295 5011 96 54881 275 25762
5718 198 14472 295 5011 96 42192 96 25762
5718 198 14472 295 5011 96 42192 275 25762
5718 198 14472 295 5011 96 48204 96 25762
5718 198 14472 295 5011 96 66729 96 25762
5718 198 14472 295 5011 96 66729 275 25762
5718 198 14472 295 5011 96 50790 96 25762
5718 198 14472 295 5011 96 50790 275 25762
5718 198 14472 295 5011 96 36138 96 25762
5718 198 14472 295 5011 96 36138 275 25762
5718 198 14472 295 5011 96 66781 96 25762
5718 198 14472 295 5011 96 71406 96 25762
5718 198 14472 295 5011 96 71406 275 25762
5718 198 14472 295 5011 96 45887 96 25762
5718 198 14472 295 5011 96 45887 275 25762
5718 198 14472 295 5011 96 5772 96 25762
5718 198 14472 295 5011 96 5772 275 25762
5718 198 14472 295 5011 356 25720 295 25762
5718 198 14472 295 5011 275 70710 96 25762
5718 198 14472 295 5011 275 70710 275 25762
5718 198 14472 295 5011 275 51176 275 25762
5718 198 14472 295 5011 275 75078 96 25762
5718 198 14472 295 5011 275 75078 275 25762
5718 198 14472 295 74047 38 65325 110 25762
5718 198 14472 295 45948 38 72686 360 25762
5718 198 14472 295 32662 275 5890 275 25762
5718 198 14472 295 32662 275 5890 96 25762
5718 198 14472 295 66203 398 30381 226 25762
5718 198 14472 295 18698 38 33485 110 25762
5718 198 14472 295 1495 340 51401 110 25762
5718 198 14472 295 1495 340 61961 110 25762
5718 198 14472 382 23142 105 13855 172 25762
5718 198 14472 382 23142 105 13855 105 25762
5718 198 14472 382 54557 96 57454 275 25762
5718 198 14472 382 54557 96 69166 275 25762
5718 198 14472 382 54557 96 69166 96 25762
5718 198 14472 382 54557 275 20423 96 25762
5718 198 14472 382 54557 275 52597 275 25762
5718 198 14472 382 54557 275 52597 96 25762
5718 198 14472 382 54557 275 44021 96 25762
5718 198 14472 382 54557 275 56785 275 25762
5718 198 14472 382 54557 275 56785 96 25762
5718 198 14472 382 54557 224 18934 190 25762
5718 198 14472 373 57577 300 59812 110 22834 275 25762
5718 198 14472 373 57577 393 67410 392 8623 105 25762
5718 198 14472 373 57577 393 67410 392 8623 172 25762
5718 198 14472 373 57577 393 67410 392 8623 342 25762
5718 198 14472 373 57577 393 67410 392 43545 172 25762
5718 198 14472 373 57577 393 67410 392 60255 96 25762
5718 198 14472 373 57577 393 67410 392 65592 96 25762
5718 198 14472 373 57577 393 67410 392 65592 275 25762
5718 198 14472 373 57577 393 67410 392 11583 96 25762
5718 198 14472 373 57577 393 67410 392 11583 275 25762
5718 198 14472 373 57577 393 67410 392 51568 96 25762
5718 198 14472 373 57577 393 67410 392 51568 275 25762
5718 198 14472 15 3032 207 18017 287 28076 226 25762
5718 198 14472 15 3032 207 18017 287 40952 226 25762
5718 198 14472 15 3032 207 18017 287 39854 226 25762
5718 198 14472 333 34561 309 73723 182 39872 226 25762
5718 198 14472 333 40331 220 62856 218 56975 233 25762
5718 198 14472 333 40331 220 62856 218 56975 226 25762
5718 198 14472 333 40331 220 62856 218 44861 226 25762
5718 198 14472 333 14067 55 20621 316 53215 233 25762
5718 198 14472 333 14067 55 20621 316 53215 226 25762
5718 198 14472 333 14067 55 20621 316 38261 226 25762
5718 198 14472 333 14067 55 20621 316 19604 226 25762
5718 198 14472 333 14067 55 20621 316 7208 226 25762
5718 198 14472 333 14067 55 20621 316 39177 226 25762
5718 198 14472 333 14067 55 20621 316 56803 226 25762
5718 198 14472 333 14067 55 20621 316 21557 226 25762
5718 198 14472 333 14067 55 20621 316 48561 226 25762
5718 198 14472 333 14067 55 20621 316 7578 226 25762
5718 198 14472 333 14067 55 20621 316 15827 226 25762
5718 198 14472 333 14067 55 20621 316 32182 226 25762
5718 198 14472 333 14067 55 20621 316 9217 233 25762
5718 198 14472 333 14067 55 20621 316 9217 226 25762
5718 198 14472 333 14067 55 20621 316 9217 217 25762
5718 198 14472 333 14067 55 20621 316 31626 233 25762
5718 198 14472 333 14067 55 20621 316 31626 226 25762
5718 198 14472 333 14067 55 20621 316 46307 226 25762
5718 198 14472 333 14067 55 20621 316 62662 226 25762
5718 198 14472 333 14067 55 20621 316 59617 226 25762
5718 198 14472 333 18692 233 67459 96 24639 96 25762
5718 198 14472 333 18692 233 67459 96 24639 275 25762
5718 198 14472 333 18692 233 67459 275 59389 96 25762
5718 198 14472 333 18692 233 67459 275 59389 275 25762
5718 198 14472 333 18692 233 67459 275 25592 275 25762
5718 198 14472 333 18692 233 67459 275 25592 96 25762
5718 198 14472 333 18692 233 67459 275 63542 96 25762
5718 198 14472 333 18692 233 67459 275 63542 275 25762
5718 198 14472 333 71219 251 62938 375 36369 254 25762
5718 198 14472 333 71219 251 62938 375 36369 141 25762
5718 198 14472 333 71219 251 62938 375 57312 254 25762
5718 198 14472 333 71219 251 62938 375 57312 141 25762
5718 198 14472 333 71219 251 62938 375 74209 141 25762
5718 198 14472 333 71219 251 62938 190 19732 96 25762
5718 198 14472 333 71219 251 62938 190 19732 275 25762
5718 198 14472 333 73594 207 11544 287 62202 226 25762
5718 198 14472 333 73594 207 11544 49 57536 190 25762
5718 198 14472 333 73594 207 11544 49 41183 190 25762
5718 198 14472 164 22748 300 13797 211 19813 105 25762
5718 198 14472 164 22748 300 13797 211 1167 172 25762
5718 198 14472 164 22748 300 13797 211 1167 105 25762
5718 198 14472 164 27332 300 50253 211 4603 105 25762
5718 198 14472 164 27332 300 50253 211 4603 172 25762
5718 198 14472 295 5011 96 62223 38 51009 110 25762
5718 198 14472 295 5011 96 50790 5 32407 165 25762
5718 198 14472 387 59482 41 43304 5 33272 254 25762
5718 198 14472 387 59482 41 43304 5 33272 217 25762
