13644 350 67909
13644 341 67909
13644 241 67909
13644 311 39456 380 67909
13644 350 54601 109 22667 241 67909
13644 350 54601 109 22667 350 67909
13644 350 54601 109 22667 341 67909
13644 350 54601 109 17172 241 67909
13644 350 16633 13 70530 241 67909
13644 350 16633 13 71754 109 67909
13644 350 16633 13 71754 241 67909
13644 350 16633 13 71754 105 67909
13644 350 16633 13 71754 350 67909
13644 350 16633 13 71754 12 67909
13644 311 39456 195 50149 380 67909
13644 311 39456 195 7294 380 67909
13644 311 39456 380 28369 241 67909
13644 311 39456 380 28369 109 67909
13644 311 39456 380 28369 13 67909
13644 311 39456 380 28369 350 67909
13644 311 39456 380 28369 341 67909
13644 311 39456 380 28369 12 67909
13644 311 39456 380 13660 109 67909
13644 311 39456 380 13660 241 67909
13644 311 39456 380 13660 350 67909
13644 311 39456 380 13660 341 67909
13644 311 39456 380 44144 241 67909
13644 311 39456 380 71847 105 67909
13644 311 39456 380 71847 350 67909
13644 311 39456 380 42732 341 67909
13644 350 54601 109 67908 241 61256 241 67909
13644 350 54601 109 67908 241 23299 241 67909
13644 350 54601 109 67908 241 74312 241 67909
13644 350 54601 109 67908 241 1554 241 67909
13644 350 54601 109 67908 172 16371 172 67909
13644 350 54601 109 67908 172 22800 172 67909
13644 350 54601 109 67332 172 12024 105 67909
13644 350 54601 109 67332 172 12024 350 67909
13644 350 54601 109 67332 172 20836 105 67909
13644 350 54601 109 67332 350 49995 241 67909
13644 350 54601 109 67332 350 49995 105 67909
13644 350 54601 109 67332 341 53257 105 67909
13644 350 54601 109 67332 341 53257 350 67909
13644 350 54601 241 51434 312 62682 380 67909
13644 350 16633 109 23964 320 22554 241 67909
13644 350 16633 109 39841 9 3668 380 67909
13644 350 16633 109 21208 109 44558 241 67909
13644 350 16633 109 59036 311 68199 380 67909
13644 350 16633 109 39042 109 6048 105 67909
13644 350 16633 109 39042 109 34983 105 67909
13644 350 16633 13 71754 241 17101 241 67909
13644 350 16633 353 53616 312 56699 380 67909
13644 311 39456 380 28369 241 9670 241 67909
13644 311 39456 380 28369 241 9670 109 67909
13644 311 39456 380 28369 241 9670 350 67909
13644 311 39456 380 28369 241 9670 341 67909
13644 311 39456 380 28369 241 9670 12 67909
13644 311 39456 380 41816 109 37186 241 67909
13644 350 54601 109 67332 350 39280 109 54552 241 67909
13644 350 16633 109 23964 350 32994 109 9757 350 67909
13644 350 16633 109 23964 350 32994 109 9757 341 67909
13644 350 16633 109 23964 350 32994 109 9757 12 67909
13644 350 16633 109 23964 350 32994 109 9757 241 67909
13644 350 54601 109 67908 172 9942 300 13797 211 30390 172 67909
13644 350 54601 109 67908 172 9942 300 13797 211 30390 105 67909
13644 350 54601 241 51434 312 30624 378 11222 39 65313 380 67909
