14691 341 28369
14691 300 62434 211 28369
14691 313 29580 323 28369
14691 300 65810 211 26159 172 28369
14691 300 65810 211 26159 105 28369
14691 300 62434 211 33922 369 28369
14691 300 62434 211 67332 241 28369
14691 300 62434 211 67332 341 28369
14691 300 62434 211 16371 172 28369
14691 300 62434 211 16371 105 28369
14691 300 62434 211 41816 341 28369
14691 300 62434 211 41816 241 28369
14691 300 62434 211 26039 241 28369
14691 300 62434 211 26039 341 28369
14691 313 29580 323 9670 241 28369
14691 313 29580 323 9670 109 28369
14691 313 29580 323 9670 350 28369
14691 313 29580 323 9670 341 28369
14691 313 16619 323 9199 350 28369
14691 313 16619 323 71754 109 28369
14691 313 16619 323 71754 241 28369
14691 313 16619 323 71754 350 28369
14691 313 16619 323 71754 341 28369
14691 341 67908 109 62961 241 28369
14691 341 67908 241 13996 241 28369
14691 341 67908 241 13996 341 28369
14691 341 67908 241 49185 241 28369
14691 341 67908 241 49185 341 28369
14691 341 67908 241 16344 241 28369
14691 341 67908 241 16344 341 28369
14691 341 67908 241 45684 177 28369
14691 341 67908 313 25802 323 28369
14691 341 21202 241 42732 341 28369
14691 341 21202 313 32225 323 28369
14691 341 21202 328 39456 380 28369
14691 300 65810 211 72578 313 48613 323 28369
14691 300 62434 211 16371 172 67909 109 28369
14691 300 62434 211 16371 172 67909 241 28369
14691 300 62434 211 16371 172 67909 13 28369
14691 300 62434 211 16371 172 67909 350 28369
14691 300 62434 211 16371 172 67909 341 28369
14691 300 62434 211 16371 172 67909 12 28369
14691 300 62434 211 16633 109 22078 341 28369
14691 300 62434 211 16633 109 22078 241 28369
14691 300 62434 211 16633 241 45228 350 28369
14691 300 62434 211 16633 241 45228 341 28369
14691 300 62434 211 16633 241 45228 109 28369
14691 300 62434 211 16633 241 45228 241 28369
14691 300 62434 211 21208 109 44558 341 28369
