14691 341 21202
14691 313 29580 323 21202
14691 313 19295 323 21202
14691 300 65810 211 70708 241 21202
14691 300 65810 211 70708 109 21202
14691 300 65810 211 70708 350 21202
14691 300 65810 211 70708 341 21202
14691 300 62434 211 67332 241 21202
14691 300 62434 211 67332 350 21202
14691 300 62434 211 67332 341 21202
14691 300 62434 211 67332 109 21202
14691 300 62434 211 2464 341 21202
14691 300 62434 211 31597 105 21202
14691 300 62434 211 41952 341 21202
14691 300 62434 211 41952 109 21202
14691 300 62434 211 41952 241 21202
14691 300 62434 211 16633 109 21202
14691 300 62434 211 16633 241 21202
14691 300 62434 211 16633 350 21202
14691 300 62434 211 16633 341 21202
14691 300 62434 211 45370 241 21202
14691 300 62434 211 45370 109 21202
14691 300 62434 211 45370 350 21202
14691 300 62434 211 45370 341 21202
14691 300 62434 211 62963 109 21202
14691 300 62434 211 62963 350 21202
14691 300 62434 211 62963 341 21202
14691 300 62434 211 1838 241 21202
14691 300 62434 211 1838 109 21202
14691 300 62434 211 1838 350 21202
14691 300 62434 211 1838 341 21202
14691 300 62434 211 40233 241 21202
14691 300 62434 252 33054 277 21202
14691 313 60653 323 23815 341 21202
14691 313 60653 323 23815 12 21202
14691 313 60653 323 23815 109 21202
14691 313 60653 323 23815 241 21202
14691 313 46000 323 687 109 21202
14691 313 29580 323 53829 341 21202
14691 313 29580 323 20285 109 21202
14691 313 29580 323 20285 241 21202
14691 313 29580 323 20285 350 21202
14691 313 29580 323 20285 341 21202
14691 313 29580 323 41910 109 21202
14691 313 29580 323 41910 241 21202
14691 313 29580 323 41910 350 21202
14691 313 29580 323 41910 341 21202
14691 313 29580 323 21526 109 21202
14691 313 29580 323 21526 241 21202
14691 313 29580 323 21526 350 21202
14691 313 29580 323 21526 341 21202
14691 313 16619 323 3065 109 21202
14691 313 16619 323 3065 241 21202
14691 313 16619 323 3065 350 21202
14691 313 16619 323 3065 341 21202
14691 313 19295 332 29065 31 21202
14691 341 28369 241 42732 350 21202
14691 341 28369 241 42732 341 21202
14691 341 28369 241 42732 362 21202
14691 341 28369 313 32225 323 21202
14691 341 28369 313 25802 323 21202
14691 341 28369 311 39456 187 21202
14691 341 28369 311 39456 380 21202
14691 341 67908 109 67470 109 21202
14691 341 67908 241 36280 177 21202
14691 300 4173 211 24058 172 39042 109 21202
14691 300 4173 211 24058 172 39042 241 21202
14691 300 4173 211 24058 172 39042 13 21202
14691 300 4173 211 24058 172 39042 350 21202
14691 300 4173 211 24058 172 39042 341 21202
14691 300 4173 211 24058 332 29064 31 21202
14691 300 65810 211 70708 241 31012 109 21202
14691 300 65810 211 70708 241 31012 241 21202
14691 300 65810 211 70708 241 31012 13 21202
14691 300 65810 211 70708 241 31012 350 21202
14691 300 65810 211 70708 241 31012 341 21202
14691 300 65810 211 70708 241 31012 12 21202
14691 300 65810 211 70708 241 11927 241 21202
14691 300 65810 211 70708 241 11927 109 21202
14691 300 65810 211 70708 241 11927 350 21202
14691 300 65810 211 70708 241 11927 341 21202
14691 300 65810 211 70708 241 15401 241 21202
14691 300 65810 211 70708 241 15401 109 21202
14691 300 65810 211 70708 241 15401 350 21202
14691 300 65810 211 70708 241 15401 341 21202
14691 300 65810 211 70708 320 39509 320 21202
14691 300 65810 211 70708 320 39509 168 21202
14691 300 65810 211 70708 320 17428 241 21202
14691 300 65810 211 70708 320 17428 350 21202
14691 300 65810 211 70708 350 70787 109 21202
14691 300 65810 211 70708 350 70787 350 21202
14691 300 65810 211 70708 350 70787 341 21202
14691 300 65810 211 70708 350 70787 241 21202
14691 300 65810 211 70708 350 64988 109 21202
14691 300 65810 211 70708 350 64988 341 21202
14691 300 65810 211 70708 350 74099 109 21202
14691 300 65810 211 70708 350 74099 341 21202
14691 300 62434 211 41184 350 68898 109 21202
14691 300 62434 211 41184 350 68898 350 21202
14691 300 62434 211 41184 350 68898 341 21202
14691 300 62434 211 67332 241 65379 109 21202
14691 300 62434 211 67332 241 65379 241 21202
14691 300 62434 211 67332 241 65379 350 21202
14691 300 62434 211 67332 241 65379 341 21202
14691 300 62434 211 67332 350 39280 109 21202
14691 300 62434 211 67332 350 39280 350 21202
14691 300 62434 211 67332 350 39280 341 21202
14691 300 62434 211 67332 350 39280 241 21202
14691 300 62434 211 67332 350 75179 109 21202
14691 300 62434 211 67332 350 75179 350 21202
14691 300 62434 211 67332 350 75179 341 21202
14691 300 62434 211 67332 350 75179 241 21202
14691 300 62434 211 67332 109 119 109 21202
14691 300 62434 211 26039 313 60861 323 21202
14691 300 62434 211 41952 241 62787 109 21202
14691 300 62434 211 41952 241 62787 241 21202
14691 300 62434 211 41952 241 62787 350 21202
14691 300 62434 211 41952 241 62787 341 21202
14691 300 62434 211 16633 109 23964 320 21202
14691 300 62434 211 16633 109 23964 168 21202
14691 300 62434 211 16633 109 53698 168 21202
14691 300 62434 211 16633 13 7177 12 21202
14691 300 62434 211 12032 241 42478 109 21202
14691 300 62434 211 12032 241 42478 241 21202
14691 300 62434 211 12032 241 42478 341 21202
14691 300 62434 211 12032 350 10287 109 21202
14691 300 62434 211 12032 350 10287 350 21202
14691 300 62434 211 12032 350 10287 341 21202
14691 300 62434 211 12032 350 10287 241 21202
14691 300 62434 211 70964 328 62798 187 21202
14691 300 62434 211 45370 320 55484 109 21202
14691 300 62434 211 45370 320 55484 241 21202
14691 300 62434 211 45370 320 55484 350 21202
14691 300 62434 211 40233 172 62832 105 21202
14691 300 62434 211 40233 172 62832 12 21202
14691 300 62434 211 40233 172 62832 172 21202
14691 300 62434 211 40233 184 14669 189 21202
14691 300 62434 211 14245 313 72410 323 21202
14691 300 62434 211 14245 350 54961 341 21202
14691 300 62434 211 21208 109 36787 109 21202
14691 300 62434 211 21208 109 36787 241 21202
14691 300 62434 211 21208 109 36787 350 21202
14691 300 62434 211 21208 109 36787 341 21202
14691 300 62434 211 16500 350 28840 350 21202
14691 300 62434 211 16500 350 28840 341 21202
14691 300 62434 211 16500 350 28840 109 21202
14691 300 62434 211 16500 350 28840 241 21202
14691 313 60653 323 23815 313 64377 323 21202
14691 313 10368 326 41491 152 47260 323 21202
14691 313 10368 326 41491 152 15963 323 21202
14691 313 29580 323 20285 109 20013 241 21202
14691 313 29580 323 20285 109 20013 109 21202
14691 313 29580 323 20285 109 20013 350 21202
14691 313 29580 323 20285 109 20013 341 21202
14691 313 29580 323 41910 109 44091 350 21202
14691 313 29580 323 41910 109 44091 341 21202
14691 313 29580 323 41910 109 44091 109 21202
14691 313 29580 323 41910 109 44091 241 21202
14691 313 29580 323 41910 109 27935 109 21202
14691 313 29580 323 41910 109 27935 241 21202
14691 313 29580 323 41910 109 27935 350 21202
14691 313 29580 323 41910 109 27935 341 21202
14691 313 29580 323 41910 109 41630 109 21202
14691 313 29580 323 41910 109 41630 241 21202
14691 313 29580 323 41910 109 41630 350 21202
14691 313 29580 323 41910 109 41630 341 21202
14691 313 29580 323 41910 328 40731 187 21202
14691 313 29580 323 41910 350 48622 350 21202
14691 313 16619 323 71754 313 30491 323 21202
14691 341 28369 313 48613 326 40241 187 21202
14691 341 67908 241 51434 58 16752 109 21202
14691 341 67908 241 51434 58 16752 350 21202
14691 341 67908 241 51434 58 16752 341 21202
14691 300 4173 211 33697 332 65856 31 69308 323 21202
14691 300 4173 211 24058 172 39042 109 9465 350 21202
14691 300 4173 211 24058 172 39042 109 55668 109 21202
14691 300 4173 211 24058 172 39042 109 55668 241 21202
14691 300 4173 211 24058 172 39042 109 55668 350 21202
14691 300 4173 211 24058 172 39042 109 55668 341 21202
14691 300 4173 211 24058 172 39042 109 75136 350 21202
14691 300 65810 211 70708 241 31012 109 10516 109 21202
14691 300 65810 211 70708 241 31012 109 10516 241 21202
14691 300 65810 211 70708 241 31012 109 10516 350 21202
14691 300 65810 211 70708 241 31012 109 10516 341 21202
14691 300 65810 211 70708 241 31012 109 47005 350 21202
14691 300 62434 211 41816 311 44231 195 26387 187 21202
14691 341 67908 241 51434 183 63277 79 64834 187 21202
