38768 366 48451
38768 149 48451
38768 61 55888 62 16690 366 48451
38768 61 55888 62 34297 149 48451
38768 61 55888 62 34297 366 48451
38768 61 55888 62 72483 149 48451
38768 61 55888 62 72483 366 48451
38768 61 55888 62 4101 149 48451
38768 61 55888 62 4101 366 48451
38768 61 55888 62 41555 366 48451
38768 61 55888 62 39011 149 48451
38768 61 55888 62 39011 366 48451
38768 61 55888 62 59966 149 48451
38768 61 55888 62 59966 366 48451
38768 61 55888 62 56668 149 48451
38768 61 55888 62 11366 149 48451
38768 61 55888 62 12699 149 48451
38768 61 55888 62 12699 366 48451
38768 61 55888 62 7352 366 48451
38768 61 55888 62 16737 149 48451
38768 61 55888 62 7343 149 48451
38768 61 55888 62 43449 149 48451
38768 61 55888 62 43449 366 48451
38768 61 55888 62 74744 149 48451
38768 61 55888 62 74744 366 48451
38768 149 19204 149 57097 149 48451
38768 149 19204 149 57097 366 48451
38768 149 19204 149 28276 149 48451
38768 149 19204 149 28276 366 48451
38768 332 65853 31 36866 149 17226 149 48451
38768 332 65853 31 36866 149 17226 366 48451
38768 332 29052 31 1497 149 32754 149 48451
38768 332 29052 31 1497 149 32754 366 48451
38768 332 29052 31 43136 149 67503 149 48451
38768 61 55888 62 34297 149 29593 149 48451
38768 61 55888 62 34297 149 29593 366 48451
38768 61 55888 62 59966 149 13594 149 48451
38768 61 55888 62 59966 149 13594 366 48451
38768 61 55888 62 11366 149 30545 149 48451
38768 61 55888 62 11366 149 30545 366 48451
