34242 213 51108
34242 172 9898 105 45178 213 51108
34242 172 9898 105 63723 213 51108
34242 172 9898 105 26063 213 51108
34242 172 9898 105 64119 213 51108
34242 172 9898 105 12281 213 51108
34242 336 53751 255 61771 213 51108
34242 336 53751 255 32004 213 51108
34242 336 53751 255 66073 213 51108
34242 336 53751 255 54238 213 51108
34242 336 53751 255 9 213 51108
34242 336 53751 255 2482 213 51108
34242 336 53751 255 66711 213 51108
34242 336 53751 255 39218 213 51108
34242 336 53751 255 58072 213 51108
34242 336 53751 255 19767 213 51108
34242 336 53751 255 12095 213 51108
34242 336 53751 255 10592 213 51108
34242 336 53751 255 29801 213 51108
34242 336 53751 255 56558 213 51108
34242 336 53751 255 61624 213 51108
34242 336 53751 255 53409 213 51108
34242 336 53751 255 11701 213 51108
34242 336 53751 255 13251 213 51108
34242 336 53751 255 69112 213 51108
34242 336 53751 255 52268 213 51108
34242 336 53751 255 27378 213 51108
34242 336 53751 255 7636 213 51108
34242 336 53751 255 16868 213 51108
34242 336 53751 255 73386 213 51108
34242 336 53751 255 49761 213 51108
34242 336 53751 255 16366 213 51108
34242 336 53751 255 65280 213 51108
34242 336 53751 255 58351 213 51108
34242 336 53751 255 27631 213 51108
34242 336 53751 255 486 213 51108
34242 336 53751 255 33466 213 51108
34242 336 53751 255 59906 213 51108
34242 336 53751 255 58982 213 51108
34242 336 53751 255 27703 213 51108
34242 385 58324 193 40448 213 51108
34242 172 9898 105 20525 336 44438 213 51108
34242 336 53751 5 48284 85 17058 214 51108
34242 336 53751 155 69092 294 6793 213 51108
34242 336 53751 255 66545 255 41015 213 51108
34242 336 53751 255 11701 357 40728 213 51108
34242 336 53751 255 49761 336 58098 213 51108
34242 336 53751 255 47491 336 58402 213 51108
34242 336 53751 255 47491 336 54569 213 51108
34242 336 53751 255 58982 336 39070 213 51108
34242 172 9898 105 64007 385 51025 193 54032 213 51108
34242 172 9898 105 63723 213 50130 121 14289 213 51108
34242 172 9898 105 63723 213 50130 121 16926 213 51108
34242 172 9898 105 63723 213 50130 121 11356 213 51108
34242 172 9898 105 63723 213 50130 121 26406 213 51108
34242 172 9898 105 63723 213 50130 121 24274 213 51108
34242 172 9898 105 63723 213 50130 121 21425 213 51108
34242 172 9898 105 63723 213 50130 121 22889 213 51108
34242 172 9898 105 63723 213 50130 121 66237 213 51108
34242 172 9898 105 63723 213 50130 121 41295 213 51108
34242 172 9898 105 63723 213 50130 121 6723 213 51108
34242 172 9898 105 63723 213 50130 121 4804 213 51108
34242 172 9898 105 63723 213 50130 121 49718 213 51108
34242 172 9898 105 63723 213 50130 121 10926 213 51108
34242 172 9898 105 63723 213 50130 121 50716 213 51108
34242 172 9898 105 63723 213 50130 121 17230 213 51108
34242 172 9898 105 63723 213 50130 121 2718 213 51108
34242 172 9898 105 63723 213 50130 121 33814 213 51108
34242 172 9898 105 63723 213 50130 121 7428 213 51108
34242 172 9898 105 63723 213 50130 121 23455 213 51108
34242 172 9898 105 63723 213 50130 121 3983 213 51108
34242 172 9898 105 63723 213 50130 121 42311 213 51108
34242 172 9898 105 63723 213 50130 121 46279 213 51108
34242 172 9898 105 63723 213 50130 121 41933 213 51108
34242 172 9898 105 63723 213 50130 121 5464 213 51108
34242 172 9898 105 63723 213 50130 121 5209 213 51108
34242 172 9898 105 63723 213 50130 121 16535 213 51108
34242 172 9898 105 63723 213 50130 121 13997 213 51108
34242 172 9898 105 63723 213 50130 121 74053 213 51108
34242 172 9898 105 63723 213 50130 121 65555 213 51108
34242 172 9898 105 63723 213 50130 121 61088 213 51108
34242 172 9898 105 20525 336 44438 336 56670 213 51108
34242 172 9898 105 20525 336 44438 336 17289 213 51108
34242 172 9898 105 20525 336 40825 336 38412 213 51108
34242 336 53751 277 29310 369 29427 188 24741 213 51108
34242 336 53751 277 29310 369 29427 188 36714 213 51108
34242 336 53751 277 29310 369 29427 188 38121 213 51108
34242 336 53751 277 29310 369 29427 188 16100 213 51108
34242 336 53751 252 47068 114 32131 26 72546 213 51108
34242 336 53751 105 30112 155 180 290 70402 213 51108
34242 336 53751 255 54942 336 53053 255 2256 213 51108
34242 336 53751 255 39745 385 75189 217 52049 213 51108
34242 336 53751 255 27378 172 7722 105 57738 213 51108
34242 336 53751 255 49761 230 26317 193 65993 213 51108
34242 172 9898 105 63723 213 50130 158 11175 214 62860 210 51108
34242 336 53751 28 73592 277 51363 222 32648 22 39211 188 30949 213 51108
