38348 213 58833
38348 300 62434 211 73460 213 58833
38348 300 62434 211 37898 213 58833
38348 300 62434 211 53751 213 58833
38348 300 62434 211 19747 213 58833
38348 300 62434 211 48374 213 58833
38348 300 62434 211 17157 213 58833
38348 300 62434 211 60258 213 58833
38348 300 62434 211 65931 213 58833
38348 396 54516 35 64880 213 58833
38348 396 54516 35 6593 213 58833
38348 396 54516 35 73831 213 58833
38348 396 54516 35 54994 213 58833
38348 300 62434 211 72079 373 30973 213 58833
38348 300 62434 211 65908 114 72858 213 58833
38348 300 62434 211 1444 383 61102 213 58833
38348 300 62434 211 1444 75 33630 213 58833
38348 300 62434 211 53751 255 16624 213 58833
38348 300 62434 211 36865 356 12577 213 58833
38348 300 62434 211 32131 290 62274 213 58833
38348 300 62434 211 32131 290 6793 213 58833
38348 300 62434 211 32131 26 68704 213 58833
38348 300 62434 211 47724 282 25916 213 58833
38348 300 62434 211 47724 282 70494 213 58833
38348 300 62434 211 47724 282 25695 213 58833
38348 300 62434 211 47724 282 39113 213 58833
38348 300 62434 211 47724 282 62557 213 58833
38348 300 62434 211 47724 282 36257 213 58833
38348 300 62434 211 47724 282 23147 213 58833
38348 300 62434 211 47724 282 20731 213 58833
38348 300 62434 211 47724 282 33836 213 58833
38348 300 62434 211 3650 282 45401 213 58833
38348 300 62434 211 3650 364 5421 213 58833
38348 300 62434 211 3650 95 42215 213 58833
38348 300 62434 211 21356 172 66085 213 58833
38348 300 62434 252 33054 277 34792 213 58833
38348 300 62434 252 33054 277 50963 213 58833
38348 300 62434 252 33054 277 53065 213 58833
38348 396 54516 35 73831 252 63523 213 58833
38348 300 62434 211 44667 300 59812 211 42760 213 58833
38348 300 62434 211 72079 332 10045 31 61103 213 58833
38348 300 62434 211 72079 164 23110 147 52023 213 58833
38348 300 62434 211 38128 15 55887 15 51194 213 58833
38348 300 62434 211 38128 382 69443 357 64326 213 58833
38348 300 62434 211 38128 265 60841 392 23018 213 58833
38348 300 62434 211 10424 202 73168 75 63225 213 58833
38348 300 62434 211 73460 255 65435 336 64209 213 58833
38348 300 62434 211 51172 359 57906 373 17059 213 58833
38348 300 62434 211 37898 213 43450 121 29019 213 58833
38348 300 62434 211 37898 213 43450 121 6931 213 58833
38348 300 62434 211 37898 213 43450 121 48512 213 58833
38348 300 62434 211 37898 213 43450 121 20352 213 58833
38348 300 62434 211 37898 213 43450 121 3344 213 58833
38348 300 62434 211 37898 213 43450 121 72316 213 58833
38348 300 62434 211 411 382 21435 130 55688 213 58833
38348 300 62434 211 1444 383 29427 26 43823 213 58833
38348 300 62434 211 53751 255 2007 336 30660 213 58833
38348 300 62434 211 24058 213 50130 121 65813 213 58833
38348 300 62434 211 14858 172 17373 105 13095 213 58833
38348 300 62434 211 48050 383 54856 126 26938 213 58833
38348 300 62434 211 48050 383 54856 126 62840 213 58833
38348 300 62434 211 58806 332 54623 31 57639 213 58833
38348 300 62434 211 32131 290 37269 336 61757 213 58833
38348 300 62434 211 32131 290 31376 307 45311 213 58833
38348 300 62434 211 21356 172 66085 255 1960 213 58833
38348 300 62434 211 21356 172 66085 255 71542 213 58833
38348 396 54516 35 4148 75 14513 26 9830 213 58833
38348 300 62434 211 72079 332 29065 31 25456 95 66528 213 58833
38348 300 62434 211 38128 85 17058 214 32615 121 11613 213 58833
38348 300 62434 211 38128 85 17058 214 32615 121 6566 213 58833
38348 300 62434 211 38128 85 17058 214 57645 121 13840 213 58833
38348 300 62434 211 38128 85 17058 214 57645 121 25149 213 58833
38348 300 62434 211 38128 85 17058 214 50243 121 4659 213 58833
38348 300 62434 211 38128 85 64632 214 70564 121 12102 213 58833
38348 300 62434 211 38128 265 60841 392 33834 54 9870 213 58833
38348 300 62434 211 38128 265 60841 272 20503 290 55793 213 58833
38348 300 62434 211 65908 114 72858 100 54918 369 44972 213 58833
38348 300 62434 211 1444 383 38500 256 29812 141 53560 213 58833
38348 300 62434 211 1444 383 29427 188 66237 336 74987 213 58833
38348 300 62434 211 53751 255 11701 271 37913 130 75103 213 58833
38348 300 62434 211 32131 126 49682 213 51646 121 46171 213 58833
38348 300 62434 211 32131 126 49682 213 51646 121 55684 213 58833
38348 300 62434 211 15756 297 64508 151 73698 151 58505 213 58833
38348 300 62434 211 33363 105 27339 172 21844 255 45394 367 31763 213 58833
38348 300 62434 211 38128 217 9911 111 18069 256 30640 254 32045 213 58833
38348 300 62434 211 21109 155 6749 369 9338 277 4328 252 55190 213 58833
38348 300 62434 211 32131 126 49682 213 51646 121 46171 337 40475 213 58833
38348 300 62434 211 38128 85 17058 214 32615 121 11613 213 52353 121 63842 213 58833
