52103 213 59108
52103 336 57560 213 59108
52103 357 2907 255 3007 213 59108
52103 357 2907 336 37269 213 59108
52103 105 9637 172 43282 213 59108
52103 105 14736 105 7417 213 59108
52103 255 71491 367 45929 213 59108
52103 255 50502 357 48056 213 59108
52103 336 69443 336 38002 213 59108
52103 357 2907 105 63771 105 38749 213 59108
52103 357 2907 336 37269 336 43404 213 59108
52103 105 14736 105 7417 357 9120 213 59108
52103 105 14736 105 7417 357 41932 213 59108
52103 105 14736 105 7417 373 37367 213 59108
52103 105 14736 332 23453 31 19404 213 59108
52103 143 69742 113 66245 147 40692 213 59108
52103 336 69443 336 38002 373 61516 213 59108
52103 336 69443 336 38002 373 27364 213 59108
52103 336 69443 336 38002 373 9322 213 59108
52103 336 69443 336 38002 373 45429 213 59108
52103 336 69443 336 38002 357 45553 213 59108
52103 336 69443 336 38002 357 33312 213 59108
52103 357 2907 336 37269 336 43404 357 43385 213 59108
52103 357 2907 336 37269 100 22041 290 17889 357 72630 213 59108
