54448 213 50130
54448 255 53794 336 41015 213 50130
54448 255 53794 336 15557 213 50130
54448 255 53794 336 53534 213 50130
54448 255 53794 336 12095 213 50130
54448 255 53794 336 38244 213 50130
54448 255 53794 336 56513 213 50130
54448 255 53794 336 58982 213 50130
54448 255 53794 336 6793 213 50130
54448 255 53794 336 13251 213 50130
54448 255 53794 336 49761 213 50130
54448 255 53794 255 18299 213 50130
54448 255 53794 255 44438 213 50130
54448 255 53794 255 40825 213 50130
54448 336 53751 255 61771 213 50130
54448 336 53751 255 32004 213 50130
54448 336 53751 255 36968 213 50130
54448 336 53751 255 54942 213 50130
54448 336 53751 255 54238 213 50130
54448 336 53751 255 3800 213 50130
54448 336 53751 255 47783 213 50130
54448 336 53751 255 66673 213 50130
54448 336 53751 255 3894 213 50130
54448 336 53751 255 2408 213 50130
54448 336 53751 255 2482 213 50130
54448 336 53751 255 44334 213 50130
54448 336 53751 255 39218 213 50130
54448 336 53751 255 8930 213 50130
54448 336 53751 255 24058 213 50130
54448 336 53751 255 58072 213 50130
54448 336 53751 255 41305 213 50130
54448 336 53751 255 19767 213 50130
54448 336 53751 255 70910 213 50130
54448 336 53751 255 10592 213 50130
54448 336 53751 255 29801 213 50130
54448 336 53751 255 56558 213 50130
54448 336 53751 255 61624 213 50130
54448 336 53751 255 53409 213 50130
54448 336 53751 255 11701 213 50130
54448 336 53751 255 69112 213 50130
54448 336 53751 255 52268 213 50130
54448 336 53751 255 27378 213 50130
54448 336 53751 255 16868 213 50130
54448 336 53751 255 28483 213 50130
54448 336 53751 255 16366 213 50130
54448 336 53751 255 30309 213 50130
54448 336 53751 255 65280 213 50130
54448 336 53751 255 32685 213 50130
54448 336 53751 255 58351 213 50130
54448 336 53751 255 27631 213 50130
54448 336 53751 255 486 213 50130
54448 336 53751 255 26162 213 50130
54448 336 53751 255 33466 213 50130
54448 336 53751 255 59906 213 50130
54448 255 53794 336 41015 336 4137 213 50130
54448 255 53794 336 66545 255 64811 213 50130
54448 255 53794 336 58982 336 39070 213 50130
54448 255 53794 336 58982 336 58098 213 50130
54448 255 53794 336 58982 255 28397 213 50130
54448 255 53794 336 58982 255 43147 213 50130
54448 255 53794 336 58982 255 20525 213 50130
54448 255 53794 336 13251 373 58741 213 50130
54448 255 53794 255 54569 54 65555 213 50130
54448 255 53794 255 44438 336 35139 213 50130
54448 255 53794 255 44438 336 6723 213 50130
54448 255 53794 255 44438 336 4804 213 50130
54448 255 53794 255 44438 336 4878 213 50130
54448 255 53794 255 44438 336 49718 213 50130
54448 255 53794 255 44438 336 3007 213 50130
54448 255 53794 255 44438 255 66237 213 50130
54448 255 53794 255 44438 255 3983 213 50130
54448 255 6780 336 14504 255 2509 213 50130
54448 255 6780 336 27108 255 37269 213 50130
54448 255 6780 34 29427 126 32548 213 50130
54448 255 6780 34 29427 126 24837 213 50130
54448 255 6780 34 29427 188 34187 213 50130
54448 336 53751 28 73592 277 60073 213 50130
54448 336 53751 5 48284 85 17058 214 50130
54448 336 53751 155 69092 294 566 213 50130
54448 336 53751 382 8039 6 21632 213 50130
54448 336 53751 213 58833 121 65813 213 50130
54448 336 53751 255 52103 336 57560 213 50130
54448 336 53751 255 2007 356 28563 213 50130
54448 336 53751 255 11701 357 40728 213 50130
54448 336 53751 255 11701 356 48762 213 50130
54448 336 53751 255 4713 6 12910 213 50130
54448 336 53751 255 47491 336 30979 213 50130
54448 336 53751 255 32685 336 60646 213 50130
54448 336 53751 255 27631 367 13480 213 50130
54448 255 53794 336 41015 213 51108 121 14289 213 50130
54448 255 53794 336 41015 213 51108 121 16926 213 50130
54448 255 53794 336 41015 213 51108 121 11356 213 50130
54448 255 53794 336 41015 213 51108 121 26406 213 50130
54448 255 53794 336 41015 213 51108 121 24274 213 50130
54448 255 53794 336 41015 213 51108 121 21425 213 50130
54448 255 53794 336 41015 213 51108 121 22889 213 50130
54448 255 53794 336 41015 213 51108 121 41295 213 50130
54448 255 53794 336 41015 213 51108 121 40448 213 50130
54448 255 53794 336 41015 213 51108 121 10926 213 50130
54448 255 53794 336 41015 213 51108 121 50716 213 50130
54448 255 53794 336 41015 213 51108 121 17230 213 50130
54448 255 53794 336 41015 213 51108 121 26063 213 50130
54448 255 53794 336 41015 213 51108 121 63723 213 50130
54448 255 53794 336 41015 213 51108 121 2718 213 50130
54448 255 53794 336 41015 213 51108 121 33814 213 50130
54448 255 53794 336 41015 213 51108 121 7428 213 50130
54448 255 53794 336 41015 213 51108 121 23455 213 50130
54448 255 53794 336 41015 213 51108 121 42311 213 50130
54448 255 53794 336 41015 213 51108 121 46279 213 50130
54448 255 53794 336 41015 213 51108 121 41933 213 50130
54448 255 53794 336 41015 213 51108 121 5464 213 50130
54448 255 53794 336 41015 213 51108 121 5209 213 50130
54448 255 53794 336 41015 213 51108 121 16535 213 50130
54448 255 53794 336 41015 213 51108 121 13997 213 50130
54448 255 53794 336 41015 213 51108 121 74053 213 50130
54448 255 53794 336 41015 213 51108 121 61088 213 50130
54448 255 53794 336 34279 385 15254 85 11175 214 50130
54448 255 53794 336 58026 305 19847 290 43339 213 50130
54448 255 53794 336 38244 100 32131 126 46003 213 50130
54448 255 53794 336 38244 100 32131 126 46497 213 50130
54448 255 53794 336 38244 100 32131 126 54329 213 50130
54448 255 53794 336 38244 100 32131 126 71292 213 50130
54448 255 53794 336 38244 100 32131 290 32912 213 50130
54448 255 53794 336 38244 100 32131 290 69078 213 50130
54448 255 53794 336 38244 100 32131 290 64807 213 50130
54448 255 53794 336 38244 100 32131 26 46550 213 50130
54448 255 53794 336 38244 100 32131 26 13896 213 50130
54448 255 53794 336 38244 100 32131 26 32261 213 50130
54448 255 53794 336 56513 332 29065 31 35483 213 50130
54448 255 53794 336 58982 172 15570 188 15316 213 50130
54448 255 53794 336 13251 373 58741 367 61253 213 50130
54448 255 53794 255 44438 336 3007 356 64199 213 50130
54448 255 6780 336 27108 255 37269 255 7431 213 50130
54448 336 53751 155 69092 294 8666 358 13734 213 50130
54448 336 53751 300 59812 211 17121 126 7832 213 50130
54448 336 53751 213 58833 121 75103 356 6835 213 50130
54448 336 53751 255 52103 357 2907 255 72387 213 50130
54448 336 53751 255 2007 356 28563 367 9650 213 50130
54448 336 53751 255 11701 367 32432 357 50960 213 50130
54448 336 53751 255 11701 213 60508 121 25809 213 50130
54448 336 53751 255 11701 213 60508 121 35495 213 50130
54448 336 53751 255 11701 213 60508 121 29760 213 50130
54448 336 53751 255 11701 356 48762 357 56849 213 50130
54448 255 53794 336 41015 336 4137 100 11992 290 50765 213 50130
54448 255 53794 336 41015 213 51108 121 17230 357 46374 213 50130
54448 255 53794 336 41015 213 51108 121 17230 357 74093 213 50130
54448 255 53794 336 41015 213 51108 121 17230 357 22970 213 50130
54448 255 53794 336 41015 213 51108 121 17230 357 66405 213 50130
54448 255 53794 336 41015 213 51108 121 17230 357 6759 213 50130
54448 255 53794 336 41015 100 2516 126 35417 356 41824 213 50130
54448 255 53794 336 56513 332 29065 31 53891 188 12429 213 50130
54448 255 53794 336 47209 332 65855 31 68221 290 24067 213 50130
54448 255 53794 336 47209 332 65855 31 25889 188 26218 213 50130
54448 255 53794 336 49761 336 72858 100 49302 126 57463 213 50130
54448 255 6780 34 29427 332 65853 31 3134 121 56840 213 50130
54448 255 6780 34 29427 332 29064 31 28109 126 999 213 50130
54448 255 53794 336 41015 100 2516 126 35417 356 41824 373 59856 213 50130
54448 255 53794 336 41015 100 2516 126 35417 356 41824 373 54341 213 50130
54448 255 53794 336 41015 100 2516 126 35417 356 41824 373 65006 213 50130
54448 255 53794 336 41015 100 2516 126 35417 356 41824 373 21417 213 50130
54448 255 53794 336 41015 100 2516 126 35417 356 41824 373 6285 213 50130
54448 255 53794 336 41015 100 2516 126 35417 356 41824 373 16778 213 50130
54448 255 53794 336 41015 100 2516 126 35417 356 41824 373 30222 213 50130
54448 255 53794 336 41015 100 2516 126 35417 356 41824 373 45130 213 50130
54448 255 53794 336 41015 100 2516 126 35417 356 41824 373 19113 213 50130
54448 255 53794 336 41015 100 2516 126 35417 356 41824 373 3797 213 50130
54448 255 53794 336 41015 100 2516 126 35417 356 41824 373 74458 213 50130
54448 255 53794 336 41015 100 2516 126 35417 356 41824 373 43562 213 50130
54448 255 53794 336 41015 100 2516 126 35417 356 41824 373 28136 213 50130
54448 255 53794 336 41015 100 2516 126 35417 356 41824 373 35858 213 50130
54448 255 53794 336 41015 100 2516 126 35417 356 41824 373 10035 213 50130
54448 255 53794 336 41015 100 2516 126 35417 356 41824 373 66887 213 50130
54448 255 53794 336 41015 100 2516 126 35417 356 41824 164 56723 213 50130
