61005 213 54310
61005 227 14116 252 19933 277 65853 31 54310
61005 227 14116 252 19933 332 29052 31 54310
61005 227 14116 252 19933 332 29064 31 54310
61005 227 14116 252 19933 64 36374 85 11175 214 54310
61005 227 14116 252 19933 64 52667 369 33054 277 54310
61005 227 14116 252 19933 383 69092 294 14906 358 54310
61005 227 14116 252 19933 383 69092 151 68336 31 54310
61005 227 14116 252 19933 277 9044 26 8990 213 54310
61005 227 14116 252 19933 231 57047 364 41682 213 54310
61005 271 47523 117 19876 334 38688 252 62921 213 54310
61005 227 14116 252 19933 64 52667 369 33054 277 18424 358 54310
61005 227 14116 252 19933 383 63370 75 30480 358 66417 358 54310
61005 227 14116 252 19933 277 65857 31 8640 28 18032 358 54310
61005 227 14116 252 19933 277 9044 26 6394 373 15204 213 54310
61005 227 14116 252 19933 277 68334 31 16703 26 3013 213 54310
61005 227 14116 252 19933 222 29063 15 70739 130 12119 213 54310
61005 227 14116 252 19933 64 5496 358 17726 108 61857 219 11523 358 54310
61005 227 14116 252 19933 64 66068 345 38563 171 2597 171 45566 358 54310
61005 227 14116 252 19933 64 66068 345 38563 171 2597 171 1921 358 54310
61005 227 14116 252 19933 231 57047 364 41682 271 11443 147 12363 213 54310
61005 227 14116 252 19933 231 57047 364 41682 271 61909 203 50046 213 54310
61005 227 14116 252 19933 332 29065 31 30355 151 55371 28 25438 13 2288 12 54310
61005 227 14116 252 19933 231 57047 364 41682 271 11443 147 12363 382 19337 213 54310
61005 227 14116 252 19933 231 57047 364 41682 271 61909 203 50046 357 47136 213 54310
