64880 213 58833
64880 332 65857 31 73460 213 58833
64880 332 65857 31 62557 213 58833
64880 332 65861 31 61103 213 58833
64880 332 10045 31 54994 213 58833
64880 332 29052 31 34792 213 58833
64880 332 68334 31 66085 213 58833
64880 397 59413 282 72858 213 58833
64880 397 59413 282 62274 213 58833
64880 397 47724 282 25916 213 58833
64880 397 47724 282 70494 213 58833
64880 397 47724 282 25695 213 58833
64880 397 47724 282 39113 213 58833
64880 397 47724 282 36257 213 58833
64880 397 47724 282 23147 213 58833
64880 397 47724 282 20731 213 58833
64880 397 47724 282 33836 213 58833
64880 397 47724 282 12577 213 58833
64880 396 54516 35 38348 213 58833
64880 396 54516 35 6593 213 58833
64880 396 54516 35 53751 213 58833
64880 396 54516 35 73831 213 58833
64880 385 54168 254 37898 213 58833
64880 385 54168 254 60258 213 58833
64880 385 54168 254 65931 213 58833
64880 332 65857 31 72079 373 30973 213 58833
64880 332 65857 31 72079 373 19747 213 58833
64880 332 65857 31 15215 369 53065 213 58833
64880 332 65857 31 1444 383 61102 213 58833
64880 332 65857 31 1444 75 33630 213 58833
64880 332 65857 31 26736 369 50963 213 58833
64880 332 65857 31 29427 26 43823 213 58833
64880 332 65857 31 3650 282 45401 213 58833
64880 332 65857 31 3650 364 5421 213 58833
64880 332 65857 31 3650 95 42215 213 58833
64880 332 65857 369 60841 392 23018 213 58833
64880 332 65857 369 41897 32 6793 213 58833
64880 332 65856 31 2007 336 30660 213 58833
64880 332 65861 31 18999 75 52023 213 58833
64880 332 10045 31 73168 75 63225 213 58833
64880 332 10045 31 53798 290 64209 213 58833
64880 332 10045 31 33365 95 45311 213 58833
64880 332 1705 31 17373 105 13095 213 58833
64880 332 29052 31 44184 369 6931 213 58833
64880 332 29052 31 34222 336 61757 213 58833
64880 332 68334 31 66085 255 1960 213 58833
64880 332 68334 31 66085 255 71542 213 58833
64880 397 47724 237 57047 364 68704 213 58833
64880 397 47724 300 62434 211 48374 213 58833
64880 397 47724 300 62434 211 17157 213 58833
64880 396 54516 35 53751 255 16624 213 58833
64880 396 54516 35 73831 252 63523 213 58833
64880 332 65857 31 17625 359 57906 373 17059 213 58833
64880 332 65857 31 56660 60 21435 130 55688 213 58833
64880 332 65857 31 30490 300 59812 211 42760 213 58833
64880 332 65857 31 59220 332 54623 31 57639 213 58833
64880 332 65857 31 37302 256 55887 15 51194 213 58833
64880 332 65857 31 29427 188 66237 336 74987 213 58833
64880 332 65857 31 72636 240 20503 290 55793 213 58833
64880 332 65857 31 61624 213 50130 121 65813 213 58833
64880 332 65857 151 33054 277 36375 121 29019 213 58833
64880 332 65857 151 33054 277 36375 121 48512 213 58833
64880 332 65857 369 60841 277 14513 26 9830 213 58833
64880 332 65857 369 60841 392 33834 54 9870 213 58833
64880 332 65861 31 61103 213 43450 121 20352 213 58833
64880 332 65861 31 61103 213 43450 121 3344 213 58833
64880 332 65861 31 61103 213 43450 121 72316 213 58833
64880 332 65861 31 59655 176 69443 357 64326 213 58833
64880 332 65861 31 15718 113 6835 373 75103 213 58833
64880 332 29052 31 9025 277 42570 369 44972 213 58833
64880 332 29052 31 24357 213 51646 121 4659 213 58833
64880 332 29052 31 24357 213 51646 121 46171 213 58833
64880 332 29052 31 24357 213 51646 121 55684 213 58833
64880 332 29052 31 24357 213 70564 121 12102 213 58833
64880 397 59413 282 72858 100 54856 126 26938 213 58833
64880 397 59413 282 72858 100 54856 126 62840 213 58833
64880 397 59413 282 72858 397 25456 95 66528 213 58833
64880 385 54168 85 17058 214 32615 121 11613 213 58833
64880 385 54168 85 17058 214 32615 121 6566 213 58833
64880 385 54168 85 17058 214 57645 121 13840 213 58833
64880 385 54168 85 17058 214 57645 121 25149 213 58833
64880 332 65857 31 1444 383 38500 256 29812 141 53560 213 58833
64880 332 65857 31 72636 339 64508 151 73698 151 58505 213 58833
64880 332 65861 31 5604 110 18069 256 30640 254 32045 213 58833
64880 332 29052 31 6749 369 9338 277 4328 252 55190 213 58833
64880 332 29052 31 24357 213 51646 121 46171 337 40475 213 58833
64880 255 11414 105 27339 172 21844 255 45394 367 31763 213 58833
64880 385 54168 85 17058 214 32615 121 11613 213 52353 121 63842 213 58833
