72553 213 51646
72553 213 74863 121 32464 213 51646
72553 213 74863 121 74976 213 51646
72553 213 74863 121 26847 213 51646
72553 213 74863 121 5879 213 51646
72553 213 74863 121 4264 213 51646
72553 213 11288 121 23942 213 51646
72553 213 11288 121 24357 213 51646
72553 213 11288 121 50163 213 51646
72553 213 11288 121 7067 213 51646
72553 213 11288 121 70501 213 51646
72553 213 11288 121 46171 213 51646
72553 213 11288 121 38556 213 51646
72553 213 11288 121 9901 16 45311 213 51646
72553 213 74863 121 7624 227 32131 126 49682 213 51646
72553 213 11288 121 51194 213 58833 121 4659 213 51646
72553 213 11288 121 51194 213 58833 121 55684 213 51646
72553 213 11288 121 46562 100 69099 26 1031 213 51646
