72553 213 11288
72553 213 51646 121 23942 213 11288
72553 213 51646 121 24357 213 11288
72553 213 51646 121 74976 213 11288
72553 213 51646 121 26847 213 11288
72553 213 51646 121 50163 213 11288
72553 213 51646 121 7067 213 11288
72553 213 51646 121 70501 213 11288
72553 213 51646 121 46171 213 11288
72553 213 51646 121 38556 213 11288
72553 213 51646 121 5879 213 11288
72553 213 51646 121 4264 213 11288
72553 213 74863 121 7624 213 11288
72553 213 74863 121 30703 213 11288
72553 397 47724 282 58653 213 11288
72553 397 47724 282 3223 213 11288
72553 397 47724 282 45833 213 11288
72553 397 47724 282 50938 213 11288
72553 397 47724 282 56656 213 11288
72553 397 47724 282 75028 213 11288
72553 397 47724 373 42944 213 11288
72553 397 47724 95 31387 213 11288
72553 397 47724 95 39660 213 11288
72553 397 32937 282 26430 213 11288
72553 397 32937 95 58532 213 11288
72553 397 32937 95 9901 213 11288
72553 213 51646 121 26847 382 3465 213 11288
72553 213 74863 121 7624 268 14384 213 11288
72553 213 74863 121 30703 356 385 213 11288
72553 397 51080 95 31376 307 24894 213 11288
72553 397 51080 95 31376 307 45065 213 11288
72553 397 47724 282 58653 373 71227 213 11288
72553 397 47724 282 45833 357 25088 213 11288
72553 397 47724 95 39660 357 21967 213 11288
72553 397 47724 95 39660 357 53485 213 11288
72553 397 32937 282 26430 373 52528 213 11288
72553 213 51646 121 32464 213 70564 121 46562 213 11288
72553 213 51646 121 23942 213 9806 121 44176 213 11288
72553 213 51646 121 23942 213 9806 121 50738 213 11288
72553 213 51646 121 23942 213 9806 121 21320 213 11288
72553 213 51646 121 24357 227 32131 26 20530 213 11288
72553 213 51646 121 24357 227 32131 26 41116 213 11288
72553 213 51646 121 4659 213 58833 121 51194 213 11288
72553 213 51646 121 38556 97 60478 130 50570 213 11288
72553 397 47724 95 39660 385 59247 369 28335 358 2236 213 11288
72553 397 6570 297 61222 231 6003 392 14988 54 54340 249 58184 213 11288
