8930 213 50130
8930 34 32131 126 41305 213 50130
8930 34 32131 126 46003 213 50130
8930 34 32131 126 41295 213 50130
8930 34 32131 126 46497 213 50130
8930 34 32131 126 6723 213 50130
8930 34 32131 126 40448 213 50130
8930 34 32131 126 10592 213 50130
8930 34 32131 126 44438 213 50130
8930 34 32131 126 40825 213 50130
8930 34 32131 126 34187 213 50130
8930 34 32131 126 49718 213 50130
8930 34 32131 126 39218 213 50130
8930 34 32131 126 65280 213 50130
8930 34 32131 126 30309 213 50130
8930 34 32131 126 43147 213 50130
8930 34 32131 126 61771 213 50130
8930 34 32131 126 18299 213 50130
8930 34 32131 126 54329 213 50130
8930 34 32131 126 54942 213 50130
8930 34 32131 126 13251 213 50130
8930 34 32131 126 57560 213 50130
8930 34 32131 126 27378 213 50130
8930 34 32131 126 27631 213 50130
8930 34 32131 126 11701 213 50130
8930 34 32131 126 17230 213 50130
8930 34 32131 126 58098 213 50130
8930 34 32131 126 71292 213 50130
8930 34 32131 126 3983 213 50130
8930 34 32131 126 41933 213 50130
8930 34 32131 126 13997 213 50130
8930 34 32131 126 61088 213 50130
8930 34 32131 126 48762 213 50130
8930 34 32131 126 43339 213 50130
8930 34 32131 290 33466 213 50130
8930 34 32131 290 32912 213 50130
8930 34 32131 290 38244 213 50130
8930 34 32131 290 58072 213 50130
8930 34 32131 290 4878 213 50130
8930 34 32131 290 56513 213 50130
8930 34 32131 290 32548 213 50130
8930 34 32131 290 56558 213 50130
8930 34 32131 290 16366 213 50130
8930 34 32131 290 61624 213 50130
8930 34 32131 290 54238 213 50130
8930 34 32131 290 58351 213 50130
8930 34 32131 290 6793 213 50130
8930 34 32131 290 37269 213 50130
8930 34 32131 290 3007 213 50130
8930 34 32131 290 59906 213 50130
8930 34 32131 290 69078 213 50130
8930 34 32131 290 64807 213 50130
8930 34 32131 26 46550 213 50130
8930 34 32131 26 58741 213 50130
8930 34 32131 26 13896 213 50130
8930 34 32131 26 32261 213 50130
8930 34 32131 26 486 213 50130
8930 34 32131 26 28563 213 50130
8930 34 32131 26 5209 213 50130
8930 336 53751 255 32004 213 50130
8930 336 53751 255 36968 213 50130
8930 336 53751 255 3800 213 50130
8930 336 53751 255 47783 213 50130
8930 336 53751 255 66673 213 50130
8930 336 53751 255 3894 213 50130
8930 336 53751 255 2408 213 50130
8930 336 53751 255 2482 213 50130
8930 336 53751 255 44334 213 50130
8930 336 53751 255 24058 213 50130
8930 336 53751 255 19767 213 50130
8930 336 53751 255 70910 213 50130
8930 336 53751 255 12095 213 50130
8930 336 53751 255 29801 213 50130
8930 336 53751 255 53409 213 50130
8930 336 53751 255 69112 213 50130
8930 336 53751 255 52268 213 50130
8930 336 53751 255 16868 213 50130
8930 336 53751 255 28483 213 50130
8930 336 53751 255 49761 213 50130
8930 336 53751 255 32685 213 50130
8930 336 53751 255 26162 213 50130
8930 336 53751 255 54448 213 50130
8930 336 53751 255 15557 213 50130
8930 336 53751 255 53534 213 50130
8930 336 53751 255 58982 213 50130
8930 34 32131 126 6576 356 13480 213 50130
8930 34 32131 126 6576 356 25809 213 50130
8930 34 32131 126 11551 336 20525 213 50130
8930 34 32131 126 44438 336 35139 213 50130
8930 34 32131 126 44438 336 4804 213 50130
8930 34 32131 126 44438 255 66237 213 50130
8930 34 32131 126 57560 255 7431 213 50130
8930 34 32131 126 11701 357 40728 213 50130
8930 34 32131 126 17230 357 46374 213 50130
8930 34 32131 126 17230 357 74093 213 50130
8930 34 32131 126 17230 357 22970 213 50130
8930 34 32131 126 17230 357 66405 213 50130
8930 34 32131 126 17230 357 6759 213 50130
8930 34 32131 126 27675 356 64199 213 50130
8930 34 32131 126 48762 357 56849 213 50130
8930 34 32131 290 15433 336 41015 213 50130
8930 34 32131 290 15433 337 60073 213 50130
8930 34 32131 290 37269 336 21425 213 50130
8930 34 32131 290 37269 336 28397 213 50130
8930 34 32131 26 58741 367 61253 213 50130
8930 34 32131 26 28563 367 9650 213 50130
8930 34 32131 315 36348 85 17058 214 50130
8930 34 32131 155 69092 294 566 213 50130
8930 34 32131 155 69092 294 24837 213 50130
8930 336 53751 382 8039 6 21632 213 50130
8930 336 53751 213 58833 121 65813 213 50130
8930 336 53751 255 66545 255 64811 213 50130
8930 336 53751 255 4713 6 12910 213 50130
8930 336 53751 255 47491 336 30979 213 50130
8930 336 53751 255 32685 336 60646 213 50130
8930 336 53751 255 58982 336 39070 213 50130
8930 34 32131 126 71664 336 14504 255 2509 213 50130
8930 34 32131 126 6576 271 58036 130 29760 213 50130
8930 34 32131 126 58402 213 51108 121 14289 213 50130
8930 34 32131 126 58402 213 51108 121 16926 213 50130
8930 34 32131 126 58402 213 51108 121 11356 213 50130
8930 34 32131 126 58402 213 51108 121 26406 213 50130
8930 34 32131 126 58402 213 51108 121 24274 213 50130
8930 34 32131 126 58402 213 51108 121 22889 213 50130
8930 34 32131 126 58402 213 51108 121 10926 213 50130
8930 34 32131 126 58402 213 51108 121 50716 213 50130
8930 34 32131 126 58402 213 51108 121 26063 213 50130
8930 34 32131 126 58402 213 51108 121 63723 213 50130
8930 34 32131 126 58402 213 51108 121 2718 213 50130
8930 34 32131 126 58402 213 51108 121 33814 213 50130
8930 34 32131 126 58402 213 51108 121 7428 213 50130
8930 34 32131 126 58402 213 51108 121 23455 213 50130
8930 34 32131 126 58402 213 51108 121 42311 213 50130
8930 34 32131 126 58402 213 51108 121 46279 213 50130
8930 34 32131 126 58402 213 51108 121 5464 213 50130
8930 34 32131 126 58402 213 51108 121 16535 213 50130
8930 34 32131 126 58402 213 51108 121 74053 213 50130
8930 34 32131 126 58402 213 51108 121 65555 213 50130
8930 34 32131 126 26869 332 29065 31 35483 213 50130
8930 34 32131 126 11551 172 15570 188 15316 213 50130
8930 34 32131 126 54329 213 60508 121 35495 213 50130
8930 34 32131 126 54329 213 60508 121 6835 213 50130
8930 34 32131 126 13251 385 15254 85 11175 214 50130
8930 34 32131 126 11701 367 32432 357 50960 213 50130
8930 34 32131 290 15433 336 41015 336 4137 213 50130
8930 34 32131 290 37269 336 1560 356 72387 213 50130
8930 34 32131 290 69078 213 3134 121 56840 213 50130
8930 34 32131 290 36030 227 53891 188 12429 213 50130
8930 34 32131 290 69865 68 49302 126 57463 213 50130
8930 34 32131 290 9959 100 25889 188 26218 213 50130
8930 34 32131 290 54154 100 17121 126 7832 213 50130
8930 34 32131 155 69092 294 8666 358 13734 213 50130
8930 34 32131 8 16686 25 28109 126 999 213 50130
8930 34 32131 126 42770 297 61222 231 11992 290 50765 213 50130
8930 34 32131 126 6576 332 29052 31 68221 290 24067 213 50130
8930 34 32131 126 58402 100 2516 126 35417 356 41824 213 50130
8930 34 32131 126 58402 100 2516 126 35417 356 41824 373 59856 213 50130
8930 34 32131 126 58402 100 2516 126 35417 356 41824 373 54341 213 50130
8930 34 32131 126 58402 100 2516 126 35417 356 41824 373 65006 213 50130
8930 34 32131 126 58402 100 2516 126 35417 356 41824 373 21417 213 50130
8930 34 32131 126 58402 100 2516 126 35417 356 41824 373 6285 213 50130
8930 34 32131 126 58402 100 2516 126 35417 356 41824 373 16778 213 50130
8930 34 32131 126 58402 100 2516 126 35417 356 41824 373 30222 213 50130
8930 34 32131 126 58402 100 2516 126 35417 356 41824 373 45130 213 50130
8930 34 32131 126 58402 100 2516 126 35417 356 41824 373 19113 213 50130
8930 34 32131 126 58402 100 2516 126 35417 356 41824 373 3797 213 50130
8930 34 32131 126 58402 100 2516 126 35417 356 41824 373 74458 213 50130
8930 34 32131 126 58402 100 2516 126 35417 356 41824 373 43562 213 50130
8930 34 32131 126 58402 100 2516 126 35417 356 41824 373 28136 213 50130
8930 34 32131 126 58402 100 2516 126 35417 356 41824 373 35858 213 50130
8930 34 32131 126 58402 100 2516 126 35417 356 41824 373 10035 213 50130
8930 34 32131 126 58402 100 2516 126 35417 356 41824 373 66887 213 50130
8930 34 32131 126 58402 100 2516 126 35417 356 41824 164 56723 213 50130
