8314 206 25720
8314 141 11583 119 25720
8314 251 62938 375 42909 206 25720
8314 251 62938 375 42764 198 25720
8314 251 62938 375 7666 198 25720
8314 251 62938 375 69106 198 25720
8314 251 62938 375 60220 198 25720
8314 251 62938 375 70786 198 25720
8314 251 62938 375 53475 198 25720
8314 251 62938 375 45867 198 25720
8314 251 62938 375 14238 198 25720
8314 251 62938 375 54894 198 25720
8314 251 62938 375 54894 206 25720
8314 251 62938 375 37674 198 25720
8314 251 62938 375 20817 206 25720
8314 251 62938 375 56783 198 25720
8314 251 62938 375 45012 198 25720
8314 251 62938 375 49934 198 25720
8314 251 62938 375 24430 198 25720
8314 251 62938 375 12520 198 25720
8314 251 62938 375 8004 206 25720
8314 251 62938 375 35742 254 25720
8314 251 62938 375 35742 206 25720
8314 251 62938 375 12797 198 25720
8314 251 62938 375 68067 198 25720
8314 251 62938 375 68067 206 25720
8314 251 62938 375 53278 198 25720
8314 251 62938 375 53278 206 25720
8314 251 62938 375 42791 198 25720
8314 251 62938 375 3867 198 25720
8314 251 62938 375 27570 198 25720
8314 251 62938 375 34974 198 25720
8314 251 62938 375 67788 206 25720
8314 251 62938 375 24913 198 25720
8314 251 62938 375 9352 198 25720
8314 251 62938 375 63762 206 25720
8314 251 62938 375 4997 198 25720
8314 251 62938 375 67967 198 25720
8314 251 62938 375 15348 198 25720
8314 251 62938 375 64385 198 25720
8314 251 62938 375 69896 198 25720
8314 251 62938 375 74341 206 25720
8314 251 62938 375 28132 198 25720
8314 251 62938 375 29803 217 25720
8314 251 62938 375 73987 198 25720
8314 251 62938 375 34787 198 25720
8314 251 62938 375 21852 206 25720
8314 251 62938 375 22813 198 25720
8314 251 62938 375 58480 198 25720
8314 251 62938 375 2435 198 25720
8314 251 62938 375 70663 198 25720
8314 251 62938 375 36087 206 25720
8314 251 62938 375 16055 206 25720
8314 251 62938 375 68586 206 25720
8314 251 62938 375 30849 206 25720
8314 251 62938 375 63115 206 25720
8314 251 62938 375 58167 206 25720
8314 251 62938 375 36369 254 25720
8314 251 62938 375 36369 206 25720
8314 251 62938 375 21851 206 25720
8314 251 62938 375 36806 254 25720
8314 251 62938 375 36806 217 25720
8314 251 62938 375 73697 206 25720
8314 251 62938 375 57312 206 25720
8314 251 62938 375 22499 206 25720
8314 251 62938 375 56616 254 25720
8314 251 62938 375 56616 206 25720
8314 251 62938 375 56616 217 25720
8314 251 62938 375 74107 206 25720
8314 251 62938 375 12473 254 25720
8314 251 62938 375 58401 206 25720
8314 251 62938 375 46843 206 25720
8314 251 62938 190 25592 119 25720
8314 251 62938 190 13635 119 25720
8314 251 62938 190 62223 119 25720
8314 251 62938 190 8678 119 25720
8314 251 62938 190 12186 119 25720
8314 251 62938 190 53160 119 25720
8314 251 62938 190 60255 119 25720
8314 251 62938 190 72579 119 25720
8314 251 62938 190 13658 119 25720
8314 251 62938 190 5011 356 25720
8314 251 62938 190 63705 119 25720
8314 251 62938 190 15576 119 25720
8314 251 62938 190 19732 119 25720
8314 251 62938 190 24713 119 25720
8314 251 62938 190 9271 119 25720
8314 251 62938 190 9271 15 25720
8314 251 62938 190 28435 119 25720
8314 251 62938 190 51176 119 25720
8314 251 62938 190 17591 119 25720
8314 251 62938 190 54881 119 25720
8314 251 62938 190 54881 15 25720
8314 251 62938 190 66372 119 25720
8314 251 62938 190 65592 119 25720
8314 251 62938 190 72394 119 25720
8314 251 62938 190 63542 119 25720
8314 251 62938 190 56638 119 25720
8314 251 62938 190 22834 119 25720
8314 251 62938 190 22834 15 25720
8314 251 62938 190 18204 119 25720
8314 251 62938 190 42192 119 25720
8314 251 62938 190 48204 356 25720
8314 251 62938 190 58656 119 25720
8314 251 62938 190 66729 119 25720
8314 251 62938 190 50790 382 25720
8314 251 62938 190 50790 119 25720
8314 251 62938 190 70710 119 25720
8314 251 62938 190 36138 119 25720
8314 251 62938 190 25762 119 25720
8314 251 62938 190 45887 356 25720
8314 251 62938 190 5772 119 25720
8314 251 62938 190 27732 119 25720
8314 251 62938 190 51568 119 25720
8314 251 62938 376 22673 198 25720
8314 251 62938 376 38086 198 25720
8314 251 62938 376 2076 198 25720
8314 251 62938 376 1505 198 25720
8314 251 62938 376 38894 198 25720
8314 251 62938 376 9217 198 25720
8314 251 40438 190 71406 119 25720
8314 141 11583 96 75078 6 25720
8314 141 11583 96 66781 119 25720
8314 251 62938 375 60220 55 71085 131 25720
8314 251 62938 375 45867 55 6517 131 25720
8314 251 62938 375 45694 233 35694 356 25720
8314 251 62938 375 20817 254 23142 356 25720
8314 251 62938 375 20817 254 23142 15 25720
8314 251 62938 375 20817 55 58786 131 25720
8314 251 62938 375 56783 55 59928 131 25720
8314 251 62938 375 24430 55 3870 131 25720
8314 251 62938 375 49645 55 1165 131 25720
8314 251 62938 375 65963 55 48142 131 25720
8314 251 62938 375 3015 55 1830 131 25720
8314 251 62938 375 53278 55 31751 131 25720
8314 251 62938 375 24913 55 59101 131 25720
8314 251 62938 375 22813 226 15493 119 25720
8314 251 62938 190 25592 275 24639 119 25720
8314 251 62938 190 62223 275 53175 119 25720
8314 251 62938 190 62223 275 24021 119 25720
8314 251 62938 190 62223 78 38862 198 25720
8314 251 62938 190 62223 381 23508 198 25720
8314 251 62938 190 62223 381 71174 198 25720
8314 251 62938 190 8678 381 24555 198 25720
8314 251 62938 190 8678 381 24555 217 25720
8314 251 62938 190 8678 381 41270 198 25720
8314 251 62938 190 8678 381 2844 198 25720
8314 251 62938 190 8678 381 74905 198 25720
8314 251 62938 190 13658 256 25431 198 25720
8314 251 62938 190 13658 363 73605 131 25720
8314 251 62938 190 13658 381 9805 198 25720
8314 251 62938 190 13658 381 20380 198 25720
8314 251 62938 190 5011 381 38076 198 25720
8314 251 62938 190 5011 381 50474 198 25720
8314 251 62938 190 5011 381 61641 198 25720
8314 251 62938 190 63705 381 68214 198 25720
8314 251 62938 190 19732 78 36191 198 25720
8314 251 62938 190 24713 363 32516 131 25720
8314 251 62938 190 9271 256 75430 206 25720
8314 251 62938 190 9271 381 13250 198 25720
8314 251 62938 190 9271 381 16457 198 25720
8314 251 62938 190 28435 96 50318 356 25720
8314 251 62938 190 28435 275 63849 356 25720
8314 251 62938 190 54881 363 23780 131 25720
8314 251 62938 190 66372 256 7121 206 25720
8314 251 62938 190 66372 78 30726 198 25720
8314 251 62938 190 66372 381 13874 198 25720
8314 251 62938 190 66372 5 17215 206 25720
8314 251 62938 190 65592 385 8531 254 25720
8314 251 62938 190 63542 78 23830 198 25720
8314 251 62938 190 63542 381 43101 198 25720
8314 251 62938 190 56638 381 57224 198 25720
8314 251 62938 190 56638 381 52117 198 25720
8314 251 62938 190 22834 369 33054 277 25720
8314 251 62938 190 18204 381 18637 198 25720
8314 251 62938 190 18204 381 67327 198 25720
8314 251 62938 190 42192 385 19177 206 25720
8314 251 62938 190 42192 5 73849 217 25720
8314 251 62938 190 42192 363 20621 131 25720
8314 251 62938 190 42192 381 27045 198 25720
8314 251 62938 190 42192 381 23643 198 25720
8314 251 62938 190 42192 381 20242 198 25720
8314 251 62938 190 42192 381 24568 198 25720
8314 251 62938 190 42192 381 12010 198 25720
8314 251 62938 190 48204 381 23990 198 25720
8314 251 62938 190 66729 381 19129 198 25720
8314 251 62938 190 66729 381 8729 198 25720
8314 251 62938 190 50790 385 48630 206 25720
8314 251 62938 190 70710 256 19890 206 25720
8314 251 62938 190 36138 96 43757 119 25720
8314 251 62938 190 36138 256 32672 206 25720
8314 251 62938 190 36138 381 35216 198 25720
8314 251 62938 190 67459 381 38222 206 25720
8314 251 62938 190 25762 172 19813 147 25720
8314 251 62938 190 25762 172 19813 398 25720
8314 251 62938 190 25762 172 19813 15 25720
8314 251 62938 190 25762 172 13855 147 25720
8314 251 62938 190 25762 172 13855 398 25720
8314 251 62938 190 25762 172 13855 358 25720
8314 251 62938 190 25762 172 13855 15 25720
8314 251 62938 190 25762 172 13855 6 25720
8314 251 62938 190 25762 172 1167 15 25720
8314 251 62938 190 25762 172 1167 147 25720
8314 251 62938 190 25762 172 1167 398 25720
8314 251 62938 190 25762 172 1167 358 25720
8314 251 62938 190 25762 381 53215 198 25720
8314 251 62938 190 25762 381 38261 198 25720
8314 251 62938 190 25762 381 56975 198 25720
8314 251 62938 190 25762 381 39177 198 25720
8314 251 62938 190 25762 381 44861 217 25720
8314 251 62938 190 25762 381 28076 198 25720
8314 251 62938 190 25762 381 56803 198 25720
8314 251 62938 190 25762 381 62202 198 25720
8314 251 62938 190 25762 381 40952 198 25720
8314 251 62938 190 25762 381 39854 198 25720
8314 251 62938 190 25762 381 31626 198 25720
8314 251 62938 190 25762 381 46307 198 25720
8314 251 62938 190 25762 381 39872 198 25720
8314 251 62938 190 45887 398 8135 198 25720
8314 251 62938 190 45887 256 24925 206 25720
8314 251 62938 190 45887 78 4170 198 25720
8314 251 62938 190 45887 381 13695 198 25720
8314 251 62938 190 5772 363 3271 131 25720
8314 251 62938 190 5772 78 63017 198 25720
8314 251 62938 190 5772 78 22303 198 25720
8314 251 62938 190 5772 381 71203 198 25720
8314 251 62938 190 5772 381 54987 198 25720
8314 251 62938 190 5772 381 41044 198 25720
8314 251 62938 190 27732 5 3410 198 25720
8314 251 62938 190 27732 363 25194 131 25720
8314 251 62938 335 11544 122 5442 119 25720
8314 251 62938 335 11544 287 50662 198 25720
8314 251 62938 335 11544 287 62752 198 25720
8314 251 62938 335 11544 287 50401 198 25720
8314 251 62938 335 11544 287 798 198 25720
8314 251 62938 335 11544 287 38442 198 25720
8314 251 62938 335 11544 287 3972 198 25720
8314 251 62938 335 11544 287 38234 198 25720
8314 251 62938 335 11544 287 50208 198 25720
8314 251 62938 335 11544 287 7382 198 25720
8314 251 62938 335 11544 287 9760 198 25720
8314 251 62938 335 11544 287 60979 198 25720
8314 251 62938 335 11544 287 4288 198 25720
8314 251 62938 335 11544 287 61777 198 25720
8314 251 62938 335 11544 287 36469 198 25720
8314 251 62938 335 11544 287 1876 198 25720
8314 251 62938 335 11544 287 6252 198 25720
8314 251 62938 335 11544 287 55184 198 25720
8314 251 62938 335 11544 287 17061 198 25720
8314 251 62938 335 11544 287 50566 198 25720
8314 251 62938 335 11544 287 16511 198 25720
8314 251 62938 335 11544 287 51006 198 25720
8314 251 62938 335 11544 287 35057 198 25720
8314 251 62938 335 11544 287 71235 198 25720
8314 251 62938 335 11544 287 4652 198 25720
8314 251 62938 335 11544 287 17584 198 25720
8314 251 62938 335 11544 287 5612 198 25720
8314 251 62938 335 11544 287 26409 198 25720
8314 251 62938 335 11544 287 22988 198 25720
8314 251 62938 335 11544 287 36616 198 25720
8314 251 62938 335 11544 287 63534 198 25720
8314 251 62938 335 11544 287 13363 198 25720
8314 251 62938 335 11544 287 52902 198 25720
8314 251 62938 335 11544 287 68838 198 25720
8314 251 62938 335 11544 287 32327 198 25720
8314 251 62938 335 11544 287 69365 198 25720
8314 251 62938 335 11544 287 18382 198 25720
8314 251 62938 335 11544 287 59404 198 25720
8314 251 62938 335 11544 287 58172 198 25720
8314 251 62938 335 11544 287 52507 198 25720
8314 251 62938 335 11544 287 27053 198 25720
8314 251 62938 335 11544 287 2996 198 25720
8314 251 62938 335 11544 287 43636 198 25720
8314 251 62938 335 11544 287 13591 198 25720
8314 251 62938 335 11544 287 40703 198 25720
8314 251 62938 335 11544 287 50783 198 25720
8314 251 62938 335 11544 287 14477 198 25720
8314 251 62938 335 11544 287 32659 198 25720
8314 251 62938 335 11544 287 72963 198 25720
8314 251 62938 335 11544 287 49442 198 25720
8314 251 62938 335 11544 287 46490 198 25720
8314 251 62938 335 11544 287 12262 198 25720
8314 251 62938 335 11544 287 73753 198 25720
8314 251 62938 335 11544 287 6876 198 25720
8314 251 62938 335 11544 287 29637 198 25720
8314 251 62938 335 11544 287 4029 198 25720
8314 251 62938 335 11544 287 4262 198 25720
8314 251 62938 335 11544 287 8743 198 25720
8314 251 62938 335 11544 287 8101 198 25720
8314 251 62938 335 11544 287 10915 198 25720
8314 251 62938 335 11544 287 4178 198 25720
8314 251 62938 335 11544 287 70973 198 25720
8314 251 62938 335 11544 287 74059 198 25720
8314 251 62938 335 11544 287 14119 198 25720
8314 251 62938 335 11544 287 50623 198 25720
8314 251 62938 335 11544 287 28622 217 25720
8314 251 62938 335 11544 287 70276 198 25720
8314 251 62938 335 11544 287 20375 198 25720
8314 251 62938 335 11544 287 7754 198 25720
8314 251 62938 335 11544 287 25203 198 25720
8314 251 62938 335 11544 287 55682 198 25720
8314 251 62938 335 11544 287 8814 198 25720
8314 251 62938 335 11544 287 59864 198 25720
8314 251 62938 335 11544 287 22482 198 25720
8314 251 62938 335 11544 287 25920 198 25720
8314 251 62938 335 11544 287 11827 198 25720
8314 251 62938 335 11544 287 49742 198 25720
8314 251 62938 335 11544 287 35958 198 25720
8314 251 62938 335 11544 287 50842 198 25720
8314 251 62938 335 11544 287 63828 198 25720
8314 251 62938 335 11544 287 21358 198 25720
8314 251 62938 335 11544 287 3796 198 25720
8314 251 62938 335 11544 287 38844 198 25720
8314 251 62938 335 11544 287 18103 198 25720
8314 251 62938 335 11544 287 5062 198 25720
8314 251 62938 335 11544 287 38151 198 25720
8314 251 62938 335 11544 287 90 198 25720
8314 251 62938 335 11544 287 51276 198 25720
8314 251 62938 335 11544 287 57643 198 25720
8314 251 62938 335 11544 287 75475 198 25720
8314 251 62938 335 11544 287 7923 198 25720
8314 251 62938 335 11544 287 11480 198 25720
8314 251 62938 335 11544 287 72073 198 25720
8314 251 62938 335 11544 287 6863 198 25720
8314 251 62938 335 11544 287 26381 198 25720
8314 251 62938 335 11544 287 22657 198 25720
8314 251 62938 335 11544 287 65985 198 25720
8314 251 62938 335 11544 287 62828 198 25720
8314 251 62938 335 11544 287 12238 198 25720
8314 251 62938 335 11544 287 3768 217 25720
8314 251 62938 335 11544 287 22313 198 25720
8314 251 62938 335 11544 287 49971 198 25720
8314 251 62938 335 11544 287 68452 198 25720
8314 251 40438 190 71406 398 29347 198 25720
8314 251 40438 190 71406 256 15187 254 25720
8314 251 40438 190 71406 256 15187 206 25720
8314 251 40438 190 71406 363 19048 131 25720
8314 251 40438 190 71406 78 59444 198 25720
8314 251 40438 190 71406 381 69236 147 25720
8314 141 11583 96 66781 363 29003 131 25720
8314 141 11583 393 67410 392 61968 268 25720
8314 251 62938 375 69106 207 18017 287 11407 198 25720
8314 251 62938 375 69106 207 18017 287 55685 198 25720
8314 251 62938 375 69106 207 18017 287 73684 198 25720
8314 251 62938 375 69106 207 18017 287 20945 198 25720
8314 251 62938 375 69106 207 18017 287 48740 198 25720
8314 251 62938 375 69106 207 18017 287 17800 198 25720
8314 251 62938 375 69106 207 18017 287 18448 198 25720
8314 251 62938 375 69106 207 18017 287 15920 198 25720
8314 251 62938 375 69106 207 18017 287 62065 198 25720
8314 251 62938 375 69106 207 18017 287 48840 198 25720
8314 251 62938 375 69106 207 18017 287 65968 198 25720
8314 251 62938 375 69106 207 18017 287 32946 198 25720
8314 251 62938 375 69106 207 18017 106 71245 131 25720
8314 251 62938 375 69106 207 18017 106 64450 131 25720
8314 251 62938 375 69106 207 18017 106 12282 131 25720
8314 251 62938 375 69106 207 18017 106 43234 131 25720
8314 251 62938 375 69106 207 18017 106 44695 131 25720
8314 251 62938 375 69106 207 18017 106 10663 114 25720
8314 251 62938 375 69106 207 18017 106 10663 131 25720
8314 251 62938 375 53475 220 62856 218 12428 198 25720
8314 251 62938 375 53475 220 62856 218 57702 198 25720
8314 251 62938 375 45694 198 62111 164 6750 358 25720
8314 251 62938 375 14238 220 37784 218 21574 198 25720
8314 251 62938 375 54894 217 73689 36 15732 131 25720
8314 251 62938 375 20817 55 58786 316 54980 217 25720
8314 251 62938 375 49645 207 6452 287 30277 198 25720
8314 251 62938 190 62223 300 13797 211 14097 147 25720
8314 251 62938 190 62223 300 13797 211 14097 398 25720
8314 251 62938 190 62223 300 13797 211 16402 147 25720
8314 251 62938 190 62223 300 13797 211 16402 398 25720
8314 251 62938 190 62223 300 13797 211 16402 358 25720
8314 251 62938 190 62223 300 13797 211 16402 15 25720
8314 251 62938 190 62223 300 13797 211 16402 6 25720
8314 251 62938 190 62223 300 13797 211 26594 15 25720
8314 251 62938 190 62223 300 13797 211 26594 6 25720
8314 251 62938 190 62223 300 13797 211 26594 147 25720
8314 251 62938 190 62223 300 13797 211 26594 382 25720
8314 251 62938 190 62223 300 13797 211 26594 358 25720
8314 251 62938 190 72579 82 39045 287 46296 198 25720
8314 251 62938 190 72579 82 39045 287 46183 198 25720
8314 251 62938 190 5011 63 49997 75 29353 147 25720
8314 251 62938 190 5011 63 49997 75 29353 15 25720
8314 251 62938 190 63705 63 70997 84 63970 131 25720
8314 251 62938 190 19732 5 20200 254 39440 356 25720
8314 251 62938 190 24713 256 52194 398 45239 147 25720
8314 251 62938 190 28435 63 1408 75 51951 6 25720
8314 251 62938 190 65592 63 13075 36 23713 131 25720
8314 251 62938 190 56638 275 54557 381 34350 198 25720
8314 251 62938 190 22834 118 9792 329 18127 147 25720
8314 251 62938 190 22834 118 9792 329 18127 398 25720
8314 251 62938 190 22834 118 9792 329 18127 382 25720
8314 251 62938 190 22834 369 33054 277 25631 147 25720
8314 251 62938 190 22834 369 33054 277 25631 398 25720
8314 251 62938 190 22834 369 33054 277 25631 382 25720
8314 251 62938 190 22834 369 33054 277 25631 358 25720
8314 251 62938 190 22834 369 33054 277 25631 15 25720
8314 251 62938 190 22834 369 33054 277 25631 6 25720
8314 251 62938 190 22834 369 33054 277 2394 147 25720
8314 251 62938 190 22834 369 33054 277 2394 358 25720
8314 251 62938 190 22834 369 33054 277 2394 6 25720
8314 251 62938 190 48204 63 42306 75 62215 147 25720
8314 251 62938 190 48204 381 23990 55 40117 131 25720
8314 251 62938 190 66729 63 66920 36 13987 131 25720
8314 251 62938 190 27732 63 2909 75 48394 147 25720
8314 251 62938 190 27732 63 2909 75 48394 398 25720
8314 251 62938 190 27732 63 2909 75 48394 358 25720
8314 251 62938 190 27732 63 2909 75 48394 15 25720
8314 251 62938 190 27732 63 2909 75 48394 6 25720
8314 251 62938 190 27732 63 2909 36 910 114 25720
8314 251 62938 335 11544 287 35958 55 50377 131 25720
8314 251 62938 335 11544 2 47724 396 54516 35 25720
8314 251 62938 375 17166 55 25551 131 53732 387 26758 131 25720
8314 251 62938 375 20920 254 43304 291 15079 369 33799 131 25720
8314 251 62938 190 62223 275 53175 63 16703 36 3018 131 25720
8314 251 62938 190 62223 38 59812 211 65235 75 34826 147 25720
8314 251 62938 190 62223 38 59812 211 65235 75 34826 398 25720
8314 251 62938 190 62223 38 59812 211 65235 75 34826 358 25720
8314 251 62938 190 62223 38 59812 211 65235 75 34826 15 25720
8314 251 62938 190 62223 38 59812 211 65235 75 34826 6 25720
8314 251 62938 190 28435 275 40360 63 24071 36 3053 131 25720
8314 251 62938 335 11544 2 72636 240 22041 36 30576 131 25720
8314 141 11583 393 67410 242 17885 68 16659 369 66886 131 25720
