1737 388 2598
1737 171 2597 388 65726 388 2598
1737 171 2597 388 12176 388 2598
1737 171 2597 388 53432 388 2598
1737 171 2597 388 37569 388 2598
1737 171 2597 388 42664 388 2598
1737 171 2597 388 54233 388 2598
1737 171 2597 388 68892 388 2598
1737 171 2597 388 21453 388 2598
1737 171 2597 388 462 388 2598
1737 171 2597 388 52941 388 2598
1737 171 2597 388 27742 388 2598
1737 171 2597 388 35641 388 2598
1737 171 2597 388 42954 388 2598
1737 171 2597 388 17378 388 2598
1737 171 2597 388 22665 388 2598
1737 171 2597 388 20067 388 2598
1737 171 2597 388 55476 388 2598
1737 171 2597 388 70996 388 2598
1737 171 2597 171 41531 388 19182 171 2598
1737 171 2597 171 41531 388 19182 388 2598
1737 171 2597 171 9941 388 18404 171 2598
1737 171 2597 171 9941 388 18404 388 2598
1737 171 2597 171 30186 171 42617 171 2598
1737 171 2597 171 30186 171 58637 171 2598
1737 171 2597 171 30186 171 58637 388 2598
1737 171 2597 171 30186 171 58414 171 2598
1737 171 2597 171 30186 171 58414 388 2598
1737 171 2597 171 30186 171 70645 171 2598
1737 171 2597 171 30186 171 70645 388 2598
1737 171 2597 171 30186 171 50512 171 2598
1737 171 2597 171 30186 171 50512 388 2598
1737 171 2597 171 30186 171 16228 171 2598
1737 171 2597 171 30186 171 16228 388 2598
1737 171 2597 171 30186 171 35806 388 2598
1737 171 2597 171 30186 388 45110 388 2598
1737 171 2597 171 56745 388 47624 171 2598
1737 171 2597 171 56745 388 47624 388 2598
1737 171 2597 171 42284 388 46392 171 2598
1737 171 2597 171 42284 388 46392 388 2598
1737 171 2597 171 31096 171 34995 171 2598
1737 171 2597 171 31096 171 34995 388 2598
1737 171 2597 171 31096 171 35414 388 2598
1737 171 2597 171 31096 388 4112 171 2598
1737 171 2597 171 31096 388 13583 171 2598
1737 171 2597 171 31096 388 13583 388 2598
1737 171 2597 171 31096 388 15531 171 2598
1737 171 2597 171 31096 388 15531 388 2598
1737 171 2597 171 31096 388 4494 171 2598
1737 171 2597 171 31096 388 4494 388 2598
1737 171 2597 171 31096 388 62802 171 2598
1737 171 2597 171 31096 388 62802 388 2598
1737 171 2597 171 24030 388 74260 171 2598
1737 171 2597 171 24030 388 74260 388 2598
1737 171 2597 171 60773 171 69068 171 2598
1737 171 2597 171 60773 171 69068 388 2598
1737 171 2597 171 41803 171 40235 171 2598
1737 171 2597 171 41803 171 40235 388 2598
1737 171 2597 171 41803 171 11289 171 2598
1737 171 2597 171 41803 171 11289 388 2598
1737 171 2597 171 18360 388 58903 388 2598
1737 171 2597 171 18360 388 19435 171 2598
1737 171 2597 171 18360 388 19435 388 2598
1737 171 2597 171 12270 171 33545 171 2598
1737 171 2597 388 42664 171 32560 171 2598
1737 171 2597 388 42664 171 32560 388 2598
1737 171 2597 388 36821 171 46410 171 2598
1737 171 2597 171 34867 358 37408 28 5130 171 2598
