2597 171 31096
2597 388 31096
2597 171 9941 171 31096
2597 171 30186 171 31096
2597 171 6030 171 31096
2597 171 15609 171 31096
2597 171 35864 171 31096
2597 171 33292 388 31096
2597 171 33292 171 31096
2597 171 36197 171 31096
2597 171 73370 171 31096
2597 171 56745 171 31096
2597 171 42284 171 31096
2597 171 42284 388 31096
2597 171 59709 171 31096
2597 171 71663 171 31096
2597 171 71663 388 31096
2597 171 60773 171 31096
2597 171 45420 171 31096
2597 171 73566 388 31096
2597 171 22300 171 31096
2597 171 39238 171 31096
2597 171 20962 171 31096
2597 171 27109 171 31096
2597 171 14592 171 31096
2597 171 56967 171 31096
2597 171 21205 171 31096
2597 171 12080 171 31096
2597 171 12080 388 31096
2597 171 71238 171 31096
2597 171 71238 388 31096
2597 171 26228 171 31096
2597 171 9690 171 31096
2597 171 18360 388 31096
2597 171 38226 171 31096
2597 171 38226 388 31096
2597 171 12270 228 31096
2597 171 66507 171 31096
2597 171 6435 171 31096
2597 171 5771 171 31096
2597 388 65726 171 31096
2597 388 12176 171 31096
2597 388 18137 171 31096
2597 388 53432 171 31096
2597 388 6831 171 31096
2597 388 36791 171 31096
2597 388 42664 171 31096
2597 388 42664 388 31096
2597 388 58977 171 31096
2597 388 58977 388 31096
2597 388 65515 171 31096
2597 388 68892 171 31096
2597 388 68892 388 31096
2597 388 70535 171 31096
2597 388 36778 171 31096
2597 388 63624 171 31096
2597 388 36821 171 31096
2597 388 36821 228 31096
2597 388 22665 171 31096
2597 388 22665 388 31096
2597 388 55476 171 31096
2597 388 26764 171 31096
2597 171 41531 388 19182 171 31096
2597 171 41531 388 19182 388 31096
2597 171 9941 388 18404 171 31096
2597 171 30186 171 58637 171 31096
2597 171 30186 171 58637 388 31096
2597 171 30186 171 58414 171 31096
2597 171 30186 171 7623 388 31096
2597 171 30186 171 7623 171 31096
2597 171 30186 171 28594 171 31096
2597 171 30186 171 35806 388 31096
2597 171 30186 171 56950 171 31096
2597 171 30186 171 56950 388 31096
2597 171 30186 171 35994 171 31096
2597 171 30186 171 35994 388 31096
2597 171 64937 388 35161 171 31096
2597 171 64937 388 2395 171 31096
2597 171 33292 388 66024 171 31096
2597 171 33292 388 39041 171 31096
2597 171 71663 388 43841 171 31096
2597 171 71663 388 14826 171 31096
2597 171 71663 388 14826 388 31096
2597 171 19470 171 35414 171 31096
2597 171 19470 171 35414 388 31096
2597 171 60773 171 58304 171 31096
2597 171 18360 388 4112 171 31096
2597 171 18360 388 34995 171 31096
2597 171 18360 388 34995 388 31096
2597 171 12270 171 12551 171 31096
2597 388 36821 171 62802 171 31096
2597 388 36821 228 64363 171 31096
2597 171 41531 388 19182 171 12747 171 31096
2597 171 9941 388 18404 171 74151 171 31096
2597 171 9941 388 18404 171 56832 171 31096
2597 171 9941 388 18404 171 67109 171 31096
2597 171 9941 388 18404 171 10681 171 31096
2597 171 9941 388 18404 171 13583 171 31096
2597 171 73566 388 7357 171 15833 171 31096
2597 171 73566 388 7357 171 56792 171 31096
2597 388 65726 388 2598 171 4494 171 31096
2597 388 65726 388 2598 171 15531 171 31096
2597 171 12270 171 12551 219 6127 108 10906 171 31096
