2597 171 71663
2597 388 71663
2597 171 30186 171 71663
2597 171 64937 388 71663
2597 171 33292 388 71663
2597 171 33292 171 71663
2597 171 42284 171 71663
2597 171 31096 171 71663
2597 171 31096 388 71663
2597 171 60773 171 71663
2597 171 18360 388 71663
2597 171 12270 228 71663
2597 171 66507 171 71663
2597 388 65726 388 71663
2597 388 12176 171 71663
2597 388 42664 171 71663
2597 388 42664 388 71663
2597 388 65515 171 71663
2597 388 36821 171 71663
2597 388 36821 228 71663
2597 171 41531 388 19182 171 71663
2597 171 9941 388 18404 171 71663
2597 171 30186 171 7623 388 71663
2597 171 30186 171 7623 171 71663
2597 171 33292 388 39041 171 71663
2597 171 31096 171 14826 171 71663
2597 171 31096 388 43841 171 71663
