2597 388 38563
2597 171 12270 171 38563
2597 388 10199 171 38563
2597 171 35938 150 31222 345 38563
2597 171 35938 150 69635 345 38563
2597 171 35938 150 16032 345 38563
2597 171 35938 150 9940 345 38563
2597 171 30186 171 58414 150 11756 345 38563
2597 171 30186 171 58414 150 23051 345 38563
2597 171 30186 171 58414 150 10280 345 38563
2597 171 30186 171 58414 150 5417 345 38563
2597 171 30186 171 58414 150 66068 345 38563
2597 171 30186 171 58414 150 1334 345 38563
2597 171 30186 171 58414 150 16092 345 38563
2597 171 30186 171 58414 150 75039 345 38563
2597 171 30186 171 58414 150 23212 345 38563
2597 171 30186 171 58414 150 52902 345 38563
2597 171 30186 171 58414 150 16377 345 38563
2597 171 30186 171 58414 150 74147 345 38563
2597 171 30186 171 58414 150 53783 345 38563
2597 171 30186 171 58414 150 38086 345 38563
2597 171 30186 171 58414 150 68447 345 38563
2597 171 30186 171 58414 150 48021 345 38563
2597 171 30186 171 58414 150 72523 345 38563
2597 171 30186 171 58414 150 55900 345 38563
2597 171 30186 171 58414 150 2039 345 38563
2597 171 30186 171 58414 150 71880 345 38563
2597 171 30186 171 58414 150 39251 345 38563
2597 171 30186 171 58414 150 23990 345 38563
2597 171 30186 171 58414 150 47653 345 38563
2597 171 31096 388 12551 150 44267 345 38563
2597 171 31096 388 12551 150 8189 345 38563
2597 171 31096 388 12551 150 71230 345 38563
