2597 388 10199
2597 171 30186 388 10199
2597 171 64937 388 10199
2597 171 25603 388 10199
2597 171 70308 388 10199
2597 171 18360 388 10199
2597 171 38226 388 10199
2597 171 16915 388 10199
2597 171 6435 388 10199
2597 171 5771 388 10199
2597 388 57095 388 10199
2597 388 38563 388 10199
2597 388 36821 171 10199
2597 171 41531 388 19182 388 10199
2597 171 34867 358 37408 28 10199
2597 171 58695 171 75139 388 10199
2597 171 64937 171 46832 388 10199
2597 171 64937 388 35161 388 10199
2597 171 64937 388 7694 388 10199
2597 171 60773 171 28036 388 10199
2597 171 6435 171 6603 388 10199
2597 171 58695 171 75139 388 69070 388 10199
