2597 388 42664
2597 171 30186 171 42664
2597 171 30186 388 42664
2597 171 45227 388 42664
2597 171 33292 388 42664
2597 171 56745 388 42664
2597 171 42284 388 42664
2597 171 31096 171 42664
2597 171 31096 388 42664
2597 171 71663 171 42664
2597 171 71663 388 42664
2597 171 73566 388 42664
2597 171 27109 388 42664
2597 171 41803 171 42664
2597 171 21205 388 42664
2597 171 55544 171 42664
2597 171 55544 388 42664
2597 171 38226 388 42664
2597 171 66507 171 42664
2597 388 65726 388 42664
2597 388 65726 171 42664
2597 388 12176 171 42664
2597 388 12176 388 42664
2597 388 22665 171 42664
2597 388 22665 388 42664
2597 171 9941 388 18404 171 42664
2597 171 9941 388 18404 388 42664
2597 171 30186 171 58637 171 42664
2597 171 30186 171 58637 388 42664
2597 171 30186 171 35806 171 42664
2597 171 31096 171 34995 388 42664
2597 171 31096 171 35414 388 42664
2597 388 65726 388 2598 171 42664
2597 388 65726 388 2598 171 32560 171 42664
2597 388 65726 388 2598 171 32560 388 42664
