2597 171 38226
2597 388 38226
2597 171 30186 171 38226
2597 171 64937 388 38226
2597 171 31096 171 38226
2597 171 31096 388 38226
2597 171 60773 171 38226
2597 171 41803 171 38226
2597 171 41803 388 38226
2597 171 18360 388 38226
2597 171 12270 171 38226
2597 171 12270 228 38226
2597 388 10199 171 38226
2597 388 42664 171 38226
2597 388 54233 388 38226
2597 388 36821 171 38226
2597 388 36821 228 38226
2597 171 41531 388 19182 171 38226
2597 171 41531 388 19182 388 38226
2597 171 73566 388 7357 171 38226
