2597 171 60773
2597 388 60773
2597 171 34867 388 60773
2597 171 34867 389 60773
2597 171 30186 388 60773
2597 171 64937 388 60773
2597 171 36197 388 60773
2597 171 36197 389 60773
2597 171 31096 388 60773
2597 171 71663 388 60773
2597 171 70308 389 60773
2597 171 70308 388 60773
2597 171 28303 388 60773
2597 171 38226 388 60773
2597 171 43451 389 60773
2597 171 12270 389 60773
2597 171 12270 228 60773
2597 171 16915 388 60773
2597 171 6435 388 60773
2597 171 5771 388 60773
2597 388 65726 388 60773
2597 388 29567 389 60773
2597 388 36821 171 60773
2597 388 36821 228 60773
2597 388 20067 388 60773
2597 171 34867 358 37408 28 60773
2597 171 30186 171 58414 388 60773
2597 171 30186 388 35035 389 60773
2597 171 30186 388 56331 389 60773
2597 171 30186 388 45110 388 60773
2597 171 64937 388 35161 388 60773
2597 171 64937 388 62014 389 60773
2597 171 64937 388 49091 389 60773
2597 171 31096 388 58304 388 60773
2597 171 41803 171 69068 388 60773
2597 171 18360 388 32441 389 60773
2597 171 43451 228 8124 389 60773
2597 171 43451 228 12496 389 60773
2597 171 12270 171 28036 388 60773
2597 171 12270 171 74510 389 60773
2597 171 12270 389 75476 389 60773
