2597 171 41803
2597 388 41803
2597 171 35864 171 41803
2597 171 35864 388 41803
2597 171 56745 171 41803
2597 171 56745 388 41803
2597 171 42284 171 41803
2597 171 42284 388 41803
2597 171 24030 388 41803
2597 171 70308 171 41803
2597 171 70308 388 41803
2597 171 61139 171 41803
2597 171 61139 388 41803
2597 171 59891 171 41803
2597 171 59891 388 41803
2597 171 58596 171 41803
2597 171 58596 388 41803
2597 171 11171 171 41803
2597 171 11171 388 41803
2597 171 21205 171 41803
2597 171 21205 388 41803
2597 171 19235 171 41803
2597 171 19235 388 41803
2597 171 9690 171 41803
2597 171 9690 388 41803
2597 171 38226 171 41803
2597 171 38226 388 41803
2597 171 53578 171 41803
2597 171 53578 388 41803
2597 388 42664 388 41803
2597 388 68892 171 41803
2597 388 68892 388 41803
2597 171 41531 388 19182 171 41803
2597 171 41531 388 19182 388 41803
2597 171 30186 171 58637 171 41803
2597 171 30186 171 58637 388 41803
2597 171 30186 171 16228 388 41803
2597 171 30186 388 45110 171 41803
2597 171 30186 388 45110 388 41803
2597 171 60773 171 69068 388 41803
2597 171 18360 388 56500 388 41803
2597 171 18360 388 56500 171 41803
2597 171 41531 388 19182 171 40235 171 41803
2597 171 41531 388 19182 171 40235 388 41803
2597 388 65726 388 2598 171 11289 171 41803
2597 388 65726 388 2598 171 11289 388 41803
