2597 171 18360
2597 388 18360
2597 171 24391 171 18360
2597 171 9941 171 18360
2597 171 58695 171 18360
2597 171 30510 171 18360
2597 171 45227 171 18360
2597 171 26467 171 18360
2597 171 33292 388 18360
2597 171 31096 171 18360
2597 171 59709 171 18360
2597 171 71663 171 18360
2597 171 19470 171 18360
2597 171 24030 171 18360
2597 171 54941 171 18360
2597 171 28303 171 18360
2597 171 45420 171 18360
2597 171 1103 171 18360
2597 171 26988 171 18360
2597 171 11171 171 18360
2597 171 21205 171 18360
2597 171 71005 171 18360
2597 171 1196 171 18360
2597 171 19398 171 18360
2597 171 55544 171 18360
2597 171 67116 171 18360
2597 171 9690 171 18360
2597 171 39422 171 18360
2597 171 10611 171 18360
2597 171 38226 171 18360
2597 171 43451 171 18360
2597 171 53578 171 18360
2597 388 34191 171 18360
2597 388 12176 171 18360
2597 388 18137 171 18360
2597 388 66804 171 18360
2597 388 29567 171 18360
2597 388 10199 171 18360
2597 388 36791 171 18360
2597 388 58977 171 18360
2597 388 65515 171 18360
2597 388 52334 171 18360
2597 388 15068 171 18360
2597 388 60705 171 18360
2597 388 44030 171 18360
2597 388 44506 171 18360
2597 388 28333 171 18360
2597 388 36821 171 18360
2597 388 52240 171 18360
2597 388 55476 171 18360
2597 388 70996 171 18360
2597 171 58695 171 75139 388 18360
2597 171 30186 171 11029 171 18360
2597 171 30186 171 58637 171 18360
2597 171 30186 171 70645 171 18360
2597 171 30186 171 16228 171 18360
2597 171 30186 171 10763 171 18360
2597 171 30186 171 18816 171 18360
2597 171 30186 388 56540 171 18360
2597 171 30186 388 35035 171 18360
2597 171 30186 388 56331 171 18360
2597 171 30186 388 64619 171 18360
2597 171 30186 388 45110 171 18360
2597 171 30186 388 35798 171 18360
2597 171 30186 388 42476 171 18360
2597 171 64937 388 67251 171 18360
2597 171 64937 388 45312 171 18360
2597 171 64937 388 35161 171 18360
2597 171 64937 388 67249 171 18360
2597 171 64937 388 7694 388 18360
2597 171 64937 388 64570 171 18360
2597 171 64937 388 40962 388 18360
2597 171 64937 388 1079 171 18360
2597 171 64937 388 32635 171 18360
2597 171 56745 388 47624 171 18360
2597 171 42284 388 46392 171 18360
2597 171 31096 171 34995 171 18360
2597 171 31096 171 35414 171 18360
2597 171 31096 388 4112 171 18360
2597 171 24030 388 74260 171 18360
2597 171 60773 228 32441 171 18360
2597 171 70308 388 49725 171 18360
2597 171 41803 171 56500 171 18360
2597 171 43451 389 48621 171 18360
2597 171 12270 171 46224 171 18360
2597 171 12270 171 59352 171 18360
2597 171 12270 389 54469 171 18360
2597 388 54233 388 991 171 18360
2597 388 36821 171 38415 171 18360
2597 388 36821 171 36676 171 18360
2597 388 36821 389 2481 171 18360
2597 171 41531 388 19182 171 19435 171 18360
2597 171 34867 358 37408 28 47205 171 18360
2597 171 34867 358 37408 28 60357 171 18360
2597 171 34867 358 37408 28 48921 171 18360
2597 171 34867 358 37408 28 57927 171 18360
2597 171 34867 358 37408 28 60572 171 18360
2597 171 34867 358 37408 28 21261 171 18360
2597 171 34867 358 37408 28 15464 171 18360
2597 171 34867 358 37408 28 18878 171 18360
2597 171 34867 358 37408 28 74413 171 18360
2597 171 34867 358 37408 28 62204 171 18360
2597 171 26800 369 40754 277 69907 171 18360
2597 171 58695 171 75139 388 58810 388 18360
2597 171 58695 171 75139 388 6679 171 18360
2597 171 58695 171 75139 388 25447 171 18360
2597 171 58695 171 75139 388 25447 388 18360
2597 171 30186 171 58637 171 70971 171 18360
2597 171 30186 171 58637 388 71084 171 18360
2597 171 64937 388 49091 171 34055 171 18360
2597 171 60773 228 75476 171 42737 171 18360
2597 388 65726 388 2598 171 58903 171 18360
2597 388 38563 150 38086 345 13040 171 18360
2597 171 30186 358 9577 28 6526 358 13520 28 54108 171 18360
