2597 171 64937
2597 388 64937
2597 171 58695 171 64937
2597 171 45227 388 64937
2597 171 42284 388 64937
2597 171 71663 171 64937
2597 171 64165 171 64937
2597 171 54941 171 64937
2597 171 60773 171 64937
2597 171 4135 171 64937
2597 171 21205 388 64937
2597 171 1921 171 64937
2597 171 19398 388 64937
2597 171 10611 171 64937
2597 171 38226 171 64937
2597 171 43451 171 64937
2597 171 12270 171 64937
2597 388 65726 171 64937
2597 388 50726 171 64937
2597 388 10199 171 64937
2597 388 57095 171 64937
2597 388 36821 171 64937
2597 388 70377 171 64937
2597 171 58695 171 75139 171 64937
2597 171 30186 388 56540 171 64937
2597 171 30186 388 64619 171 64937
2597 171 30186 388 45110 171 64937
2597 171 30186 388 49771 171 64937
2597 171 30186 388 40788 171 64937
2597 171 30186 388 35798 171 64937
2597 171 30186 388 64695 171 64937
2597 171 30186 388 59473 171 64937
2597 171 31096 388 2395 171 64937
2597 171 31096 388 35161 171 64937
2597 171 60773 228 62014 171 64937
2597 171 60773 228 49091 171 64937
2597 171 28303 388 45312 171 64937
2597 171 18360 171 40962 171 64937
2597 171 18360 171 7694 171 64937
2597 171 18360 388 67251 171 64937
2597 171 18360 388 1079 171 64937
2597 171 18360 388 64570 171 64937
2597 171 18360 388 67249 171 64937
2597 171 18360 388 32635 171 64937
2597 171 12270 171 18170 171 64937
2597 171 6435 171 46832 388 64937
2597 388 36821 171 20333 171 64937
2597 171 41531 388 19182 388 2252 171 64937
2597 171 41531 388 19182 388 12241 171 64937
2597 171 58695 171 75139 388 41607 171 64937
2597 171 58695 171 75139 388 22254 171 64937
2597 171 60773 228 75476 389 11203 171 64937
