2597 171 56745
2597 388 56745
2597 171 30186 171 56745
2597 171 25603 171 56745
2597 171 36197 171 56745
2597 171 49208 171 56745
2597 171 68490 171 56745
2597 171 68490 388 56745
2597 171 31096 388 56745
2597 171 15489 171 56745
2597 171 41803 171 56745
2597 171 41803 388 56745
2597 171 21205 171 56745
2597 171 21205 388 56745
2597 171 68702 171 56745
2597 171 16915 171 56745
2597 171 6435 171 56745
2597 388 42664 171 56745
2597 388 65515 171 56745
2597 171 30186 171 58414 171 56745
2597 171 18360 388 47624 171 56745
