2597 171 43451
2597 388 43451
2597 171 30186 388 43451
2597 171 64937 388 43451
2597 171 36197 388 43451
2597 171 36197 389 43451
2597 171 60773 228 43451
2597 171 18360 388 43451
2597 388 36821 171 43451
2597 388 36821 228 43451
2597 171 30186 171 58414 388 43451
2597 171 36197 389 53621 389 43451
2597 171 60773 228 8124 389 43451
2597 171 60773 228 12496 389 43451
2597 171 71005 388 66629 388 43451
2597 171 18360 388 48621 228 43451
2597 171 12270 228 68962 389 43451
2597 388 36821 171 16909 389 43451
2597 171 60773 228 32441 389 12062 228 43451
