2598 171 58637
2598 388 58637
2598 171 42664 171 58637
2598 171 42664 388 58637
2598 171 69068 388 58637
2598 171 19182 388 58637
2598 171 55476 388 58637
2598 171 21453 171 58637
2598 171 35806 388 58637
2598 171 18404 171 58637
2598 171 54233 388 36821 171 58637
2598 171 65726 388 30186 171 58637
2598 171 65726 171 31096 171 58637
2598 171 65726 171 31096 388 58637
2598 171 42664 388 41803 171 58637
2598 171 42664 388 41803 388 58637
2598 171 19182 171 70308 388 58637
2598 171 19182 171 17376 171 58637
2598 171 19182 171 73092 388 58637
2598 171 58903 171 18360 388 58637
2598 171 20067 388 64619 171 58637
2598 171 35414 171 20207 388 58637
2598 171 35414 171 24630 388 58637
2598 171 35414 171 1204 388 58637
2598 171 35414 171 58436 388 58637
2598 171 35414 388 19470 388 58637
2598 171 54233 388 36821 171 21493 388 58637
2598 171 54233 171 2597 171 17936 388 58637
2598 171 54233 171 33292 388 23580 388 58637
2598 171 58903 171 18360 388 70971 171 58637
2598 171 58903 171 18360 388 70971 388 58637
2598 171 58903 171 18360 388 71084 171 58637
2598 171 54233 388 36821 228 53621 228 70803 388 58637
