2598 171 19182
2598 388 19182
2598 171 58637 171 19182
2598 171 40235 171 19182
2598 171 40235 388 19182
2598 171 69068 388 19182
2598 171 19435 171 19182
2598 171 19435 388 19182
2598 171 16228 171 19182
2598 171 16228 388 19182
2598 171 62802 388 19182
2598 171 35414 388 19182
2598 171 35806 388 19182
2598 171 18404 171 19182
2598 171 18404 388 19182
2598 171 54233 388 38226 171 19182
2598 171 54233 388 38226 388 19182
2598 171 65726 388 71663 388 19182
2598 171 65726 171 31096 171 19182
2598 171 65726 171 31096 388 19182
2598 171 42664 171 42284 388 19182
2598 171 42664 388 41803 171 19182
2598 171 42664 388 41803 388 19182
2598 171 58637 171 70308 388 19182
2598 171 58637 171 73092 388 19182
2598 171 58637 388 17376 388 19182
2598 171 74260 171 24030 388 19182
2598 171 54233 388 38226 388 10199 171 19182
2598 171 54233 388 36821 171 16915 388 19182
2598 171 54233 171 2597 171 41531 388 19182
2598 171 54233 171 2597 171 42039 388 19182
2598 171 54233 171 2597 171 15489 388 19182
2598 171 54233 171 2597 171 61139 171 19182
2598 171 54233 171 2597 171 61139 388 19182
2598 171 54233 171 2597 171 59891 171 19182
2598 171 54233 171 2597 171 59891 388 19182
2598 171 54233 171 2597 171 58596 388 19182
2598 171 54233 171 2597 171 19235 171 19182
2598 171 54233 171 2597 171 19235 388 19182
2598 171 54233 171 2597 388 50726 171 19182
2598 171 65726 171 64937 388 2252 171 19182
2598 171 65726 171 64937 388 12241 171 19182
2598 171 65726 171 64937 388 2395 388 19182
2598 171 65726 171 31096 388 12747 388 19182
