2598 171 18404
2598 388 18404
2598 171 42664 171 18404
2598 171 42664 388 18404
2598 171 58637 388 18404
2598 171 19182 171 18404
2598 171 19182 388 18404
2598 171 62802 388 18404
2598 171 13583 388 18404
2598 171 54233 171 33292 388 18404
2598 171 65726 388 30186 171 18404
2598 171 65726 388 71663 388 18404
2598 171 65726 171 31096 388 18404
2598 171 42664 171 42284 388 18404
2598 171 54233 388 36821 171 72220 388 18404
2598 171 54233 388 36821 228 7623 388 18404
2598 171 54233 171 2597 171 9941 388 18404
2598 171 54233 171 2597 171 6030 388 18404
2598 171 54233 171 2597 388 58977 388 18404
2598 171 54233 171 33292 388 66024 388 18404
2598 171 65726 171 31096 388 10681 388 18404
2598 171 65726 171 31096 388 74151 388 18404
2598 171 65726 171 31096 388 56832 388 18404
2598 171 65726 171 31096 388 67109 388 18404
