2598 171 58414
2598 388 58414
2598 171 65726 388 60773 171 58414
2598 171 65726 388 30186 171 58414
2598 171 65726 171 31096 388 58414
2598 171 42664 171 56745 388 58414
2598 171 54233 388 36821 171 43451 171 58414
2598 171 54233 388 36821 171 35938 150 31222 345 58414
2598 171 54233 388 36821 171 35938 150 9940 345 58414
2598 171 54233 171 2597 388 38563 150 11756 345 58414
2598 171 54233 171 2597 388 38563 150 23051 345 58414
2598 171 54233 171 2597 388 38563 150 10280 345 58414
2598 171 54233 171 2597 388 38563 150 5417 345 58414
2598 171 54233 171 2597 388 38563 150 66068 345 58414
2598 171 54233 171 2597 388 38563 150 1334 345 58414
2598 171 54233 171 2597 388 38563 150 16092 345 58414
2598 171 54233 171 2597 388 38563 150 75039 345 58414
2598 171 54233 171 2597 388 38563 150 23212 345 58414
2598 171 54233 171 2597 388 38563 150 52902 345 58414
2598 171 54233 171 2597 388 38563 150 16377 345 58414
2598 171 54233 171 2597 388 38563 150 74147 345 58414
2598 171 54233 171 2597 388 38563 150 53783 345 58414
2598 171 54233 171 2597 388 38563 150 38086 345 58414
2598 171 54233 171 2597 388 38563 150 68447 345 58414
2598 171 54233 171 2597 388 38563 150 48021 345 58414
2598 171 54233 171 2597 388 38563 150 72523 345 58414
2598 171 54233 171 2597 388 38563 150 55900 345 58414
2598 171 54233 171 2597 388 38563 150 2039 345 58414
2598 171 54233 171 2597 388 38563 150 71880 345 58414
2598 171 54233 171 2597 388 38563 150 39251 345 58414
2598 171 54233 171 2597 388 38563 150 23990 345 58414
2598 171 54233 171 2597 388 38563 150 47653 345 58414
2598 171 65726 388 12270 171 12551 150 26854 345 58414
2598 171 65726 388 12270 171 12551 150 16542 345 58414
2598 171 65726 388 12270 171 12551 150 29599 345 58414
2598 171 65726 388 12270 171 12551 150 47767 345 58414
2598 171 65726 388 12270 171 12551 150 56975 345 58414
2598 171 65726 388 12270 171 12551 150 61327 345 58414
2598 171 65726 388 12270 171 12551 150 50868 345 58414
2598 171 65726 388 12270 171 12551 150 12331 345 58414
2598 171 65726 388 12270 171 12551 150 17215 345 58414
2598 171 69068 358 9577 28 11637 52 11708 123 43684 345 58414
2598 171 54233 388 36821 171 35938 150 69635 309 73723 182 8999 345 58414
2598 171 54233 388 36821 171 35938 150 69635 309 73723 182 24170 345 58414
2598 171 54233 388 36821 171 35938 150 69635 309 73723 182 74522 345 58414
