41531 388 19182
41531 388 2597 171 42284 388 19182
41531 388 2597 171 31096 171 19182
41531 388 2597 171 31096 388 19182
41531 388 2597 171 71663 388 19182
41531 388 2597 171 24030 388 19182
41531 388 2597 171 42039 388 19182
41531 388 2597 171 70308 388 19182
41531 388 2597 171 15489 388 19182
41531 388 2597 171 61139 171 19182
41531 388 2597 171 61139 388 19182
41531 388 2597 171 17376 388 19182
41531 388 2597 171 59891 171 19182
41531 388 2597 171 59891 388 19182
41531 388 2597 171 41803 171 19182
41531 388 2597 171 41803 388 19182
41531 388 2597 171 58596 388 19182
41531 388 2597 171 19235 171 19182
41531 388 2597 171 19235 388 19182
41531 388 2597 171 73092 388 19182
41531 388 2597 171 38226 171 19182
41531 388 2597 171 38226 388 19182
41531 388 2597 171 16915 388 19182
41531 388 2597 388 50726 171 19182
41531 388 2597 388 10199 171 19182
41531 388 2597 171 9941 388 18404 171 19182
41531 388 2597 171 9941 388 18404 388 19182
41531 388 2597 171 30186 171 58637 171 19182
41531 388 2597 171 30186 171 16228 171 19182
41531 388 2597 171 30186 171 16228 388 19182
41531 388 2597 171 30186 171 35806 388 19182
41531 388 2597 171 64937 388 2252 171 19182
41531 388 2597 171 64937 388 12241 171 19182
41531 388 2597 171 64937 388 2395 388 19182
41531 388 2597 171 31096 171 35414 388 19182
41531 388 2597 171 31096 388 12747 388 19182
41531 388 2597 171 31096 388 62802 388 19182
41531 388 2597 171 60773 171 69068 388 19182
41531 388 2597 171 41803 171 40235 171 19182
41531 388 2597 171 41803 171 40235 388 19182
41531 388 2597 171 18360 388 19435 171 19182
41531 388 2597 171 18360 388 19435 388 19182
41531 388 2597 388 65726 388 2598 171 19182
41531 388 2597 388 65726 388 2598 388 19182
