54233 388 38226
54233 388 36821 171 38226
54233 388 36821 228 38226
54233 171 2597 171 38226
54233 171 2597 388 38226
54233 388 991 171 18360 388 38226
54233 388 21205 171 31096 171 38226
54233 388 21205 171 31096 388 38226
54233 388 21205 171 41803 171 38226
54233 388 21205 171 41803 388 38226
54233 388 21205 388 12270 171 38226
54233 388 21205 388 12270 228 38226
54233 388 21205 388 30186 171 38226
54233 388 21205 388 64937 388 38226
54233 388 21205 388 42664 171 38226
54233 388 21205 388 7357 171 38226
54233 388 36821 171 10199 171 38226
54233 388 36821 171 60773 171 38226
54233 388 2598 171 19182 171 38226
54233 388 2598 171 19182 388 38226
