65726 388 60773
65726 388 12270 389 60773
65726 388 12270 228 60773
65726 388 36821 171 60773
65726 388 36821 228 60773
65726 388 30186 388 60773
65726 388 71663 388 60773
65726 171 2597 171 60773
65726 171 2597 388 60773
65726 171 64937 388 60773
65726 171 31096 388 60773
65726 388 42664 171 38226 388 60773
65726 388 12270 171 34867 388 60773
65726 388 12270 171 34867 389 60773
65726 388 12270 171 69068 388 60773
65726 388 12270 171 36197 388 60773
65726 388 12270 171 36197 389 60773
65726 388 12270 171 45110 388 60773
65726 388 12270 171 28303 388 60773
65726 388 12270 171 35161 388 60773
65726 388 12270 171 28036 388 60773
65726 388 12270 171 74510 389 60773
65726 388 12270 171 16915 388 60773
65726 388 12270 171 5771 388 60773
65726 388 12270 389 35035 389 60773
65726 388 12270 389 75476 389 60773
65726 388 12270 389 56331 389 60773
65726 388 12270 228 32441 389 60773
65726 388 12270 228 62014 389 60773
65726 388 12270 228 70308 389 60773
65726 388 12270 228 70308 388 60773
65726 388 36821 171 20067 388 60773
65726 388 36821 171 43451 389 60773
65726 388 36821 228 49091 389 60773
65726 388 30186 171 58414 388 60773
65726 388 30186 358 37408 28 60773
65726 171 2597 171 6435 388 60773
65726 171 2597 388 29567 389 60773
65726 171 31096 388 58304 388 60773
65726 388 36821 171 43451 228 8124 389 60773
65726 388 36821 171 43451 228 12496 389 60773
