65726 388 12270
65726 388 60773 228 12270
65726 388 60773 389 12270
65726 388 36821 228 12270
65726 388 30186 388 12270
65726 388 71663 389 12270
65726 171 2597 171 12270
65726 171 2597 388 12270
65726 171 64937 388 12270
65726 171 31096 389 12270
65726 388 60773 171 34867 388 12270
65726 388 60773 171 34867 389 12270
65726 388 60773 171 69068 388 12270
65726 388 60773 171 36197 388 12270
65726 388 60773 171 36197 389 12270
65726 388 60773 171 45110 388 12270
65726 388 60773 171 70308 389 12270
65726 388 60773 171 28303 388 12270
65726 388 60773 171 35161 388 12270
65726 388 60773 171 28036 388 12270
65726 388 60773 171 38226 388 12270
65726 388 60773 171 38226 389 12270
65726 388 60773 171 16915 389 12270
65726 388 60773 171 16915 388 12270
65726 388 60773 171 5771 388 12270
65726 388 60773 228 75476 389 12270
65726 388 60773 228 75476 228 12270
65726 388 60773 228 32441 389 12270
65726 388 60773 228 62014 389 12270
65726 388 60773 228 74510 389 12270
65726 388 60773 228 74510 388 12270
65726 388 60773 228 35035 389 12270
65726 388 60773 228 35035 228 12270
65726 388 60773 228 56331 389 12270
65726 388 60773 228 56331 228 12270
65726 388 42664 171 21205 388 12270
65726 388 36821 171 73370 389 12270
65726 388 36821 171 46224 388 12270
65726 388 36821 171 46224 389 12270
65726 388 36821 171 24030 388 12270
65726 388 36821 171 27194 388 12270
65726 388 36821 171 7694 388 12270
65726 388 36821 389 506 228 12270
65726 388 36821 389 506 389 12270
65726 388 36821 389 53541 389 12270
65726 388 36821 389 53541 228 12270
65726 388 36821 389 33220 389 12270
65726 388 36821 389 33220 228 12270
65726 388 36821 228 53621 389 12270
65726 388 36821 228 50674 389 12270
65726 388 36821 228 50674 228 12270
65726 388 36821 228 57321 389 12270
65726 388 36821 228 57321 228 12270
65726 388 36821 228 49208 388 12270
65726 388 36821 228 49208 389 12270
65726 388 36821 228 68962 389 12270
65726 388 36821 228 50153 388 12270
65726 388 36821 228 50153 389 12270
65726 388 36821 228 10611 389 12270
65726 388 36821 228 33009 389 12270
65726 388 30186 171 58695 388 12270
65726 388 2598 388 33545 388 12270
65726 171 2597 171 68490 389 12270
65726 171 2597 171 59709 388 12270
65726 171 2597 171 19470 388 12270
65726 171 2597 171 19470 389 12270
65726 171 2597 171 45420 388 12270
65726 171 2597 388 15068 388 12270
65726 171 2597 388 57095 388 12270
65726 171 2597 388 38563 388 12270
65726 171 64937 388 18170 388 12270
65726 171 31096 388 12551 388 12270
65726 388 12176 171 18360 388 54469 228 12270
65726 388 12176 171 18360 388 54469 389 12270
65726 388 12176 171 18360 388 59352 388 12270
65726 388 60773 171 16915 389 19928 389 12270
65726 388 60773 228 62014 171 10078 388 12270
65726 388 36821 228 50674 228 53830 389 12270
65726 388 36821 228 50674 228 53830 228 12270
65726 388 36821 228 50674 228 28973 389 12270
65726 388 36821 228 50674 228 28973 228 12270
65726 388 36821 228 50674 228 22436 389 12270
65726 388 36821 228 50674 228 22436 228 12270
