65726 388 36821
65726 388 60773 388 36821
65726 388 60773 389 36821
65726 388 12270 389 36821
65726 388 30186 388 36821
65726 388 71663 388 36821
65726 388 71663 389 36821
65726 171 2597 388 36821
65726 171 64937 388 36821
65726 171 31096 388 36821
65726 171 31096 389 36821
65726 388 12176 171 33292 388 36821
65726 388 12176 171 33292 389 36821
65726 388 12176 171 18360 388 36821
65726 388 60773 171 34867 388 36821
65726 388 60773 171 34867 389 36821
65726 388 60773 171 20067 388 36821
65726 388 60773 171 36197 388 36821
65726 388 60773 171 36197 389 36821
65726 388 60773 171 70308 389 36821
65726 388 60773 171 70308 388 36821
65726 388 60773 171 28303 388 36821
65726 388 60773 171 35161 388 36821
65726 388 60773 171 28036 388 36821
65726 388 60773 171 38226 388 36821
65726 388 60773 171 38226 389 36821
65726 388 60773 171 16915 389 36821
65726 388 60773 171 16915 388 36821
65726 388 60773 171 5771 388 36821
65726 388 60773 228 43451 389 36821
65726 388 60773 228 43451 388 36821
65726 388 60773 228 75476 389 36821
65726 388 60773 228 32441 389 36821
65726 388 60773 228 62014 389 36821
65726 388 60773 228 49091 389 36821
65726 388 60773 228 74510 389 36821
65726 388 60773 228 74510 388 36821
65726 388 60773 228 35035 389 36821
65726 388 60773 228 56331 389 36821
65726 388 42664 171 58637 388 36821
65726 388 42664 171 21205 388 36821
65726 388 12270 171 50153 389 36821
65726 388 12270 171 49208 389 36821
65726 388 12270 171 46224 388 36821
65726 388 12270 171 46224 389 36821
65726 388 12270 171 24030 388 36821
65726 388 12270 171 24030 389 36821
65726 388 12270 171 27194 388 36821
65726 388 12270 171 7694 388 36821
65726 388 12270 389 506 228 36821
65726 388 12270 389 506 389 36821
65726 388 12270 389 50674 389 36821
65726 388 12270 389 53541 389 36821
65726 388 12270 389 53541 228 36821
65726 388 12270 389 57321 389 36821
65726 388 12270 389 33220 389 36821
65726 388 12270 389 33220 228 36821
65726 388 12270 228 53621 389 36821
65726 388 12270 228 68962 389 36821
65726 388 12270 228 73370 388 36821
65726 388 12270 228 10611 389 36821
65726 388 12270 228 33009 389 36821
65726 388 30186 171 7623 389 36821
65726 388 30186 171 35994 388 36821
65726 388 30186 388 10199 388 36821
65726 388 2598 171 54233 388 36821
65726 388 2598 171 62802 388 36821
65726 388 2598 388 46410 388 36821
65726 171 2597 171 18527 388 36821
65726 171 2597 171 54941 389 36821
65726 171 2597 171 4294 388 36821
65726 171 2597 171 4294 389 36821
65726 171 2597 171 8841 388 36821
65726 171 2597 171 35938 388 36821
65726 171 2597 171 1103 388 36821
65726 171 2597 171 17376 388 36821
65726 171 2597 171 15359 388 36821
65726 171 2597 171 31950 389 36821
65726 171 2597 171 71005 388 36821
65726 171 2597 171 28049 388 36821
65726 171 2597 388 36791 388 36821
65726 171 64937 388 67251 389 36821
65726 171 64937 388 20333 388 36821
65726 171 64937 388 20333 389 36821
65726 171 31096 388 64363 389 36821
65726 388 12176 171 18360 388 2481 389 36821
65726 388 12176 171 18360 388 2481 228 36821
65726 388 12176 171 18360 388 38415 388 36821
65726 388 12176 171 18360 388 36676 389 36821
65726 388 12176 171 18360 388 36676 388 36821
65726 388 60773 171 38226 388 7357 388 36821
65726 388 60773 228 43451 171 66629 388 36821
65726 388 60773 228 43451 228 16909 389 36821
65726 388 60773 228 43451 228 16909 388 36821
65726 388 60773 228 75476 228 16756 389 36821
65726 388 42664 171 58637 171 21493 388 36821
65726 388 42664 171 18404 171 72220 388 36821
65726 388 42664 171 18404 171 72220 389 36821
65726 388 12270 228 10611 389 24303 389 36821
65726 388 12176 171 18360 388 71084 228 57400 388 36821
65726 388 12176 171 18360 388 71084 228 57400 389 36821
65726 388 42664 171 18404 171 72220 389 35334 389 36821
