65726 388 30186
65726 388 60773 171 30186
65726 388 42664 171 30186
65726 388 42664 388 30186
65726 388 12270 171 30186
65726 388 36821 171 30186
65726 388 71663 388 30186
65726 171 2597 171 30186
65726 171 2597 388 30186
65726 171 31096 388 30186
65726 388 12176 171 33292 388 30186
65726 388 60773 171 58414 388 30186
65726 388 60773 171 45110 171 30186
65726 388 60773 171 38226 388 30186
65726 388 60773 228 43451 171 30186
65726 388 60773 228 35035 171 30186
65726 388 60773 228 56331 171 30186
65726 388 60773 358 37408 28 30186
65726 388 42664 171 58637 388 30186
65726 388 42664 171 45227 388 30186
65726 388 42664 171 56745 388 30186
65726 388 42664 171 42284 171 30186
65726 388 42664 171 42284 388 30186
65726 388 42664 171 73566 171 30186
65726 388 42664 171 73566 388 30186
65726 388 42664 171 18404 388 30186
65726 388 42664 171 21205 388 30186
65726 388 42664 388 35806 388 30186
65726 388 12270 171 58695 171 30186
65726 388 12270 171 58695 388 30186
65726 388 36821 171 10199 171 30186
65726 388 36821 171 35994 388 30186
65726 388 36821 228 7623 388 30186
65726 388 2598 171 70645 388 30186
65726 388 2598 171 50512 388 30186
65726 388 2598 171 16228 388 30186
65726 388 2598 388 42617 388 30186
65726 171 2597 171 9941 388 30186
65726 171 2597 171 34281 388 30186
65726 171 2597 171 73092 388 30186
65726 171 2597 171 23537 388 30186
65726 171 2597 388 50726 171 30186
65726 171 2597 388 52240 388 30186
65726 171 64937 388 64619 171 30186
65726 171 64937 388 49771 171 30186
65726 171 64937 388 40788 171 30186
65726 171 64937 388 35798 171 30186
65726 171 64937 388 64695 171 30186
65726 171 64937 388 56540 171 30186
65726 171 64937 388 59473 171 30186
65726 171 31096 171 56950 388 30186
65726 171 31096 388 28594 388 30186
65726 388 12176 171 18360 388 42476 171 30186
65726 388 12176 171 18360 388 11029 388 30186
65726 388 12176 171 18360 388 18816 388 30186
65726 388 12176 171 18360 388 10763 388 30186
65726 388 60773 171 69068 358 9577 28 30186
65726 388 42664 171 73566 388 8385 171 11838 171 30186
65726 388 42664 171 73566 388 8385 171 11838 388 30186
