38128 374 19769
38128 15 63319 15 9678 85 19769
38128 15 22928 382 37057 85 19769
38128 15 22928 382 6983 85 19769
38128 15 22928 382 6983 374 19769
38128 382 2748 6 8511 85 19769
38128 382 2748 6 15254 85 19769
38128 382 2748 6 15254 374 19769
38128 382 2748 6 7077 85 19769
38128 382 2748 6 71797 85 19769
38128 382 2748 6 54296 85 19769
38128 300 62434 211 72687 85 19769
38128 300 62434 211 72687 374 19769
38128 217 9911 5 48029 85 19769
38128 217 9911 5 5190 85 19769
38128 217 9911 5 3217 85 19769
38128 217 9911 5 47937 85 19769
38128 217 9911 5 2913 85 19769
38128 217 9911 5 2913 374 19769
38128 217 9911 5 71447 85 19769
38128 80 38944 315 15778 85 19769
38128 80 38944 315 41792 85 19769
38128 85 17058 112 22832 85 19769
38128 85 17058 112 22832 374 19769
38128 85 17058 214 73845 158 19769
38128 85 64632 112 22868 85 19769
