38128 85 64632
38128 374 64632
38128 15 63319 15 44022 85 64632
38128 15 63319 15 44022 374 64632
38128 15 63319 15 69304 85 64632
38128 15 63319 15 69304 374 64632
38128 15 63319 15 10519 85 64632
38128 15 63319 15 10519 374 64632
38128 15 63319 15 1293 85 64632
38128 15 63319 15 1293 374 64632
38128 15 63319 15 74492 85 64632
38128 15 63319 15 74492 374 64632
38128 15 63319 15 26509 85 64632
38128 15 63319 15 26509 374 64632
38128 15 63319 15 45970 85 64632
38128 15 63319 15 45970 374 64632
38128 15 63319 15 49641 85 64632
38128 15 63319 15 49641 374 64632
38128 15 63319 15 74368 85 64632
38128 15 63319 15 74368 374 64632
38128 15 63319 15 65877 85 64632
38128 15 63319 15 65877 374 64632
38128 15 63319 15 9678 85 64632
38128 15 63319 15 9678 374 64632
38128 15 70550 151 41897 277 64632
38128 15 70550 256 48065 342 64632
38128 15 70550 256 48065 85 64632
38128 15 70550 256 48065 374 64632
38128 15 28376 103 1524 342 64632
38128 15 28376 103 1524 303 64632
38128 15 28376 356 18597 101 64632
38128 15 22928 15 17215 85 64632
38128 15 22928 15 17215 374 64632
38128 15 22928 398 3890 85 64632
38128 15 22928 398 3890 374 64632
38128 15 22928 398 72849 85 64632
38128 15 22928 398 72849 374 64632
38128 15 22928 382 37057 85 64632
38128 15 22928 382 37057 374 64632
38128 15 22928 382 16174 85 64632
38128 15 22928 382 16174 374 64632
38128 15 22928 382 6422 85 64632
38128 15 22928 382 6422 374 64632
38128 15 22928 382 6983 85 64632
38128 15 22928 382 6983 374 64632
38128 398 52008 217 17518 101 64632
38128 398 52008 217 17518 303 64632
38128 398 52008 217 17518 249 64632
38128 382 2748 6 8511 85 64632
38128 382 2748 6 8511 374 64632
38128 382 2748 6 15254 85 64632
38128 382 2748 6 15254 374 64632
38128 382 2748 6 3354 85 64632
38128 382 2748 6 3354 374 64632
38128 382 2748 6 7077 85 64632
38128 382 2748 6 7077 374 64632
38128 382 2748 6 71797 85 64632
38128 382 2748 6 71797 374 64632
38128 382 2748 6 11756 85 64632
38128 382 2748 6 11756 374 64632
38128 382 2748 6 57080 85 64632
38128 382 2748 6 57080 374 64632
38128 382 2748 6 15104 85 64632
38128 382 2748 6 15104 374 64632
38128 382 2748 6 48679 85 64632
38128 382 2748 6 48679 374 64632
38128 382 2748 6 54296 85 64632
38128 382 2748 6 54296 374 64632
38128 382 2748 6 64733 85 64632
38128 382 2748 6 64733 374 64632
38128 382 2748 6 27545 85 64632
38128 382 2748 6 27545 374 64632
38128 300 62434 211 32101 85 64632
38128 300 62434 211 32101 374 64632
38128 300 62434 211 72687 85 64632
38128 300 62434 211 72687 374 64632
38128 217 9911 5 13437 85 64632
38128 217 9911 5 13437 374 64632
38128 217 9911 5 10896 85 64632
38128 217 9911 5 10896 374 64632
38128 217 9911 5 48029 85 64632
38128 217 9911 5 48029 374 64632
38128 217 9911 5 40683 374 64632
38128 217 9911 5 52094 85 64632
38128 217 9911 5 52094 374 64632
38128 217 9911 5 48195 85 64632
38128 217 9911 5 48195 374 64632
38128 217 9911 5 45843 85 64632
38128 217 9911 5 45843 374 64632
38128 217 9911 5 1834 85 64632
38128 217 9911 5 1834 374 64632
38128 217 9911 5 27648 85 64632
38128 217 9911 5 27648 374 64632
38128 217 9911 5 69613 85 64632
38128 217 9911 5 69613 374 64632
38128 217 9911 5 5190 85 64632
38128 217 9911 5 5190 374 64632
38128 217 9911 5 17505 85 64632
38128 217 9911 5 17505 374 64632
38128 217 9911 5 3509 85 64632
38128 217 9911 5 3509 374 64632
38128 217 9911 5 21064 85 64632
38128 217 9911 5 21064 374 64632
38128 217 9911 5 42549 85 64632
38128 217 9911 5 42549 374 64632
38128 217 9911 5 28511 85 64632
38128 217 9911 5 28511 374 64632
38128 217 9911 5 8059 85 64632
38128 217 9911 5 8059 374 64632
38128 217 9911 5 336 85 64632
38128 217 9911 5 336 374 64632
38128 217 9911 5 32276 85 64632
38128 217 9911 5 32276 374 64632
38128 217 9911 5 3217 85 64632
38128 217 9911 5 3217 374 64632
38128 217 9911 5 59143 85 64632
38128 217 9911 5 59143 374 64632
38128 217 9911 5 35283 85 64632
38128 217 9911 5 35283 374 64632
38128 217 9911 5 37047 85 64632
38128 217 9911 5 37047 374 64632
38128 217 9911 5 47937 85 64632
38128 217 9911 5 47937 374 64632
38128 217 9911 5 2913 85 64632
38128 217 9911 5 2913 374 64632
38128 217 9911 5 36374 85 64632
38128 217 9911 5 36374 374 64632
38128 217 9911 5 40993 85 64632
38128 217 9911 5 40993 374 64632
38128 217 9911 5 18482 85 64632
38128 217 9911 5 18482 374 64632
38128 217 9911 5 60675 85 64632
38128 217 9911 5 60675 374 64632
38128 217 9911 5 49651 85 64632
38128 217 9911 5 49651 374 64632
38128 217 9911 5 56943 85 64632
38128 217 9911 5 56943 374 64632
38128 217 9911 5 34882 85 64632
38128 217 9911 5 34882 374 64632
38128 217 9911 5 55961 85 64632
38128 217 9911 5 55961 374 64632
38128 217 9911 5 69324 85 64632
38128 217 9911 5 69324 374 64632
38128 217 9911 5 8593 85 64632
38128 217 9911 5 8593 374 64632
38128 217 9911 5 25205 85 64632
38128 217 9911 5 25205 374 64632
38128 217 9911 5 42467 85 64632
38128 217 9911 5 42467 374 64632
38128 217 9911 5 27581 85 64632
38128 217 9911 5 27581 374 64632
38128 217 9911 5 11635 85 64632
38128 217 9911 5 11635 374 64632
38128 217 9911 5 36348 85 64632
38128 217 9911 5 36348 374 64632
38128 217 9911 5 17898 85 64632
38128 217 9911 5 17898 374 64632
38128 217 9911 5 51442 85 64632
38128 217 9911 5 51442 374 64632
38128 217 9911 5 11783 85 64632
38128 217 9911 5 11783 374 64632
38128 217 9911 5 39066 85 64632
38128 217 9911 5 39066 374 64632
38128 217 9911 5 28573 85 64632
38128 217 9911 5 28573 374 64632
38128 217 9911 5 55218 85 64632
38128 217 9911 5 55218 374 64632
38128 217 9911 5 23800 85 64632
38128 217 9911 5 23800 374 64632
38128 217 9911 5 10797 85 64632
38128 217 9911 5 10797 374 64632
38128 217 9911 5 17439 85 64632
38128 217 9911 5 17439 374 64632
38128 217 9911 5 30988 85 64632
38128 217 9911 5 30988 374 64632
38128 217 9911 5 33316 85 64632
38128 217 9911 5 33316 374 64632
38128 217 9911 5 22471 85 64632
38128 217 9911 5 22471 374 64632
38128 217 9911 5 52707 85 64632
38128 217 9911 5 52707 374 64632
38128 217 9911 5 68577 85 64632
38128 217 9911 5 68577 374 64632
38128 217 9911 5 8318 85 64632
38128 217 9911 5 8318 374 64632
38128 217 9911 5 32747 85 64632
38128 217 9911 5 32747 374 64632
38128 217 9911 5 50547 85 64632
38128 217 9911 5 50547 374 64632
38128 217 9911 5 71904 85 64632
38128 217 9911 5 71904 374 64632
38128 217 9911 5 17712 85 64632
38128 217 9911 5 17712 374 64632
38128 217 9911 5 65682 85 64632
38128 217 9911 5 65682 374 64632
38128 217 9911 5 51928 85 64632
38128 217 9911 5 51928 374 64632
38128 217 9911 5 60434 85 64632
38128 217 9911 5 60434 374 64632
38128 217 9911 5 50538 85 64632
38128 217 9911 5 50538 374 64632
38128 217 9911 5 66068 85 64632
38128 217 9911 5 66068 374 64632
38128 217 9911 5 2372 85 64632
38128 217 9911 5 2372 374 64632
38128 217 9911 5 23327 85 64632
38128 217 9911 5 23327 374 64632
38128 217 9911 5 59979 85 64632
38128 217 9911 5 59979 374 64632
38128 217 9911 5 53399 85 64632
38128 217 9911 5 53399 374 64632
38128 217 9911 5 57982 85 64632
38128 217 9911 5 57982 374 64632
38128 217 9911 5 26212 85 64632
38128 217 9911 5 26212 374 64632
38128 217 9911 5 69700 85 64632
38128 217 9911 5 69700 374 64632
38128 217 9911 5 43709 85 64632
38128 217 9911 5 43709 374 64632
38128 217 9911 5 71447 85 64632
38128 217 9911 5 71447 374 64632
38128 217 9911 5 50683 85 64632
38128 217 9911 5 50683 374 64632
38128 217 9911 5 35258 85 64632
38128 217 9911 5 35258 374 64632
38128 217 9911 5 50496 85 64632
38128 217 9911 5 50496 374 64632
38128 217 9911 5 20363 85 64632
38128 217 9911 5 20363 374 64632
38128 217 9911 5 52278 85 64632
38128 217 9911 5 52278 374 64632
38128 217 9911 5 15495 85 64632
38128 217 9911 5 15495 374 64632
38128 217 9911 5 56811 85 64632
38128 217 9911 5 56811 374 64632
38128 217 9911 5 59497 85 64632
38128 217 9911 5 59497 374 64632
38128 217 9911 111 74693 342 64632
38128 217 9911 111 74693 303 64632
38128 80 38944 315 4421 85 64632
38128 80 38944 315 4421 374 64632
38128 80 38944 315 74415 85 64632
38128 80 38944 315 74415 374 64632
38128 80 38944 315 4484 85 64632
38128 80 38944 315 4484 374 64632
38128 80 38944 315 8648 85 64632
38128 80 38944 315 8648 374 64632
38128 80 38944 315 7860 374 64632
38128 80 38944 315 70808 85 64632
38128 80 38944 315 70808 374 64632
38128 80 38944 315 73929 85 64632
38128 80 38944 315 73929 374 64632
38128 80 38944 315 53895 85 64632
38128 80 38944 315 53895 374 64632
38128 80 38944 315 59147 85 64632
38128 80 38944 315 59147 374 64632
38128 80 38944 315 35347 85 64632
38128 80 38944 315 35347 374 64632
38128 80 38944 315 34523 85 64632
38128 80 38944 315 34523 374 64632
38128 80 38944 315 67299 85 64632
38128 80 38944 315 67299 374 64632
38128 80 38944 315 53965 85 64632
38128 80 38944 315 53965 374 64632
38128 80 38944 315 15964 85 64632
38128 80 38944 315 15964 374 64632
38128 80 38944 315 44372 85 64632
38128 80 38944 315 44372 374 64632
38128 80 38944 315 18896 85 64632
38128 80 38944 315 18896 374 64632
38128 80 38944 315 72300 85 64632
38128 80 38944 315 72300 374 64632
38128 80 38944 315 66141 85 64632
38128 80 38944 315 66141 374 64632
38128 80 38944 315 72371 85 64632
38128 80 38944 315 72371 374 64632
38128 80 38944 315 29777 85 64632
38128 80 38944 315 29777 374 64632
38128 80 38944 315 11059 85 64632
38128 80 38944 315 11059 374 64632
38128 80 38944 315 60527 85 64632
38128 80 38944 315 60527 374 64632
38128 80 38944 315 17077 85 64632
38128 80 38944 315 17077 374 64632
38128 80 38944 315 56194 85 64632
38128 80 38944 315 56194 374 64632
38128 80 38944 315 32059 85 64632
38128 80 38944 315 32059 374 64632
38128 80 38944 315 4901 85 64632
38128 80 38944 315 4901 374 64632
38128 80 38944 315 33067 85 64632
38128 80 38944 315 33067 374 64632
38128 80 38944 315 72185 85 64632
38128 80 38944 315 72185 374 64632
38128 80 38944 315 67857 85 64632
38128 80 38944 315 67857 374 64632
38128 80 38944 315 63292 85 64632
38128 80 38944 315 63292 374 64632
38128 80 38944 315 22955 85 64632
38128 80 38944 315 22955 374 64632
38128 80 38944 315 46327 85 64632
38128 80 38944 315 46327 374 64632
38128 80 38944 315 40647 85 64632
38128 80 38944 315 40647 374 64632
38128 80 38944 315 11537 85 64632
38128 80 38944 315 11537 374 64632
38128 80 38944 315 38996 85 64632
38128 80 38944 315 38996 374 64632
38128 80 38944 315 72650 85 64632
38128 80 38944 315 72650 374 64632
38128 80 38944 315 41863 85 64632
38128 80 38944 315 41863 374 64632
38128 80 38944 315 67672 85 64632
38128 80 38944 315 67672 374 64632
38128 80 38944 315 17660 85 64632
38128 80 38944 315 17660 374 64632
38128 80 38944 315 43370 85 64632
38128 80 38944 315 43370 374 64632
38128 80 38944 315 47172 85 64632
38128 80 38944 315 47172 374 64632
38128 80 38944 315 15335 85 64632
38128 80 38944 315 15335 374 64632
38128 80 38944 315 75039 85 64632
38128 80 38944 315 75039 374 64632
38128 80 38944 315 42081 85 64632
38128 80 38944 315 42081 374 64632
38128 80 38944 315 73400 85 64632
38128 80 38944 315 73400 374 64632
38128 80 38944 315 27104 85 64632
38128 80 38944 315 27104 374 64632
38128 80 38944 315 71212 85 64632
38128 80 38944 315 71212 374 64632
38128 80 38944 315 33721 374 64632
38128 80 38944 315 70652 85 64632
38128 80 38944 315 70652 374 64632
38128 80 38944 315 43072 85 64632
38128 80 38944 315 43072 374 64632
38128 80 38944 315 67665 85 64632
38128 80 38944 315 67665 374 64632
38128 80 38944 315 39226 85 64632
38128 80 38944 315 39226 374 64632
38128 80 38944 315 47716 85 64632
38128 80 38944 315 47716 374 64632
38128 80 38944 315 64542 85 64632
38128 80 38944 315 64542 374 64632
38128 80 38944 315 11467 85 64632
38128 80 38944 315 11467 374 64632
38128 80 38944 315 50617 85 64632
38128 80 38944 315 50617 374 64632
38128 80 38944 315 9348 85 64632
38128 80 38944 315 9348 374 64632
38128 80 38944 315 6444 85 64632
38128 80 38944 315 6444 374 64632
38128 80 38944 315 20633 85 64632
38128 80 38944 315 20633 374 64632
38128 80 38944 315 36746 85 64632
38128 80 38944 315 36746 374 64632
38128 80 38944 315 54397 85 64632
38128 80 38944 315 54397 374 64632
38128 80 38944 91 39870 85 64632
38128 80 38944 91 39870 374 64632
38128 80 38944 91 58727 85 64632
38128 80 38944 91 58727 374 64632
38128 80 38944 91 35279 85 64632
38128 80 38944 91 35279 374 64632
38128 379 1483 88 8260 85 64632
38128 379 1483 88 8260 374 64632
38128 379 1483 88 68575 85 64632
38128 379 1483 88 68575 374 64632
38128 379 1483 88 41507 85 64632
38128 379 1483 88 41507 374 64632
38128 85 17058 112 26733 85 64632
38128 85 17058 112 26733 374 64632
38128 85 17058 112 37778 85 64632
38128 85 17058 112 10965 85 64632
38128 85 17058 112 10965 374 64632
38128 85 17058 112 45692 85 64632
38128 85 17058 112 45692 374 64632
38128 85 17058 112 51109 85 64632
38128 85 17058 112 51109 374 64632
38128 85 17058 112 26998 85 64632
38128 85 17058 112 26998 374 64632
38128 85 17058 112 18499 85 64632
38128 85 17058 112 18499 374 64632
38128 85 17058 112 10503 85 64632
38128 85 17058 112 10503 374 64632
38128 85 17058 112 55784 85 64632
38128 85 17058 112 55784 374 64632
38128 85 17058 112 45305 85 64632
38128 85 17058 112 45305 374 64632
38128 85 17058 112 38197 85 64632
38128 85 17058 112 38197 374 64632
38128 85 17058 191 50565 342 64632
38128 85 17058 214 48411 158 64632
38128 85 17058 214 65046 158 64632
38128 85 17058 214 62073 158 64632
38128 85 17058 214 69052 158 64632
38128 85 17058 214 45336 158 64632
38128 85 17058 214 16108 158 64632
38128 85 17058 214 2535 158 64632
38128 85 17058 214 40424 158 64632
38128 85 17058 214 55642 158 64632
38128 85 17058 214 12019 158 64632
38128 85 17058 214 22378 158 64632
38128 85 17058 214 26912 158 64632
38128 85 17058 214 177 158 64632
38128 85 17058 214 33131 158 64632
38128 85 17058 214 34893 158 64632
38128 85 17058 214 64129 158 64632
38128 85 17058 214 35752 158 64632
38128 85 17058 214 42464 158 64632
38128 85 17058 214 9086 158 64632
38128 85 17058 214 32090 158 64632
38128 85 17058 214 24485 158 64632
38128 85 17058 214 32466 158 64632
38128 85 17058 214 9905 158 64632
38128 85 17058 214 70711 158 64632
38128 85 17058 214 43843 158 64632
38128 85 17058 214 3178 158 64632
38128 85 17058 214 23888 158 64632
38128 85 17058 214 27223 158 64632
38128 85 17058 214 49013 158 64632
38128 85 17058 214 70255 158 64632
38128 85 17058 214 46057 158 64632
38128 85 17058 214 38039 158 64632
38128 85 17058 214 34246 158 64632
38128 85 17058 214 38812 158 64632
38128 85 17058 214 42171 158 64632
38128 85 17058 214 9481 158 64632
38128 85 17058 214 24114 158 64632
38128 85 17058 214 22268 158 64632
38128 85 17058 214 38952 158 64632
38128 85 17058 214 63269 158 64632
38128 85 17058 214 34791 158 64632
38128 85 17058 214 49558 158 64632
38128 85 17058 214 36298 158 64632
38128 85 17058 214 55514 158 64632
38128 85 17058 214 48327 158 64632
38128 85 17058 214 34432 158 64632
38128 85 17058 214 59783 158 64632
38128 85 17058 214 15175 158 64632
38128 85 17058 214 41889 158 64632
38128 85 17058 214 32615 158 64632
38128 85 17058 214 53789 158 64632
38128 85 17058 214 5288 158 64632
38128 85 17058 214 40785 158 64632
38128 85 17058 214 1669 158 64632
38128 85 17058 214 64390 158 64632
38128 85 17058 214 58834 158 64632
38128 85 17058 214 47180 158 64632
38128 85 17058 214 38314 158 64632
38128 85 17058 214 33097 158 64632
38128 85 17058 214 48408 158 64632
38128 85 17058 214 54644 158 64632
38128 85 17058 214 37498 158 64632
38128 85 17058 214 22193 158 64632
38128 85 17058 214 47736 158 64632
38128 85 17058 214 28367 158 64632
38128 85 17058 214 24238 158 64632
38128 85 17058 214 53395 158 64632
38128 85 17058 214 35205 158 64632
38128 85 17058 214 57645 158 64632
38128 85 17058 214 13998 158 64632
38128 85 17058 214 18246 158 64632
38128 85 17058 214 68537 158 64632
38128 85 17058 214 41057 158 64632
38128 85 17058 214 2657 158 64632
38128 85 17058 214 73845 158 64632
38128 85 17058 214 33757 158 64632
38128 85 17058 214 32889 158 64632
38128 85 17058 214 71711 158 64632
38128 85 17058 214 41420 158 64632
38128 85 17058 214 27841 158 64632
38128 85 17058 214 61038 158 64632
38128 85 17058 214 51634 158 64632
38128 85 17058 214 46426 158 64632
38128 85 17058 214 44331 158 64632
38128 85 17058 214 40535 158 64632
38128 85 17058 214 51590 158 64632
38128 85 17058 214 28485 158 64632
38128 85 17058 214 50243 158 64632
38128 85 17058 214 72257 158 64632
38128 85 17058 214 5497 158 64632
38128 85 17058 214 8796 158 64632
38128 85 17058 214 57000 158 64632
38128 85 17058 214 54621 158 64632
38128 85 17058 214 25970 158 64632
38128 85 17058 214 3806 158 64632
38128 85 17058 214 21487 158 64632
38128 85 17058 214 11626 158 64632
38128 85 17058 214 10558 158 64632
38128 85 17058 214 73303 158 64632
38128 85 17058 214 9840 158 64632
38128 85 17058 214 27532 158 64632
38128 85 17058 214 32127 158 64632
38128 85 17058 214 11977 158 64632
38128 85 17058 214 45841 158 64632
38128 85 17058 214 53038 158 64632
38128 85 17058 214 2523 158 64632
38128 85 17058 214 8170 158 64632
38128 85 17058 214 69214 158 64632
38128 85 17058 214 66928 158 64632
38128 85 17058 214 41980 158 64632
38128 85 17058 214 20966 158 64632
38128 85 17058 214 51063 158 64632
38128 85 17058 214 65892 158 64632
38128 85 17058 214 56651 158 64632
38128 85 17058 214 61992 158 64632
38128 85 17058 214 22477 158 64632
38128 85 17058 214 43365 158 64632
38128 85 17058 214 26135 158 64632
38128 374 19769 112 22868 85 64632
38128 374 19769 112 22868 374 64632
38128 265 60841 75 21458 342 64632
38128 265 60841 114 37726 101 64632
38128 265 60841 114 37726 303 64632
38128 265 60841 114 37726 249 64632
38128 265 60841 114 37726 342 64632
38128 104 69092 75 75101 342 64632
38128 104 69092 75 75101 101 64632
38128 104 69092 75 75101 303 64632
38128 104 69092 277 4148 249 64632
38128 104 69092 277 4148 342 64632
38128 104 69092 277 4148 101 64632
38128 104 69092 277 4148 303 64632
38128 15 63319 15 65877 85 20622 101 64632
38128 15 63319 15 65877 85 20622 249 64632
38128 15 70550 252 62747 151 19486 342 64632
38128 15 70550 252 62747 151 19486 151 64632
38128 15 70550 252 6067 151 51363 101 64632
38128 15 70550 252 6067 151 51363 249 64632
38128 15 70550 252 6067 151 51363 342 64632
38128 15 70550 252 6067 151 39113 101 64632
38128 15 70550 252 6067 151 39113 249 64632
38128 15 70550 252 6067 151 39113 342 64632
38128 15 70550 252 6067 151 41154 342 64632
38128 15 70550 252 6067 151 41154 249 64632
38128 15 70550 332 1705 31 30109 342 64632
38128 15 70550 332 65853 31 57550 342 64632
38128 15 70550 332 29052 31 8945 303 64632
38128 15 70550 332 29052 31 8945 252 64632
38128 15 70550 332 29052 31 20534 158 64632
38128 15 70550 151 41897 252 33630 101 64632
38128 15 70550 75 33054 277 62661 101 64632
38128 15 70550 75 33054 277 62661 249 64632
38128 15 70550 75 33054 277 62661 342 64632
38128 15 70550 75 33054 277 66959 151 64632
38128 15 70550 75 33054 277 66959 252 64632
38128 15 70550 75 33054 277 16558 303 64632
38128 15 70550 75 33054 277 16558 342 64632
38128 15 70550 75 33054 277 25338 342 64632
38128 15 70550 75 33054 277 25338 303 64632
38128 15 322 32 61102 114 16308 101 64632
38128 15 322 32 61102 114 16308 303 64632
38128 15 322 32 61102 114 16308 249 64632
38128 15 322 32 61102 114 16308 342 64632
38128 15 22928 15 17215 254 8495 249 64632
38128 15 22928 15 17215 254 8495 101 64632
38128 252 21632 213 5320 44 61068 158 64632
38128 398 45713 296 20492 99 13235 85 64632
38128 398 45713 296 20492 99 13235 374 64632
38128 398 45713 296 20492 99 61387 85 64632
38128 398 45713 296 20492 99 61387 374 64632
38128 382 8039 6 53751 151 40401 101 64632
38128 300 62434 211 31485 310 43434 101 64632
38128 300 62434 211 31485 310 43434 249 64632
38128 300 62434 211 31485 310 43434 342 64632
38128 217 9911 5 71447 390 55812 85 64632
38128 217 9911 5 71447 390 55812 374 64632
38128 80 38944 32 27613 75 65501 101 64632
38128 80 38944 32 27613 75 65501 303 64632
38128 80 38944 32 27613 75 65501 249 64632
38128 80 38944 32 27613 75 65501 342 64632
38128 296 30382 99 16319 390 72750 85 64632
38128 85 17058 112 47016 254 4114 101 64632
38128 85 17058 112 47016 254 4114 249 64632
38128 85 17058 112 47016 254 4114 342 64632
38128 85 17058 214 55642 144 69534 158 64632
38128 85 17058 214 9086 210 21982 158 64632
38128 85 17058 214 9086 210 70564 158 64632
38128 85 17058 214 9086 210 3974 158 64632
38128 85 17058 214 9086 210 42251 158 64632
38128 85 17058 214 9086 210 30127 158 64632
38128 85 17058 214 9086 210 10279 158 64632
38128 85 17058 214 24114 158 66679 342 64632
38128 85 17058 214 24114 158 66679 101 64632
38128 85 17058 214 63269 210 66990 158 64632
38128 85 17058 214 13998 210 45225 158 64632
38128 85 17058 214 13998 210 38311 158 64632
38128 85 17058 214 13998 210 18211 158 64632
38128 85 17058 214 44331 210 66846 158 64632
38128 85 17058 214 44331 210 32044 158 64632
38128 85 17058 214 10558 158 65388 101 64632
38128 85 17058 214 10558 158 65388 249 64632
38128 85 17058 214 10558 158 65388 342 64632
38128 85 17058 214 10558 158 48669 342 64632
38128 85 17058 214 10558 158 48669 101 64632
38128 85 17058 214 10558 158 53227 249 64632
38128 85 17058 214 10558 158 53227 342 64632
38128 85 17058 214 10558 158 53227 101 64632
38128 85 17058 214 10558 158 53227 303 64632
38128 85 17058 214 10558 158 5526 101 64632
38128 85 17058 214 10558 158 62056 101 64632
38128 85 17058 214 10558 158 62056 249 64632
38128 85 53219 116 41876 23 52007 342 64632
38128 265 69931 147 17373 373 589 101 64632
38128 265 69931 147 17373 373 589 303 64632
38128 265 69931 147 17373 373 589 249 64632
38128 265 69931 147 17373 373 589 342 64632
38128 265 69931 147 17373 373 43643 101 64632
38128 265 69931 147 17373 373 43643 303 64632
38128 265 69931 147 17373 373 43643 342 64632
38128 265 69931 147 17373 373 70930 101 64632
38128 265 69931 147 17373 373 70930 249 64632
38128 265 69931 147 17373 373 70930 342 64632
38128 265 60841 277 29427 277 18173 85 64632
38128 265 60841 277 29427 277 18173 374 64632
38128 104 69092 75 14614 91 70680 85 64632
38128 104 69092 75 14614 91 70680 374 64632
38128 104 69092 75 22668 91 18901 85 64632
38128 104 69092 75 22668 91 18901 374 64632
38128 104 69092 75 22668 91 54606 85 64632
38128 104 69092 75 22668 91 54606 374 64632
38128 104 69092 75 22668 91 12688 85 64632
38128 104 69092 75 22668 91 37952 85 64632
38128 104 69092 294 64701 5 64116 374 64632
38128 104 69092 294 19933 383 70430 342 64632
38128 104 69092 252 9510 114 43706 101 64632
38128 104 69092 252 9510 114 43706 303 64632
38128 104 69092 252 9510 114 43706 342 64632
38128 15 63319 15 44022 85 20225 116 31606 23 64632
38128 15 63319 15 1293 85 11175 214 45945 158 64632
38128 15 63319 15 65877 15 11701 213 46347 158 64632
38128 15 63319 15 65877 85 20622 214 32093 158 64632
38128 15 70550 332 29052 31 25182 114 39719 342 64632
38128 15 70550 256 48065 379 34828 88 40458 374 64632
38128 15 28376 356 18597 256 58998 254 5294 101 64632
38128 15 28376 356 18597 256 58998 254 5294 303 64632
38128 15 28376 356 18597 256 58998 254 5294 249 64632
38128 15 28376 356 18597 256 58998 254 5294 342 64632
38128 300 62434 211 21109 155 61756 114 73756 101 64632
38128 217 9911 111 9976 15 12182 358 74933 303 64632
38128 217 9911 111 9976 15 12182 358 74933 342 64632
38128 85 17058 191 14651 398 57991 358 29651 342 64632
38128 85 17058 214 61779 158 32671 214 74648 158 64632
38128 265 69931 20 67033 272 7272 315 68986 374 64632
38128 104 69092 277 21752 126 72465 213 63008 158 64632
38128 300 62434 211 21109 155 49997 256 55539 254 46806 342 64632
38128 300 62434 211 21109 155 49997 256 55539 254 46806 101 64632
38128 300 62434 211 21109 155 49997 256 55539 254 46806 303 64632
38128 217 9911 82 2759 122 2962 256 3582 254 5846 342 64632
38128 80 38944 8 65445 377 10911 238 58593 114 9068 101 64632
38128 80 38944 8 65445 377 10911 238 58593 114 9068 303 64632
38128 80 38944 8 65445 377 10911 238 58593 114 9068 342 64632
38128 85 17058 214 10558 158 54434 118 13313 329 75183 303 64632
38128 85 17058 214 10558 158 54434 118 13313 329 75183 342 64632
38128 265 69931 147 17373 164 8778 398 47659 358 61239 303 64632
38128 265 69931 147 17373 164 8778 398 47659 358 61239 342 64632
