23142 105 56638
23142 101 56638
23142 172 56638
23142 105 62223 163 56638
23142 105 62223 275 56638
23142 105 62223 96 56638
23142 105 25762 96 56638
23142 105 25762 163 56638
23142 105 25762 275 56638
23142 300 13797 211 56638
23142 300 59812 110 56638
23142 393 67410 392 56638
23142 356 25720 295 56638
23142 105 62223 163 9271 96 56638
23142 105 62223 163 9271 275 56638
23142 105 62223 163 66781 96 56638
23142 105 62223 275 5011 96 56638
23142 105 62223 275 5011 275 56638
23142 105 62223 275 5772 96 56638
23142 105 62223 275 5772 163 56638
23142 105 62223 275 5772 275 56638
23142 105 62223 275 53175 275 56638
23142 105 62223 275 19732 96 56638
23142 105 62223 275 19732 275 56638
23142 105 62223 275 48204 96 56638
23142 105 62223 275 48204 275 56638
23142 105 62223 275 63705 96 56638
23142 105 62223 275 63705 163 56638
23142 105 62223 275 63705 275 56638
23142 105 62223 275 22834 96 56638
23142 105 62223 275 22834 275 56638
23142 105 62223 275 36138 96 56638
23142 105 62223 275 36138 163 56638
23142 105 62223 275 36138 275 56638
23142 105 62223 275 28435 275 56638
23142 105 62223 275 71406 96 56638
23142 105 62223 275 71406 163 56638
23142 105 62223 275 71406 275 56638
23142 105 62223 275 66372 96 56638
23142 105 62223 275 66372 163 56638
23142 105 62223 275 66372 275 56638
23142 105 62223 275 65592 96 56638
23142 105 62223 275 65592 275 56638
23142 105 62223 275 45887 96 56638
23142 105 62223 275 45887 275 56638
23142 105 62223 275 66729 275 56638
23142 105 62223 275 27732 96 56638
23142 105 62223 275 27732 275 56638
23142 105 62223 275 18204 96 56638
23142 105 62223 275 18204 275 56638
23142 105 62223 275 60255 96 56638
23142 105 62223 275 60255 275 56638
23142 105 62223 275 8678 96 56638
23142 105 62223 275 8678 275 56638
23142 105 62223 275 11583 96 56638
23142 105 62223 275 11583 275 56638
23142 105 62223 275 72579 96 56638
23142 105 62223 275 72579 275 56638
23142 105 62223 275 51176 96 56638
23142 105 62223 275 51176 275 56638
23142 105 62223 275 24639 96 56638
23142 105 62223 275 42192 96 56638
23142 105 62223 275 42192 275 56638
23142 105 62223 275 75078 96 56638
23142 105 62223 275 75078 275 56638
23142 105 62223 224 41183 190 56638
23142 105 62223 224 62938 190 56638
23142 105 62223 96 67459 96 56638
23142 105 62223 96 67459 275 56638
23142 105 62223 38 50253 110 56638
23142 105 62223 38 11636 110 56638
23142 105 62223 38 10787 110 56638
23142 105 62223 38 51403 110 56638
23142 105 62223 38 5604 110 56638
23142 105 25762 172 8623 101 56638
23142 105 25762 96 25592 275 56638
23142 105 25762 96 25592 96 56638
23142 105 25762 96 20410 96 56638
23142 105 25762 96 20410 275 56638
23142 105 25762 96 24713 96 56638
23142 105 25762 96 24713 275 56638
23142 105 25762 96 52597 275 56638
23142 105 25762 96 52597 96 56638
23142 105 25762 96 15812 96 56638
23142 105 25762 96 59389 96 56638
23142 105 25762 96 59389 275 56638
23142 105 25762 275 20423 96 56638
23142 105 25762 63 70997 278 56638
23142 105 25762 224 57536 190 56638
23142 300 13797 211 63340 275 56638
23142 300 13797 211 63340 96 56638
23142 300 13797 211 12678 96 56638
23142 300 13797 211 12678 275 56638
23142 300 13797 211 39269 96 56638
23142 300 13797 211 39269 275 56638
23142 300 13797 211 54557 96 56638
23142 300 59812 110 52496 96 56638
23142 300 59812 110 16987 96 56638
23142 300 59812 110 16987 275 56638
23142 300 59812 110 25815 96 56638
23142 300 59812 110 25815 275 56638
23142 356 25720 333 57224 226 56638
23142 356 25720 333 25431 254 56638
23142 356 25720 333 25431 141 56638
23142 356 25720 333 52117 233 56638
23142 356 25720 333 52117 226 56638
23142 105 62223 275 50790 224 35968 190 56638
23142 105 62223 275 5011 82 18017 122 56638
23142 105 62223 275 5772 275 15155 275 56638
23142 105 62223 275 5772 275 15155 96 56638
23142 105 62223 275 71406 96 46217 275 56638
23142 105 62223 275 71406 96 46217 96 56638
23142 105 62223 275 11583 38 25572 110 56638
23142 105 62223 275 63542 385 51573 141 56638
23142 105 62223 275 63542 385 51573 254 56638
23142 105 62223 275 63542 224 26807 190 56638
23142 105 62223 82 11544 122 23605 275 56638
23142 105 62223 38 50253 110 26099 96 56638
23142 105 62223 38 50253 110 26099 275 56638
23142 105 62223 38 50253 110 39884 275 56638
23142 105 62223 38 50253 110 7510 96 56638
23142 105 62223 38 50253 110 7510 275 56638
23142 300 13797 211 37022 96 49856 96 56638
23142 300 13797 211 37022 96 49856 275 56638
