10831 300 38807
10831 105 52734 172 30973 300 38807
10831 105 52734 172 44084 300 38807
10831 105 52734 172 29426 300 38807
10831 105 52734 172 16957 300 38807
10831 105 52734 105 28376 300 38807
10831 105 52734 105 14740 300 38807
10831 105 52734 105 9561 300 38807
10831 105 52734 105 58806 300 38807
10831 105 52734 105 32357 300 38807
10831 143 69742 113 29285 300 38807
10831 143 69742 113 18267 300 38807
10831 143 69742 113 17390 300 38807
10831 300 62434 211 9409 300 38807
10831 300 62434 211 65931 300 38807
10831 300 62434 211 34555 300 38807
10831 300 62434 211 3650 124 48984 300 38807
10831 373 63489 332 29052 31 2263 300 38807
