16735 300 59812
16735 369 33054 277 19642 300 59812
16735 369 33054 277 33922 300 59812
16735 369 33054 277 6905 300 59812
16735 369 33054 277 30490 300 59812
16735 369 33054 277 9110 300 59812
16735 369 33054 277 55801 300 59812
16735 369 33054 277 21891 300 59812
16735 369 33054 277 25941 300 59812
16735 369 33054 277 12706 300 59812
16735 369 33054 277 51467 300 59812
16735 369 33054 277 24856 300 59812
16735 369 33054 277 9025 300 59812
16735 369 33054 277 40730 300 59812
16735 369 33054 277 46626 300 59812
16735 369 33054 277 27332 300 59812
16735 369 33054 277 60751 300 59812
16735 369 33054 277 66019 300 59812
16735 369 33054 277 31312 300 59812
16735 369 33054 277 15271 300 59812
16735 369 33054 277 18362 300 59812
16735 369 33054 277 6534 300 59812
16735 369 33054 277 1771 300 59812
16735 369 33054 277 20410 38 59812
16735 369 33054 277 30918 340 59812
16735 369 33054 277 22834 38 59812
16735 369 33054 277 54557 38 59812
16735 369 33054 277 20385 38 59812
16735 369 33054 277 25762 38 59812
16735 369 33054 277 3276 300 59812
16735 369 33054 277 11049 300 59812
16735 369 33054 277 11053 300 59812
16735 369 33054 277 28226 300 59812
16735 369 33054 252 5256 300 59812
16735 369 33054 252 45079 300 59812
16735 369 33054 252 37646 300 59812
16735 369 33054 252 53302 300 59812
16735 369 33054 252 66551 300 59812
16735 369 33054 32 70550 300 59812
16735 369 33054 32 50078 300 59812
16735 369 33054 32 731 300 59812
16735 369 33054 32 31636 300 59812
16735 369 33054 32 54811 300 59812
16735 369 33054 32 35180 300 59812
16735 369 33054 32 23607 300 59812
16735 369 33054 32 50528 300 59812
16735 369 33054 32 14858 300 59812
16735 369 33054 32 18999 300 59812
16735 369 33054 32 58806 300 59812
16735 369 33054 32 32357 300 59812
16735 369 33054 32 37673 300 59812
16735 369 33054 277 21115 369 53751 300 59812
16735 369 33054 277 8623 105 67459 38 59812
16735 369 33054 277 8623 101 56638 38 59812
16735 369 33054 277 44613 359 39896 300 59812
16735 369 33054 277 19162 359 54498 300 59812
16735 369 33054 277 69841 114 7253 300 59812
16735 369 33054 277 69841 114 64073 300 59812
16735 369 33054 277 25328 277 17624 300 59812
16735 369 33054 277 67332 241 16633 300 59812
16735 369 33054 277 27332 172 57577 300 59812
16735 369 33054 277 27332 172 65339 300 59812
16735 369 33054 277 27332 172 22748 300 59812
16735 369 33054 277 27332 172 70339 300 59812
16735 369 33054 277 27332 172 33888 38 59812
16735 369 33054 277 27332 105 72019 300 59812
16735 369 33054 277 75247 211 44084 300 59812
16735 369 33054 277 21109 155 20794 300 59812
16735 369 33054 277 21109 155 65235 300 59812
16735 369 33054 277 21109 155 51363 300 59812
16735 369 33054 277 21109 155 47635 300 59812
16735 369 33054 277 21109 155 43304 300 59812
16735 369 33054 277 21109 155 17121 300 59812
16735 369 33054 277 21109 155 51574 300 59812
16735 369 33054 277 21109 155 24097 300 59812
16735 369 33054 277 21109 155 70102 300 59812
16735 369 33054 277 49084 6 48506 300 59812
16735 369 33054 277 60841 64 9678 300 59812
16735 369 33054 277 59050 275 25815 38 59812
16735 369 33054 277 20410 96 48258 38 59812
16735 369 33054 277 20410 96 74047 38 59812
16735 369 33054 277 20410 96 45948 38 59812
16735 369 33054 277 20410 96 39807 38 59812
16735 369 33054 277 20410 96 61002 38 59812
16735 369 33054 277 20410 96 32662 38 59812
16735 369 33054 277 20410 96 66372 38 59812
16735 369 33054 277 20410 96 20716 38 59812
16735 369 33054 277 20410 96 74877 38 59812
16735 369 33054 277 20410 96 53190 38 59812
16735 369 33054 277 20410 96 11206 38 59812
16735 369 33054 277 20410 96 38302 38 59812
16735 369 33054 277 20410 96 19984 38 59812
16735 369 33054 277 20410 96 25313 38 59812
16735 369 33054 277 20410 96 68761 38 59812
16735 369 33054 277 20410 96 71211 38 59812
16735 369 33054 277 20410 96 18698 38 59812
16735 369 33054 277 20410 96 1495 38 59812
16735 369 33054 277 20410 96 43634 38 59812
16735 369 33054 277 20410 275 6013 38 59812
16735 369 33054 277 20410 275 5011 38 59812
16735 369 33054 277 20410 275 8754 38 59812
16735 369 33054 277 20410 275 66203 38 59812
16735 369 33054 277 20410 275 55088 38 59812
16735 369 33054 277 20410 275 50318 38 59812
16735 369 33054 277 20410 275 74231 38 59812
16735 369 33054 277 20410 275 19994 38 59812
16735 369 33054 277 20410 275 12561 38 59812
16735 369 33054 277 20410 275 20298 38 59812
16735 369 33054 277 20410 275 36304 38 59812
16735 369 33054 277 20410 275 4269 38 59812
16735 369 33054 277 30918 172 26873 300 59812
16735 369 33054 277 30918 96 1140 38 59812
16735 369 33054 277 30918 96 33830 38 59812
16735 369 33054 277 30918 96 51302 38 59812
16735 369 33054 277 30918 96 69649 38 59812
16735 369 33054 277 30918 96 301 38 59812
16735 369 33054 277 30918 96 20916 38 59812
16735 369 33054 277 30918 96 63259 38 59812
16735 369 33054 277 30918 96 15812 38 59812
16735 369 33054 277 30918 96 63738 38 59812
16735 369 33054 277 30918 96 30028 38 59812
16735 369 33054 277 30918 96 65245 38 59812
16735 369 33054 277 30918 96 70088 38 59812
16735 369 33054 277 30918 275 8365 38 59812
16735 369 33054 277 46241 96 75078 38 59812
16735 369 33054 277 46241 96 50248 38 59812
16735 369 33054 277 46241 96 63849 38 59812
16735 369 33054 277 46241 96 27034 38 59812
16735 369 33054 277 46241 96 70064 38 59812
16735 369 33054 277 46241 96 52957 38 59812
16735 369 33054 277 46241 96 49242 38 59812
16735 369 33054 277 46241 275 40360 38 59812
16735 369 33054 277 22834 96 62223 38 59812
16735 369 33054 277 22834 96 8678 38 59812
16735 369 33054 277 22834 275 71406 38 59812
16735 369 33054 277 54557 96 3606 38 59812
16735 369 33054 277 54557 96 57805 38 59812
16735 369 33054 277 54557 96 39269 38 59812
16735 369 33054 277 54557 96 26560 38 59812
16735 369 33054 277 54557 96 56501 38 59812
16735 369 33054 277 54557 275 49559 38 59812
16735 369 33054 277 54557 275 5890 38 59812
16735 369 33054 277 54557 275 1436 38 59812
16735 369 33054 277 20385 96 28435 38 59812
16735 369 33054 277 25762 172 23142 300 59812
16735 369 33054 277 25762 96 43732 38 59812
16735 369 33054 277 21202 172 31597 300 59812
16735 369 33054 252 68135 32 57760 300 59812
16735 369 33054 252 41154 277 47616 300 59812
16735 369 33054 252 17726 358 20094 38 59812
16735 369 33054 252 40309 31 24988 300 59812
16735 369 33054 252 40309 31 44074 300 59812
16735 369 33054 252 68339 31 51172 300 59812
16735 369 33054 252 68339 205 45407 300 59812
16735 369 33054 252 65861 31 14740 300 59812
16735 369 33054 252 65861 31 17692 300 59812
16735 369 33054 252 1929 211 64545 300 59812
16735 369 33054 332 29052 31 2263 300 59812
16735 369 33054 32 58806 147 68441 300 59812
16735 369 33054 32 38944 315 11756 300 59812
16735 369 33054 151 62434 211 44667 300 59812
16735 369 33054 151 62434 211 58723 300 59812
16735 369 33054 151 62434 211 67870 300 59812
16735 369 33054 151 62434 211 36805 300 59812
16735 369 33054 151 62434 211 63713 300 59812
16735 369 33054 151 62434 211 61794 300 59812
16735 369 33054 151 62434 211 56111 300 59812
16735 369 33054 151 62434 211 22947 300 59812
16735 369 33054 151 62434 211 20610 300 59812
16735 369 33054 151 62434 211 5590 300 59812
16735 369 33054 151 62434 211 2610 300 59812
16735 369 33054 151 62434 211 73617 300 59812
16735 369 33054 151 62434 211 44741 300 59812
16735 369 33054 151 62434 211 59822 300 59812
16735 369 33054 151 62434 211 2956 300 59812
16735 369 33054 151 62434 211 67050 300 59812
16735 369 33054 151 62434 211 10842 300 59812
16735 369 33054 151 62434 211 13918 300 59812
16735 369 33054 369 27162 32 71749 300 59812
16735 369 33054 277 71316 383 69092 294 74978 300 59812
16735 369 33054 277 71316 383 69092 294 6947 300 59812
16735 369 33054 277 71316 383 69092 294 11017 300 59812
16735 369 33054 277 71316 383 69092 277 29779 38 59812
16735 369 33054 277 34575 332 65853 31 11949 38 59812
16735 369 33054 277 34575 332 23453 31 36050 300 59812
16735 369 33054 277 34575 332 29065 31 23457 300 59812
16735 369 33054 277 86 332 29064 31 23494 300 59812
16735 369 33054 277 74956 252 73592 277 43173 300 59812
16735 369 33054 277 74956 252 73592 277 66085 300 59812
16735 369 33054 277 68356 332 74810 205 6196 300 59812
16735 369 33054 277 19642 256 54168 254 30884 300 59812
16735 369 33054 277 19642 256 54168 254 43754 300 59812
16735 369 33054 277 33922 143 37487 113 51021 300 59812
16735 369 33054 277 33922 143 37487 113 18888 300 59812
16735 369 33054 277 33922 300 62033 211 50933 300 59812
16735 369 33054 277 6905 332 7925 205 52869 300 59812
16735 369 33054 277 6905 332 74261 31 43962 300 59812
16735 369 33054 277 66245 385 38128 15 11658 300 59812
16735 369 33054 277 66245 385 38128 130 10306 300 59812
16735 369 33054 277 66245 143 69742 113 17311 300 59812
16735 369 33054 277 66245 143 69742 113 13781 300 59812
16735 369 33054 277 66245 143 69742 113 36376 300 59812
16735 369 33054 277 66245 143 69742 113 61413 300 59812
16735 369 33054 277 30490 102 46685 359 74546 300 59812
16735 369 33054 277 2313 32 19933 242 69865 300 59812
16735 369 33054 277 8623 105 67459 96 60279 38 59812
16735 369 33054 277 8623 105 67459 275 68187 38 59812
16735 369 33054 277 8623 105 67459 275 36622 38 59812
16735 369 33054 277 8623 105 67459 275 64063 38 59812
16735 369 33054 277 8623 101 56638 96 63340 38 59812
16735 369 33054 277 8623 101 56638 96 16987 38 59812
16735 369 33054 277 8623 101 56638 275 52496 38 59812
16735 369 33054 277 8623 393 67410 392 40004 38 59812
16735 369 33054 277 8623 393 67410 392 12123 38 59812
16735 369 33054 277 8623 393 67410 392 18281 38 59812
16735 369 33054 277 8623 393 67410 392 40554 300 59812
16735 369 33054 277 23798 277 24916 96 30172 38 59812
16735 369 33054 277 19143 83 3650 124 37073 300 59812
16735 369 33054 277 63780 300 5604 211 4368 300 59812
16735 369 33054 277 63780 300 5604 110 43610 38 59812
16735 369 33054 277 63780 300 5604 110 36623 38 59812
16735 369 33054 277 63780 300 5604 110 67507 38 59812
16735 369 33054 277 63780 300 5604 110 70894 38 59812
16735 369 33054 277 63780 300 5604 110 19365 38 59812
16735 369 33054 277 63780 300 5604 110 5494 38 59812
16735 369 33054 277 63780 300 5604 110 12859 38 59812
16735 369 33054 277 63780 300 5604 110 34361 38 59812
16735 369 33054 277 63780 300 5604 110 70392 38 59812
16735 369 33054 277 63780 300 5604 110 18671 38 59812
16735 369 33054 277 63780 300 5604 110 3642 38 59812
16735 369 33054 277 63780 300 5604 360 23955 38 59812
16735 369 33054 277 1444 383 42634 75 36604 300 59812
16735 369 33054 277 1444 396 54516 35 43523 300 59812
16735 369 33054 277 69510 172 52734 172 52081 300 59812
16735 369 33054 277 69510 172 52734 172 71878 300 59812
16735 369 33054 277 69510 172 52734 172 59779 300 59812
16735 369 33054 277 69510 172 52734 105 37256 300 59812
16735 369 33054 277 34792 213 58833 121 25916 300 59812
16735 369 33054 277 34792 213 58833 121 42760 300 59812
16735 369 33054 277 25328 356 51755 373 66837 300 59812
16735 369 33054 277 48177 382 42248 6 45149 300 59812
16735 369 33054 277 67332 172 74099 109 63168 300 59812
16735 369 33054 277 67332 172 74099 98 66182 300 59812
16735 369 33054 277 67332 311 39456 380 36020 300 59812
16735 369 33054 277 60779 28 30215 114 59753 300 59812
16735 369 33054 277 43545 300 13797 211 44549 300 59812
16735 369 33054 277 43545 300 13797 211 46556 300 59812
16735 369 33054 277 43545 300 13797 211 68431 38 59812
16735 369 33054 277 43545 300 13797 211 10891 38 59812
16735 369 33054 277 43545 300 13797 211 29916 38 59812
16735 369 33054 277 43545 300 13797 211 39847 38 59812
16735 369 33054 277 43545 300 13797 211 66968 38 59812
16735 369 33054 277 50475 300 60374 211 73899 300 59812
16735 369 33054 277 50475 300 60374 211 31171 300 59812
16735 369 33054 277 27332 147 14472 164 61154 300 59812
16735 369 33054 277 27332 147 14472 164 40762 300 59812
16735 369 33054 277 27332 147 14472 164 11326 300 59812
16735 369 33054 277 27332 147 14472 164 49184 300 59812
16735 369 33054 277 27332 147 14472 164 18801 300 59812
16735 369 33054 277 27332 147 14472 164 6007 300 59812
16735 369 33054 277 27332 147 14472 164 59149 300 59812
16735 369 33054 277 27332 147 14472 164 73214 300 59812
16735 369 33054 277 27332 147 14472 28 59874 300 59812
16735 369 33054 277 27332 147 14472 295 27735 38 59812
16735 369 33054 277 27332 147 14472 295 63793 38 59812
16735 369 33054 277 27332 147 14472 382 55723 300 59812
16735 369 33054 277 27332 300 50253 110 1198 38 59812
16735 369 33054 277 27332 300 50253 110 38340 38 59812
16735 369 33054 277 27332 300 50253 110 39927 38 59812
16735 369 33054 277 27332 300 50253 110 34343 38 59812
16735 369 33054 277 27332 300 50253 110 47224 38 59812
16735 369 33054 277 27332 300 50253 110 9277 38 59812
16735 369 33054 277 21109 155 27894 75 12041 300 59812
16735 369 33054 277 12956 285 18017 122 17689 38 59812
16735 369 33054 277 20410 224 4081 376 168 300 59812
16735 369 33054 277 46241 38 35791 211 53330 300 59812
16735 369 33054 277 46241 38 35791 211 14785 300 59812
16735 369 33054 277 46241 38 35791 211 43016 300 59812
16735 369 33054 277 46241 38 35791 211 61194 300 59812
16735 369 33054 277 46241 38 35791 211 42842 300 59812
16735 369 33054 277 46241 38 35791 211 74316 300 59812
16735 369 33054 32 65545 294 4279 114 60620 300 59812
16735 369 33054 32 58806 34 180 278 70896 38 59812
16735 369 33054 369 27162 32 4743 114 73412 300 59812
16735 369 33054 277 34575 332 23453 31 24071 278 65959 38 59812
16735 369 33054 277 11637 297 61222 20 27580 373 56001 300 59812
16735 369 33054 277 10514 369 73831 252 61354 131 1919 300 59812
16735 369 33054 277 67332 350 15401 98 15395 204 60959 300 59812
16735 369 33054 277 70441 44 9086 355 5320 121 70331 300 59812
16735 369 33054 277 60841 242 33554 266 26928 113 16527 300 59812
16735 369 33054 252 65857 31 23479 334 35074 217 3584 300 59812
16735 369 33054 332 29052 31 6576 358 6060 28 61727 300 59812
16735 369 33054 32 38944 315 15964 194 75380 162 56228 300 59812
16735 369 33054 151 62434 211 66979 42 28025 27 60824 300 59812
