23142 300 13797
23142 105 62223 300 13797
23142 105 56638 300 13797
23142 105 25762 300 13797
23142 105 13855 300 13797
23142 105 62223 163 9271 300 13797
23142 105 62223 163 66781 300 13797
23142 105 62223 275 50790 300 13797
23142 105 62223 275 5011 300 13797
23142 105 62223 275 63705 300 13797
23142 105 62223 275 22834 300 13797
23142 105 62223 275 71406 300 13797
23142 105 62223 275 66372 300 13797
23142 105 62223 275 12186 300 13797
23142 105 62223 275 54881 300 13797
23142 105 62223 275 65592 300 13797
23142 105 62223 275 45887 300 13797
23142 105 62223 275 66729 300 13797
23142 105 62223 275 27732 300 13797
23142 105 62223 275 13658 300 13797
23142 105 62223 275 18204 300 13797
23142 105 62223 275 60255 300 13797
23142 105 62223 275 75078 300 13797
23142 105 56638 96 63340 300 13797
23142 105 56638 96 24713 300 13797
23142 105 56638 96 12678 300 13797
23142 105 56638 96 39269 300 13797
23142 105 56638 275 54557 300 13797
23142 105 25762 172 19813 300 13797
23142 105 25762 172 1167 300 13797
23142 105 25762 96 32662 300 13797
23142 105 25762 96 8365 300 13797
23142 105 25762 96 30028 300 13797
23142 105 25762 96 11206 300 13797
23142 105 25762 96 70710 300 13797
23142 105 25762 96 38302 300 13797
23142 105 25762 105 43545 300 13797
23142 300 59812 211 22748 300 13797
23142 300 59812 211 44549 300 13797
23142 300 59812 211 2610 300 13797
23142 300 59812 211 43173 300 13797
23142 300 59812 211 46556 300 13797
23142 300 59812 110 5494 300 13797
23142 300 59812 110 23955 300 13797
23142 300 59812 110 63849 300 13797
23142 300 59812 110 29916 300 13797
23142 300 59812 110 36623 300 13797
23142 300 59812 110 39847 300 13797
23142 300 59812 110 10891 300 13797
23142 300 59812 110 27034 300 13797
23142 300 59812 110 30172 300 13797
23142 300 59812 110 19365 300 13797
23142 300 59812 110 66968 300 13797
23142 300 59812 110 20094 300 13797
23142 300 59812 110 68431 300 13797
23142 300 59812 110 26560 300 13797
23142 300 59812 110 70392 300 13797
23142 300 59812 110 3606 300 13797
23142 300 59812 110 40360 300 13797
23142 300 59812 110 48258 300 13797
23142 393 67410 392 7232 300 13797
23142 393 67410 392 46241 300 13797
23142 356 25720 164 14097 300 13797
23142 356 25720 164 16402 300 13797
23142 356 25720 164 26594 300 13797
23142 105 62223 275 28435 96 55145 300 13797
23142 105 62223 96 18698 96 37022 300 13797
23142 105 62223 38 50253 110 72603 300 13797
23142 105 62223 38 50253 110 50917 300 13797
23142 105 62223 38 50253 110 41472 300 13797
23142 105 62223 38 50253 110 23043 300 13797
23142 105 62223 38 50253 110 23894 300 13797
23142 300 59812 211 3276 75 56262 300 13797
23142 300 59812 110 63849 105 27688 300 13797
23142 105 62223 275 53175 300 62434 211 9942 300 13797
23142 105 25762 96 70710 385 9346 254 30390 300 13797
23142 300 59812 211 14858 383 30762 114 66278 300 13797
23142 300 59812 110 36623 256 11230 254 26481 300 13797
