27901 300 66239
27901 297 61222 142 69820 379 66239
27901 297 61222 142 35110 379 66239
27901 297 61222 142 36992 379 66239
27901 297 61222 142 65618 379 66239
27901 297 61222 142 3193 379 66239
27901 297 61222 231 64590 300 66239
27901 297 61222 231 22800 300 66239
27901 297 61222 231 71881 300 66239
27901 297 61222 231 1444 300 66239
27901 297 61222 231 26159 300 66239
27901 297 61222 231 67791 300 66239
27901 297 61222 231 59259 300 66239
27901 297 61222 231 33744 300 66239
27901 297 61222 231 75205 300 66239
27901 297 61222 231 31910 300 66239
27901 297 61222 231 72079 300 66239
27901 297 61222 231 9015 300 66239
27901 297 61222 231 47724 300 66239
27901 297 61222 231 63530 300 66239
27901 297 61222 231 63964 300 66239
27901 297 61222 231 67997 300 66239
27901 297 61222 231 2060 300 66239
27901 297 61222 231 1600 300 66239
27901 297 61222 52 15756 300 66239
27901 175 5601 160 38348 300 66239
27901 175 5601 160 24058 300 66239
27901 297 61222 383 69092 114 60924 300 66239
27901 297 61222 383 69092 294 284 300 66239
27901 297 61222 383 69092 294 19215 300 66239
27901 297 61222 383 69092 294 42166 300 66239
27901 297 61222 383 69092 294 18100 300 66239
27901 297 61222 383 69092 294 53598 300 66239
27901 297 61222 383 69092 277 25233 300 66239
27901 297 61222 383 71850 142 8487 379 66239
27901 297 61222 142 69820 257 70739 379 66239
27901 297 61222 142 55597 270 36227 379 66239
27901 297 61222 142 58242 270 24437 379 66239
27901 297 61222 142 65618 270 62552 379 66239
27901 297 61222 142 65618 270 57604 379 66239
27901 297 61222 142 65618 270 13449 379 66239
27901 297 61222 142 39737 15 57936 300 66239
27901 297 61222 142 3193 15 33377 379 66239
27901 297 61222 231 42770 60 47824 379 66239
27901 297 61222 231 59413 282 12741 300 66239
27901 297 61222 231 59413 282 73969 300 66239
27901 297 61222 231 62962 356 18597 300 66239
27901 297 61222 231 1444 114 27376 300 66239
27901 297 61222 231 20689 356 46549 300 66239
27901 297 61222 231 29427 369 37302 300 66239
27901 297 61222 231 17630 256 40335 379 66239
27901 297 61222 231 39260 103 33697 300 66239
27901 297 61222 231 11708 123 5496 379 66239
27901 297 61222 231 33744 123 60511 379 66239
27901 297 61222 231 73103 240 27205 300 66239
27901 297 61222 231 17020 398 4070 379 66239
27901 297 61222 231 17020 398 71334 379 66239
27901 297 61222 52 15756 364 37744 300 66239
27901 297 61222 383 69092 75 38944 315 20839 379 66239
27901 297 61222 383 69092 75 38944 315 6422 379 66239
27901 297 61222 383 69092 75 38944 315 70652 379 66239
27901 297 61222 383 69092 32 57047 364 3394 300 66239
27901 297 61222 383 69092 294 60885 359 3710 300 66239
27901 297 61222 383 69092 151 10045 31 32723 300 66239
27901 297 61222 383 69092 151 10045 31 36689 300 66239
27901 297 61222 383 69092 151 32380 31 71525 300 66239
27901 297 61222 383 69092 277 29065 31 47566 300 66239
27901 297 61222 383 69092 277 29064 31 42505 300 66239
27901 297 61222 383 69092 277 29064 31 40002 300 66239
27901 297 61222 383 69092 277 65855 31 46350 300 66239
27901 297 61222 383 71850 256 54168 254 31989 300 66239
27901 297 61222 383 71850 256 54168 254 67094 300 66239
27901 297 61222 142 17285 292 52898 338 8078 379 66239
27901 297 61222 142 17285 292 52898 334 67892 379 66239
27901 297 61222 142 69820 15 44125 15 34418 379 66239
27901 297 61222 142 69820 379 61696 88 6330 379 66239
27901 297 61222 142 69820 379 61696 88 36941 379 66239
27901 297 61222 142 69820 379 61696 88 38265 379 66239
27901 297 61222 142 69820 179 59220 5 50323 379 66239
27901 297 61222 142 69820 179 59220 164 20626 300 66239
27901 297 61222 142 65618 379 55212 211 27327 300 66239
27901 297 61222 142 65618 379 55212 211 14010 300 66239
27901 297 61222 142 65618 379 34828 88 15033 379 66239
27901 297 61222 231 42726 300 62434 211 19219 300 66239
27901 297 61222 231 42726 300 62434 211 26537 300 66239
27901 297 61222 231 42726 300 62434 211 28617 300 66239
27901 297 61222 231 42726 300 62434 211 60391 300 66239
27901 297 61222 231 42726 300 62434 211 31333 300 66239
27901 297 61222 231 42726 300 62434 211 27388 300 66239
27901 297 61222 231 42726 300 62434 211 49910 300 66239
27901 297 61222 231 42726 300 62434 211 55908 300 66239
27901 297 61222 231 42726 300 62434 211 3447 300 66239
27901 297 61222 231 42726 300 62434 211 19210 300 66239
27901 297 61222 231 42726 300 62434 211 8145 300 66239
27901 297 61222 231 42726 300 62434 211 32709 300 66239
27901 297 61222 231 42726 300 62434 211 53848 300 66239
27901 297 61222 231 42726 300 62434 211 48374 300 66239
27901 297 61222 231 42726 300 62434 211 50085 300 66239
27901 297 61222 231 42726 300 62434 211 66459 300 66239
27901 297 61222 231 62962 356 18597 164 73635 300 66239
27901 297 61222 231 26159 300 65810 211 72578 300 66239
27901 297 61222 231 26159 300 65810 211 42564 300 66239
27901 297 61222 231 26159 300 65810 211 59973 300 66239
27901 297 61222 231 26159 300 26313 211 56477 300 66239
27901 297 61222 231 26159 300 26313 211 45959 300 66239
27901 297 61222 231 4148 277 61357 204 15401 300 66239
27901 297 61222 231 67997 396 73009 35 40081 300 66239
