38348 300 66239
38348 300 62434 211 72079 300 66239
38348 300 62434 211 19219 300 66239
38348 300 62434 211 26537 300 66239
38348 300 62434 211 32723 300 66239
38348 300 62434 211 28617 300 66239
38348 300 62434 211 60391 300 66239
38348 300 62434 211 33697 300 66239
38348 300 62434 211 1444 300 66239
38348 300 62434 211 31333 300 66239
38348 300 62434 211 27388 300 66239
38348 300 62434 211 75205 300 66239
38348 300 62434 211 47566 300 66239
38348 300 62434 211 42166 300 66239
38348 300 62434 211 49910 300 66239
38348 300 62434 211 24058 300 66239
38348 300 62434 211 55908 300 66239
38348 300 62434 211 3447 300 66239
38348 300 62434 211 57936 300 66239
38348 300 62434 211 27376 300 66239
38348 300 62434 211 71525 300 66239
38348 300 62434 211 53598 300 66239
38348 300 62434 211 60924 300 66239
38348 300 62434 211 19210 300 66239
38348 300 62434 211 37302 300 66239
38348 300 62434 211 1600 300 66239
38348 300 62434 211 2060 300 66239
38348 300 62434 211 8145 300 66239
38348 300 62434 211 18597 300 66239
38348 300 62434 211 63964 300 66239
38348 300 62434 211 47724 300 66239
38348 300 62434 211 64590 300 66239
38348 300 62434 211 33744 300 66239
38348 300 62434 211 15756 300 66239
38348 300 62434 211 32709 300 66239
38348 300 62434 211 53848 300 66239
38348 300 62434 211 48374 300 66239
38348 300 62434 211 27327 300 66239
38348 300 62434 211 14010 300 66239
38348 300 62434 211 50085 300 66239
38348 300 62434 211 66459 300 66239
38348 300 62434 211 31910 300 66239
38348 300 62434 211 59259 300 66239
38348 300 62434 211 26159 300 66239
38348 300 74587 211 9015 300 66239
38348 300 74587 211 59973 300 66239
38348 300 26313 211 56477 300 66239
38348 300 26313 211 45959 300 66239
38348 300 26313 88 4070 379 66239
38348 300 55212 88 65618 379 66239
38348 300 65810 211 72578 300 66239
38348 300 65810 211 42564 300 66239
38348 175 5601 160 27901 300 66239
38348 300 62434 211 67908 172 22800 300 66239
38348 300 62434 211 17020 398 71334 379 66239
38348 300 62434 211 1444 222 33377 379 66239
38348 300 62434 211 1444 142 8487 379 66239
38348 300 62434 211 53751 255 12741 300 66239
38348 300 62434 211 24058 196 46549 300 66239
38348 300 62434 211 67332 350 15401 300 66239
38348 300 62434 211 21109 155 19215 300 66239
38348 300 62434 211 61434 356 37744 300 66239
38348 300 62434 211 61434 356 73969 300 66239
38348 300 62434 211 18597 164 36689 300 66239
38348 300 62434 211 18597 164 73635 300 66239
38348 300 62434 211 47724 115 71881 300 66239
38348 300 62434 211 33744 123 60511 379 66239
38348 300 62434 211 15756 364 67997 300 66239
38348 300 62434 211 17630 256 40335 379 66239
38348 300 55212 88 65618 270 69820 379 66239
38348 300 55212 88 65618 270 36227 379 66239
38348 300 55212 88 65618 270 62552 379 66239
38348 300 55212 88 65618 270 35110 379 66239
38348 300 55212 88 65618 270 70739 379 66239
38348 300 55212 88 65618 270 57604 379 66239
38348 300 55212 88 65618 270 36992 379 66239
38348 300 55212 88 65618 270 13449 379 66239
38348 300 55212 88 65618 270 3193 379 66239
38348 213 58833 121 72858 100 67791 300 66239
38348 213 58833 121 72858 100 27205 300 66239
38348 396 54516 35 19933 64 5496 379 66239
38348 196 53393 256 54168 254 46350 300 66239
38348 196 53393 256 54168 254 25233 300 66239
38348 196 53393 256 54168 254 40002 300 66239
38348 196 53393 256 54168 254 31989 300 66239
38348 196 53393 256 54168 254 67094 300 66239
38348 300 62434 211 72079 332 10045 31 3394 300 66239
38348 300 62434 211 72079 332 65855 31 42505 300 66239
38348 300 62434 211 72079 332 65857 31 63530 300 66239
38348 300 62434 211 72079 373 59220 5 50323 379 66239
38348 300 62434 211 72079 373 59220 5 20839 379 66239
38348 300 62434 211 72079 373 59220 5 34418 379 66239
38348 300 62434 211 72079 373 59220 164 20626 300 66239
38348 300 62434 211 72079 373 59220 361 24437 379 66239
38348 300 62434 211 72079 383 69092 294 284 300 66239
38348 300 62434 211 72079 383 69092 294 18100 300 66239
38348 300 62434 211 38128 15 22928 382 6422 379 66239
38348 300 62434 211 38128 80 38944 315 70652 379 66239
38348 300 62434 211 38128 379 1483 88 6330 379 66239
38348 300 62434 211 38128 379 1483 88 36941 379 66239
38348 300 62434 211 10831 143 69742 113 3710 300 66239
38348 300 62434 211 32723 332 68805 31 15033 379 66239
38348 300 62434 211 32131 126 42770 60 47824 379 66239
38348 300 62434 252 33054 277 52898 338 8078 379 66239
38348 300 62434 252 33054 277 52898 334 67892 379 66239
38348 300 55212 88 65618 379 61696 88 38265 379 66239
38348 300 62434 211 15756 364 67997 396 73009 35 40081 300 66239
