38348 300 26313
38348 300 62434 211 14691 300 26313
38348 300 62434 211 28617 300 26313
38348 300 62434 211 33697 300 26313
38348 300 62434 211 49910 300 26313
38348 300 62434 211 24058 300 26313
38348 300 62434 211 55908 300 26313
38348 300 62434 211 27376 300 26313
38348 300 62434 211 19210 300 26313
38348 300 62434 211 61774 300 26313
38348 300 62434 211 27327 300 26313
38348 300 62434 211 14010 300 26313
38348 300 62434 211 7316 300 26313
38348 300 62434 211 31910 300 26313
38348 300 62434 211 59259 300 26313
38348 300 62434 211 26159 300 26313
38348 300 74587 211 9015 300 26313
38348 300 74587 211 59973 300 26313
38348 300 66239 88 4070 379 26313
38348 300 66239 211 56477 300 26313
38348 300 66239 211 45959 300 26313
