4368 300 5604
4368 300 59812 211 70550 300 5604
4368 300 59812 211 37646 300 5604
4368 300 59812 211 32357 300 5604
4368 300 59812 211 73617 300 5604
4368 300 59812 211 59822 300 5604
4368 300 59812 211 67050 300 5604
4368 300 59812 110 43610 38 5604
4368 300 59812 110 18281 38 5604
4368 300 59812 110 5494 38 5604
4368 300 59812 110 60279 38 5604
4368 300 59812 110 52496 38 5604
4368 300 59812 110 54557 38 5604
4368 300 59812 110 23955 340 5604
4368 300 59812 110 57805 38 5604
4368 300 59812 110 18698 38 5604
4368 300 59812 110 33830 38 5604
4368 300 59812 110 36304 38 5604
4368 300 59812 110 18671 38 5604
4368 300 59812 110 52957 38 5604
4368 300 59812 110 53190 38 5604
4368 300 59812 110 22834 38 5604
4368 300 59812 110 5011 38 5604
4368 300 59812 110 56638 38 5604
4368 300 59812 110 36623 38 5604
4368 300 59812 110 11206 38 5604
4368 300 59812 110 1140 38 5604
4368 300 59812 110 8678 38 5604
4368 300 59812 110 34361 38 5604
4368 300 59812 110 27034 38 5604
4368 300 59812 110 30172 38 5604
4368 300 59812 110 62223 38 5604
4368 300 59812 110 19984 38 5604
4368 300 59812 110 1495 38 5604
4368 300 59812 110 67507 38 5604
4368 300 59812 110 32662 38 5604
4368 300 59812 110 19365 38 5604
4368 300 59812 110 20410 38 5604
4368 300 59812 110 55088 38 5604
4368 300 59812 110 20094 38 5604
4368 300 59812 110 38302 38 5604
4368 300 59812 110 70894 38 5604
4368 300 59812 110 74047 38 5604
4368 300 59812 110 39269 38 5604
4368 300 59812 110 26560 38 5604
4368 300 59812 110 16987 38 5604
4368 300 59812 110 45948 38 5604
4368 300 59812 110 12859 38 5604
4368 300 59812 110 15812 38 5604
4368 300 59812 110 75078 38 5604
4368 300 59812 110 70392 38 5604
4368 300 59812 110 3642 38 5604
4368 300 59812 110 66372 38 5604
4368 300 59812 110 51302 38 5604
4368 300 59812 110 70064 38 5604
4368 300 59812 110 61002 38 5604
4368 300 59812 110 25762 38 5604
4368 300 59812 110 25815 38 5604
4368 300 59812 110 40360 38 5604
4368 300 59812 110 71211 38 5604
4368 300 59812 110 48258 38 5604
4368 300 59812 110 39807 38 5604
4368 300 59812 110 33888 38 5604
4368 300 59812 110 29779 38 5604
4368 300 59812 360 30918 38 5604
4368 300 35791 332 23453 31 5604
4368 300 35791 332 29061 31 5604
4368 300 35791 110 23894 38 5604
4368 300 35791 110 53711 38 5604
4368 300 35791 110 7232 38 5604
4368 300 35791 110 69294 38 5604
4368 300 59812 211 45407 57 65855 31 5604
4368 300 59812 211 45407 57 65853 31 5604
4368 300 59812 211 45407 57 29052 31 5604
4368 300 59812 211 45407 57 29065 31 5604
4368 300 59812 211 43962 332 56027 31 5604
4368 300 59812 211 43962 332 759 31 5604
4368 300 59812 211 6905 332 65861 31 5604
4368 300 59812 211 6905 332 43192 31 5604
4368 300 59812 211 6905 332 66017 31 5604
4368 300 59812 211 6905 332 58045 31 5604
4368 300 59812 211 6905 332 68338 31 5604
4368 300 59812 211 6905 332 12340 31 5604
4368 300 59812 211 32357 332 35877 31 5604
4368 300 59812 211 14858 294 72636 300 5604
4368 300 59812 211 66837 96 18069 38 5604
4368 300 59812 110 52496 96 31974 38 5604
4368 300 59812 110 52496 275 11583 38 5604
4368 300 59812 110 23955 96 30733 38 5604
4368 300 59812 110 22834 96 13658 38 5604
4368 300 59812 110 22834 96 18204 38 5604
4368 300 59812 110 22834 96 42192 38 5604
4368 300 59812 110 22834 96 48204 38 5604
4368 300 59812 110 22834 96 66729 38 5604
4368 300 59812 110 22834 96 50790 38 5604
4368 300 59812 110 22834 96 66781 38 5604
4368 300 59812 110 22834 96 45887 38 5604
4368 300 59812 110 22834 96 27732 38 5604
4368 300 59812 110 30172 96 7748 38 5604
4368 300 35791 332 65857 31 13839 300 5604
4368 300 35791 332 65857 31 32937 300 5604
4368 300 59812 211 23142 300 13797 211 72603 38 5604
4368 300 59812 211 51021 143 37487 113 63780 300 5604
4368 300 59812 211 45407 57 29065 31 56563 300 5604
4368 300 59812 211 30490 383 69092 114 41494 38 5604
4368 300 59812 211 30490 383 69092 151 24535 38 5604
4368 300 59812 211 17624 356 62111 164 1335 300 5604
4368 300 59812 110 54557 38 11636 110 21124 38 5604
