4368 300 35791
4368 300 59812 211 53330 300 35791
4368 300 59812 211 17624 300 35791
4368 300 59812 211 70550 300 35791
4368 300 59812 211 53751 300 35791
4368 300 59812 211 14785 300 35791
4368 300 59812 211 43016 300 35791
4368 300 59812 211 61194 300 35791
4368 300 59812 211 42842 300 35791
4368 300 59812 211 59822 300 35791
4368 300 59812 211 18999 300 35791
4368 300 59812 211 74316 300 35791
4368 300 59812 110 43610 38 35791
4368 300 59812 110 18281 38 35791
4368 300 59812 110 5494 38 35791
4368 300 59812 110 54557 38 35791
4368 300 59812 110 23955 38 35791
4368 300 59812 110 63849 38 35791
4368 300 59812 110 20385 38 35791
4368 300 59812 110 57805 38 35791
4368 300 59812 110 1198 38 35791
4368 300 59812 110 52957 38 35791
4368 300 59812 110 36623 38 35791
4368 300 59812 110 39847 38 35791
4368 300 59812 110 28435 38 35791
4368 300 59812 110 34361 38 35791
4368 300 59812 110 27034 38 35791
4368 300 59812 110 30172 38 35791
4368 300 59812 110 67507 38 35791
4368 300 59812 110 19365 38 35791
4368 300 59812 110 56501 38 35791
4368 300 59812 110 11949 38 35791
4368 300 59812 110 20094 38 35791
4368 300 59812 110 70894 38 35791
4368 300 59812 110 50248 38 35791
4368 300 59812 110 9277 38 35791
4368 300 59812 110 39269 38 35791
4368 300 59812 110 39927 38 35791
4368 300 59812 110 26560 38 35791
4368 300 59812 110 16987 38 35791
4368 300 59812 110 12859 38 35791
4368 300 59812 110 75078 38 35791
4368 300 59812 110 70392 38 35791
4368 300 59812 110 3606 38 35791
4368 300 59812 110 3642 38 35791
4368 300 59812 110 70064 38 35791
4368 300 59812 110 40360 38 35791
4368 300 59812 110 49242 38 35791
4368 300 59812 110 29779 38 35791
4368 300 5604 332 23453 31 35791
4368 300 5604 332 29061 31 35791
4368 300 5604 110 53711 38 35791
4368 300 5604 110 23894 38 35791
4368 300 5604 110 7232 38 35791
4368 300 5604 110 69294 38 35791
4368 300 59812 211 45407 57 65857 31 35791
4368 300 59812 110 43610 96 59150 38 35791
4368 300 59812 110 43610 275 73018 340 35791
4368 300 59812 110 18281 96 60926 38 35791
4368 300 59812 110 18281 96 55145 38 35791
4368 300 59812 110 5494 96 41472 38 35791
4368 300 59812 110 54557 96 46241 38 35791
4368 300 59812 110 63849 105 27688 300 35791
4368 300 59812 110 52957 96 21840 38 35791
4368 300 59812 110 56638 275 24639 38 35791
4368 300 59812 110 28435 275 8724 38 35791
4368 300 59812 110 34361 275 39366 38 35791
4368 300 59812 110 19365 96 27812 38 35791
4368 300 59812 110 26560 96 38951 38 35791
4368 300 59812 110 70064 275 62051 38 35791
4368 300 59812 211 57577 393 67410 392 2316 38 35791
4368 300 59812 211 17624 356 62111 295 22138 38 35791
4368 300 59812 110 43610 82 2759 122 22490 38 35791
