43962 300 59812
43962 300 23401 211 52869 300 59812
43962 300 23401 211 66019 300 59812
43962 332 56027 31 6905 300 59812
43962 332 56027 31 58806 300 59812
43962 332 759 31 32357 300 59812
43962 332 56027 31 59220 252 53302 300 59812
43962 332 56027 31 59220 252 11049 300 59812
43962 332 56027 31 59220 252 11053 300 59812
43962 332 56027 31 36156 359 39896 300 59812
43962 332 56027 31 58806 252 66551 300 59812
43962 332 56027 31 58806 147 68441 300 59812
43962 332 56027 31 45448 110 22834 38 59812
43962 332 56027 31 45448 110 71406 38 59812
43962 332 56027 31 45448 110 66372 38 59812
43962 332 56027 31 45448 360 1495 38 59812
43962 332 56027 31 5604 211 4368 300 59812
43962 332 56027 31 5604 211 70550 300 59812
43962 332 56027 31 5604 211 37646 300 59812
43962 332 56027 31 5604 211 73617 300 59812
43962 332 56027 31 5604 211 59822 300 59812
43962 332 56027 31 5604 211 67050 300 59812
43962 332 56027 31 5604 110 43610 38 59812
43962 332 56027 31 5604 110 32662 38 59812
43962 332 56027 31 5604 110 61002 38 59812
43962 332 56027 31 5604 110 36623 38 59812
43962 332 56027 31 5604 110 20410 38 59812
43962 332 56027 31 5604 110 26560 38 59812
43962 332 56027 31 5604 110 70064 38 59812
43962 332 56027 31 5604 110 25815 38 59812
43962 332 56027 31 5604 110 56638 38 59812
43962 332 56027 31 5604 110 19984 38 59812
43962 332 56027 31 5604 110 38302 38 59812
43962 332 56027 31 5604 110 27034 38 59812
43962 332 56027 31 5604 110 52496 38 59812
43962 332 56027 31 5604 110 57805 38 59812
43962 332 56027 31 5604 110 67507 38 59812
43962 332 56027 31 5604 110 55088 38 59812
43962 332 56027 31 5604 110 70894 38 59812
43962 332 56027 31 5604 110 33830 38 59812
43962 332 56027 31 5604 110 52957 38 59812
43962 332 56027 31 5604 110 11206 38 59812
43962 332 56027 31 5604 110 30172 38 59812
43962 332 56027 31 5604 110 62223 38 59812
43962 332 56027 31 5604 110 51302 38 59812
43962 332 56027 31 5604 110 48258 38 59812
43962 332 56027 31 5604 110 53190 38 59812
43962 332 56027 31 5604 110 39269 38 59812
43962 332 56027 31 5604 110 40360 38 59812
43962 332 56027 31 5604 110 54557 38 59812
43962 332 56027 31 5604 110 19365 38 59812
43962 332 56027 31 5604 110 25762 38 59812
43962 332 56027 31 5604 110 20094 38 59812
43962 332 56027 31 5604 110 5494 38 59812
43962 332 56027 31 5604 110 12859 38 59812
43962 332 56027 31 5604 110 34361 38 59812
43962 332 56027 31 5604 110 70392 38 59812
43962 332 56027 31 5604 110 18698 38 59812
43962 332 56027 31 5604 110 5011 38 59812
43962 332 56027 31 5604 110 33888 38 59812
43962 332 56027 31 5604 110 60279 38 59812
43962 332 56027 31 5604 110 74047 38 59812
43962 332 56027 31 5604 110 16987 38 59812
43962 332 56027 31 5604 110 39807 38 59812
43962 332 56027 31 5604 110 30918 340 59812
43962 332 56027 31 5604 110 71211 38 59812
43962 332 56027 31 5604 110 45948 38 59812
43962 332 56027 31 5604 110 15812 38 59812
43962 332 56027 31 5604 110 18281 38 59812
43962 332 56027 31 5604 110 29779 38 59812
43962 332 56027 31 5604 110 18671 38 59812
43962 332 56027 31 5604 110 1140 38 59812
43962 332 56027 31 5604 110 8678 38 59812
43962 332 56027 31 5604 110 36304 38 59812
43962 332 56027 31 5604 110 75078 38 59812
43962 332 56027 31 5604 110 3642 38 59812
43962 332 56027 31 5604 360 23955 38 59812
43962 300 23401 211 52869 57 7925 205 7253 300 59812
43962 300 23401 211 52869 57 7925 205 51172 300 59812
43962 300 23401 211 52869 57 7925 205 44741 300 59812
43962 300 23401 211 52869 57 7925 205 18362 300 59812
43962 300 23401 211 52869 57 7925 205 64545 300 59812
43962 300 23401 211 52869 57 7925 205 6196 300 59812
43962 300 23401 211 66019 332 65853 31 30490 300 59812
43962 300 23401 211 66019 332 65853 31 37673 300 59812
43962 300 23401 211 66019 332 65853 31 35180 300 59812
43962 300 23401 211 66019 332 65853 31 14740 300 59812
43962 300 23401 211 66019 332 65853 31 24988 300 59812
43962 300 23401 211 66019 332 65853 31 40730 300 59812
43962 300 23401 211 66019 332 65853 31 11756 300 59812
43962 300 23401 211 66019 332 65853 31 11017 300 59812
43962 300 23401 211 66019 332 65853 31 48506 300 59812
43962 300 23401 211 66019 332 65853 31 44074 300 59812
43962 300 23401 211 66019 332 65853 31 17692 300 59812
43962 300 23401 211 66019 332 65853 31 6534 300 59812
43962 300 23401 211 66019 332 65853 31 43304 300 59812
43962 300 23401 211 66019 332 65853 31 11949 38 59812
43962 300 23401 211 66019 332 65853 205 45407 300 59812
43962 300 23401 211 66019 332 1705 31 731 300 59812
43962 300 23401 211 66019 332 65856 369 50528 300 59812
43962 300 23401 211 66019 332 65856 369 14858 300 59812
43962 300 23401 211 66019 332 65855 31 51574 300 59812
43962 300 23401 211 66019 332 65855 31 2263 300 59812
43962 300 23401 211 66019 332 65857 31 20794 300 59812
43962 300 23401 211 66019 332 23453 31 36050 300 59812
43962 300 23401 211 66019 332 23453 31 51467 300 59812
43962 300 23401 211 66019 332 23453 31 46626 300 59812
43962 300 23401 211 66019 332 29052 31 17624 300 59812
43962 300 23401 211 66019 332 29052 31 65235 300 59812
43962 300 23401 211 66019 332 29052 31 9025 300 59812
43962 300 23401 211 66019 332 29052 31 60751 300 59812
43962 300 23401 211 66019 332 29052 31 15271 300 59812
43962 300 23401 211 66019 332 29064 31 23494 300 59812
43962 300 23401 211 66019 332 29065 31 23457 300 59812
43962 300 23401 211 66019 332 29065 31 31636 300 59812
43962 300 23401 211 66019 369 33054 277 19642 300 59812
43962 300 23401 211 66019 369 33054 277 33922 300 59812
43962 300 23401 211 66019 369 33054 277 16735 300 59812
43962 300 23401 211 66019 369 33054 277 9110 300 59812
43962 300 23401 211 66019 369 33054 277 55801 300 59812
43962 300 23401 211 66019 369 33054 277 21891 300 59812
43962 300 23401 211 66019 369 33054 277 25941 300 59812
43962 300 23401 211 66019 369 33054 277 12706 300 59812
43962 300 23401 211 66019 369 33054 277 24856 300 59812
43962 300 23401 211 66019 369 33054 277 27332 300 59812
43962 300 23401 211 66019 369 33054 277 31312 300 59812
43962 300 23401 211 66019 369 33054 277 1771 300 59812
43962 300 23401 211 66019 369 33054 277 20385 38 59812
43962 300 23401 211 66019 369 33054 277 3276 300 59812
43962 300 23401 211 66019 369 33054 277 28226 300 59812
43962 300 23401 211 66019 369 33054 252 5256 300 59812
43962 300 23401 211 66019 369 33054 252 45079 300 59812
43962 300 23401 211 66019 369 33054 32 50078 300 59812
43962 300 23401 211 66019 369 33054 32 54811 300 59812
43962 300 23401 211 66019 369 33054 32 23607 300 59812
43962 300 23401 211 66019 369 33054 32 18999 300 59812
43962 300 23401 211 66019 271 21435 130 10306 300 59812
43962 332 56027 31 16104 332 68334 31 66085 300 59812
43962 332 56027 31 59220 5 39737 15 43173 300 59812
43962 332 56027 31 59220 5 4070 254 30884 300 59812
43962 332 56027 31 59220 143 69742 113 67870 300 59812
43962 332 56027 31 59220 143 69742 113 17311 300 59812
43962 332 56027 31 59220 143 69742 113 11658 300 59812
43962 332 56027 31 59220 143 69742 113 44084 300 59812
43962 332 56027 31 59220 143 69742 113 13781 300 59812
43962 332 56027 31 59220 143 69742 113 36376 300 59812
43962 332 56027 31 59220 143 69742 113 18888 300 59812
43962 332 56027 31 59220 143 69742 113 61413 300 59812
43962 332 56027 31 59220 321 24058 336 53751 300 59812
43962 332 56027 31 59220 256 54168 254 43754 300 59812
43962 332 56027 31 59220 256 54168 254 54498 300 59812
43962 332 56027 31 59220 256 54168 254 64073 300 59812
43962 332 56027 31 59220 369 73592 277 51363 300 59812
43962 332 56027 31 59220 369 73592 277 47616 300 59812
43962 332 56027 31 36156 383 69092 294 47635 300 59812
43962 332 56027 31 36156 383 69092 294 74978 300 59812
43962 332 56027 31 36156 383 69092 294 6947 300 59812
43962 332 56027 31 36156 383 69092 294 70102 300 59812
43962 332 56027 31 36156 75 41897 32 57760 300 59812
43962 332 56027 31 25928 342 8039 6 63713 300 59812
43962 332 56027 31 25928 342 4598 103 74546 300 59812
43962 332 56027 31 58806 172 52734 172 52081 300 59812
43962 332 56027 31 58806 172 52734 172 36805 300 59812
43962 332 56027 31 58806 172 52734 172 31597 300 59812
43962 332 56027 31 58806 172 52734 172 71878 300 59812
43962 332 56027 31 58806 172 52734 172 59779 300 59812
43962 332 56027 31 58806 172 52734 172 13918 300 59812
43962 332 56027 31 58806 172 52734 105 58723 300 59812
43962 332 56027 31 58806 172 52734 105 37256 300 59812
43962 332 56027 31 58806 290 72858 100 17121 300 59812
43962 332 56027 31 58806 290 72858 100 24097 300 59812
43962 332 56027 31 58806 105 27339 172 44667 300 59812
43962 332 56027 31 58806 143 37487 113 51021 300 59812
43962 332 56027 31 58806 300 62434 211 61794 300 59812
43962 332 56027 31 58806 300 62434 211 56111 300 59812
43962 332 56027 31 58806 300 62434 211 22947 300 59812
43962 332 56027 31 58806 300 62434 211 72019 300 59812
43962 332 56027 31 58806 300 62434 211 20610 300 59812
43962 332 56027 31 58806 300 62434 211 5590 300 59812
43962 332 56027 31 58806 300 62434 211 2610 300 59812
43962 332 56027 31 58806 300 62434 211 2956 300 59812
43962 332 56027 31 58806 300 62434 211 16633 300 59812
43962 332 56027 31 58806 300 62434 211 10842 300 59812
43962 332 56027 31 58806 300 62033 211 50933 300 59812
43962 332 56027 31 58806 34 180 278 70896 38 59812
43962 332 56027 31 45448 110 36138 96 67459 38 59812
43962 332 56027 31 45448 110 66372 96 66837 300 59812
43962 332 56027 31 45448 110 66372 96 74877 38 59812
43962 332 56027 31 45448 110 66781 96 28435 38 59812
43962 332 56027 31 45448 360 1495 172 11326 300 59812
43962 332 56027 31 45448 360 1495 172 49184 300 59812
43962 332 56027 31 45448 360 1495 172 18801 300 59812
43962 332 56027 31 45448 360 1495 172 59149 300 59812
43962 332 56027 31 45448 360 1495 96 12561 38 59812
43962 332 56027 31 45448 360 1495 96 69649 38 59812
43962 332 56027 31 45448 360 1495 96 301 38 59812
43962 332 56027 31 45448 360 1495 96 74231 38 59812
43962 332 56027 31 45448 360 1495 96 8754 38 59812
43962 332 56027 31 45448 360 1495 96 8365 38 59812
43962 332 56027 31 45448 360 1495 96 34343 38 59812
43962 332 56027 31 45448 360 1495 96 1436 38 59812
43962 332 56027 31 45448 360 1495 96 40004 38 59812
43962 332 56027 31 45448 360 1495 96 20716 38 59812
43962 332 56027 31 45448 360 1495 96 20916 38 59812
43962 332 56027 31 45448 360 1495 96 19994 38 59812
43962 332 56027 31 45448 360 1495 96 43732 38 59812
43962 332 56027 31 45448 360 1495 96 30028 38 59812
43962 332 56027 31 45448 360 1495 96 68187 38 59812
43962 332 56027 31 45448 360 1495 96 12123 38 59812
43962 332 56027 31 45448 360 1495 96 36622 38 59812
43962 332 56027 31 45448 360 1495 96 25313 38 59812
43962 332 56027 31 45448 360 1495 96 68761 38 59812
43962 332 56027 31 45448 360 1495 96 20298 38 59812
43962 332 56027 31 45448 360 1495 96 4269 38 59812
43962 332 56027 31 45448 360 1495 96 64063 38 59812
43962 332 56027 31 45448 360 1495 96 65245 38 59812
43962 332 56027 31 45448 360 1495 96 63793 38 59812
43962 332 56027 31 45448 360 1495 96 43634 38 59812
43962 332 56027 31 5604 211 72636 322 69865 300 59812
43962 332 56027 31 5604 110 43610 96 63340 38 59812
43962 332 56027 31 5604 110 43610 96 39847 38 59812
43962 332 56027 31 5604 110 43610 96 66968 38 59812
43962 332 56027 31 5604 110 32662 96 50318 38 59812
43962 332 56027 31 5604 110 32662 96 66203 38 59812
43962 332 56027 31 5604 110 32662 96 70088 38 59812
43962 332 56027 31 5604 110 32662 163 17689 38 59812
43962 332 56027 31 5604 110 32662 275 5890 38 59812
43962 332 56027 31 5604 110 32662 275 63259 38 59812
43962 332 56027 31 5604 110 20410 275 6013 38 59812
43962 332 56027 31 5604 110 26560 96 29916 38 59812
43962 332 56027 31 5604 110 26560 96 63849 38 59812
43962 332 56027 31 5604 110 26560 96 9277 38 59812
43962 332 56027 31 5604 110 26560 96 39927 38 59812
43962 332 56027 31 5604 110 70064 96 50248 38 59812
43962 332 56027 31 5604 110 70064 96 49242 38 59812
43962 332 56027 31 5604 110 70064 275 56501 38 59812
43962 332 56027 31 5604 110 56638 172 23142 300 59812
43962 332 56027 31 5604 110 27034 96 47224 38 59812
43962 332 56027 31 5604 110 52496 96 68431 38 59812
43962 332 56027 31 5604 110 30172 96 1198 38 59812
43962 332 56027 31 5604 110 30172 96 10891 38 59812
43962 332 56027 31 5604 110 40360 275 38340 38 59812
43962 332 56027 31 5604 110 54557 96 3606 38 59812
43962 332 56027 31 5604 110 54557 275 49559 38 59812
43962 332 56027 31 5604 110 30918 172 26873 300 59812
43962 332 56027 31 5604 110 30918 96 63738 38 59812
43962 332 56027 31 5604 110 45948 96 27735 38 59812
43962 332 74261 31 1262 252 60841 64 9678 300 59812
43962 332 74261 31 1262 32 67410 392 57577 300 59812
43962 332 74261 31 1262 32 67410 392 40554 300 59812
43962 332 759 31 32357 300 60374 211 73899 300 59812
43962 332 759 31 32357 300 60374 211 31171 300 59812
43962 332 759 31 3291 72 51420 75 71749 300 59812
43962 300 23401 211 66019 332 1705 31 17373 373 25916 300 59812
43962 300 23401 211 66019 332 1705 31 3650 124 37073 300 59812
43962 300 23401 211 66019 332 65855 31 36853 75 22748 300 59812
43962 300 23401 211 66019 332 65857 31 35791 211 53330 300 59812
43962 300 23401 211 66019 332 65857 31 35791 211 14785 300 59812
43962 300 23401 211 66019 332 65857 31 35791 211 43016 300 59812
43962 300 23401 211 66019 332 65857 31 35791 211 61194 300 59812
43962 300 23401 211 66019 332 65857 31 35791 211 42842 300 59812
43962 300 23401 211 66019 332 65857 31 35791 211 74316 300 59812
43962 300 23401 211 66019 332 23453 31 24071 278 65959 38 59812
43962 300 23401 211 66019 369 33054 277 27332 172 65339 300 59812
43962 300 23401 211 66019 369 33054 277 27332 172 70339 300 59812
43962 332 56027 31 6905 332 40315 31 4081 376 168 300 59812
43962 332 56027 31 59220 5 50323 382 42248 6 45149 300 59812
43962 332 56027 31 59220 5 29063 202 42634 75 36604 300 59812
43962 332 56027 31 59220 5 29063 202 4279 114 60620 300 59812
43962 332 56027 31 59220 5 29063 202 4148 75 12041 300 59812
43962 332 56027 31 59220 321 24058 196 75101 75 61154 300 59812
43962 332 56027 31 59220 321 24058 172 56922 172 36020 300 59812
43962 332 56027 31 59220 321 24058 172 39042 109 63168 300 59812
43962 332 56027 31 59220 321 24058 172 39042 109 66182 300 59812
43962 332 56027 31 36156 359 30973 213 58833 121 42760 300 59812
43962 332 56027 31 36156 359 65174 396 54516 35 43523 300 59812
43962 332 56027 31 58806 297 61222 20 27580 373 56001 300 59812
43962 332 56027 31 45448 110 22834 300 13797 211 44549 300 59812
43962 332 56027 31 45448 110 22834 300 13797 211 46556 300 59812
43962 332 56027 31 45448 360 1495 119 14472 164 40762 300 59812
43962 332 56027 31 45448 360 1495 119 14472 164 6007 300 59812
43962 332 56027 31 45448 360 1495 119 14472 164 73214 300 59812
43962 332 56027 31 45448 360 1495 119 14472 28 59874 300 59812
43962 332 56027 31 45448 360 1495 119 14472 382 55723 300 59812
43962 332 74261 31 49956 144 63269 355 5320 121 70331 300 59812
43962 300 23401 211 66019 332 65853 31 27162 32 4743 114 73412 300 59812
43962 300 23401 211 66019 332 65853 31 23479 334 35074 217 3584 300 59812
43962 300 23401 211 66019 332 65856 369 50528 75 30215 114 59753 300 59812
43962 300 23401 211 66019 332 29052 31 6576 358 6060 28 61727 300 59812
43962 332 56027 31 59220 369 73592 277 73831 252 61354 131 1919 300 59812
43962 332 56027 31 58806 300 62434 211 66979 42 28025 27 60824 300 59812
43962 332 56027 31 58806 32 31621 242 33554 266 26928 113 16527 300 59812
43962 332 759 31 75205 300 66239 211 15401 98 15395 204 60959 300 59812
43962 300 23401 211 66019 332 65853 369 19933 64 15964 194 75380 162 56228 300 59812
