44667 300 62434
44667 105 27339 172 33363 300 62434
44667 105 27339 172 72079 300 62434
44667 105 27339 172 33922 300 62434
44667 105 27339 172 29285 300 62434
44667 105 27339 172 21843 300 62434
44667 105 27339 172 16727 300 62434
44667 105 27339 172 71297 300 62434
44667 105 27339 172 17020 300 62434
44667 105 27339 172 32357 300 62434
44667 105 27339 172 68052 300 62434
44667 105 27339 172 57100 300 62434
44667 105 27339 172 48963 300 62434
44667 105 27339 172 40730 300 62434
44667 105 27339 172 52920 300 62434
44667 105 27339 172 1105 300 62434
44667 105 27339 172 72855 300 62434
44667 105 27339 172 72302 300 62434
44667 105 27339 172 28806 300 62434
44667 105 27339 172 28376 300 62434
44667 105 27339 172 58806 300 62434
44667 105 27339 172 18779 300 62434
44667 105 27339 172 26159 300 62434
44667 300 59812 211 19642 300 62434
44667 300 59812 211 58723 300 62434
44667 300 59812 211 67870 300 62434
44667 300 59812 211 70550 300 62434
44667 300 59812 211 23607 300 62434
44667 300 59812 211 36805 300 62434
44667 300 59812 211 51172 300 62434
44667 300 59812 211 45079 300 62434
44667 300 59812 211 63713 300 62434
44667 300 59812 211 61794 300 62434
44667 300 59812 211 53751 300 62434
44667 300 59812 211 56111 300 62434
44667 300 59812 211 44084 300 62434
44667 300 59812 211 22947 300 62434
44667 300 59812 211 72019 300 62434
44667 300 59812 211 20610 300 62434
44667 300 59812 211 5590 300 62434
44667 300 59812 211 2610 300 62434
44667 300 59812 211 73617 300 62434
44667 300 59812 211 44741 300 62434
44667 300 59812 211 14858 300 62434
44667 300 59812 211 31597 300 62434
44667 300 59812 211 59822 300 62434
44667 300 59812 211 17692 300 62434
44667 300 59812 211 2956 300 62434
44667 300 59812 211 6534 300 62434
44667 300 59812 211 50528 300 62434
44667 300 59812 211 16633 300 62434
44667 300 59812 211 67050 300 62434
44667 300 59812 211 10842 300 62434
44667 300 59812 211 28226 300 62434
44667 300 59812 211 13918 300 62434
44667 300 59812 110 20410 300 62434
44667 105 27339 172 18645 172 1444 300 62434
44667 105 27339 172 72079 382 59046 300 62434
44667 105 27339 172 72079 373 45140 300 62434
44667 105 27339 172 72079 373 63685 300 62434
44667 105 27339 172 72079 373 23105 300 62434
44667 105 27339 172 72079 373 64571 300 62434
44667 105 27339 172 72079 373 26494 300 62434
44667 105 27339 172 72079 373 36865 300 62434
44667 105 27339 172 72079 373 61434 300 62434
44667 105 27339 172 72079 373 40637 300 62434
44667 105 27339 172 72079 373 19747 300 62434
44667 105 27339 172 72079 373 11484 300 62434
44667 105 27339 172 72079 164 4400 300 62434
44667 105 27339 172 72079 268 63472 300 62434
44667 105 27339 172 33922 369 28369 300 62434
44667 105 27339 172 33922 369 33054 151 62434
44667 105 27339 172 29285 147 18597 300 62434
44667 105 27339 172 63489 398 23305 300 62434
44667 105 27339 172 63489 356 10831 300 62434
44667 105 27339 172 32357 321 24058 300 62434
44667 105 27339 172 32357 196 19847 300 62434
44667 105 27339 172 52920 385 38128 300 62434
44667 105 27339 172 26869 34 32131 300 62434
44667 105 27339 172 28806 15 63319 300 62434
44667 105 27339 172 28806 6 47724 300 62434
44667 105 27339 172 28376 32 15756 300 62434
44667 105 27339 172 28376 358 37302 300 62434
44667 105 27339 172 58806 321 75205 300 62434
44667 105 27339 172 26159 172 67908 300 62434
44667 105 27339 105 72636 339 48050 300 62434
44667 105 27339 105 72636 240 31485 300 62434
44667 105 27339 105 72636 93 31910 300 62434
44667 300 59812 211 30490 249 65931 300 62434
44667 300 59812 211 51574 114 21109 300 62434
44667 300 59812 211 53751 105 21356 300 62434
44667 300 59812 211 47635 114 60924 300 62434
44667 300 59812 211 16633 109 41184 300 62434
44667 300 59812 211 16633 109 67332 300 62434
44667 300 59812 211 16633 109 877 300 62434
44667 300 59812 211 16633 109 12032 300 62434
44667 300 59812 211 16633 109 70964 300 62434
44667 300 59812 211 16633 109 45370 300 62434
44667 300 59812 211 16633 109 9474 300 62434
44667 300 59812 211 16633 109 1838 300 62434
44667 300 59812 211 16633 109 40233 300 62434
44667 300 59812 211 16633 109 14245 300 62434
44667 300 59812 211 16633 109 21208 300 62434
44667 300 59812 211 16633 109 59036 300 62434
44667 300 59812 211 16633 109 16500 300 62434
44667 300 59812 211 16633 109 74359 300 62434
44667 300 59812 211 37073 83 3650 300 62434
44667 300 59812 211 69865 18 40314 300 62434
44667 300 59812 211 69865 18 17630 300 62434
44667 300 59812 110 22834 96 53175 300 62434
44667 300 59812 110 20094 28 54201 300 62434
44667 300 59812 110 25762 172 4603 300 62434
44667 105 27339 172 33363 172 52734 172 41975 300 62434
44667 105 27339 172 33363 172 52734 172 71294 300 62434
44667 105 27339 172 33363 172 52734 172 54052 300 62434
44667 105 27339 172 33363 172 52734 172 74935 300 62434
44667 105 27339 172 33363 172 52734 172 74545 300 62434
44667 105 27339 172 33363 172 52734 172 75367 300 62434
44667 105 27339 172 33363 172 52734 172 69510 300 62434
44667 105 27339 172 33363 172 52734 172 38680 300 62434
44667 105 27339 172 33363 172 52734 172 16381 300 62434
44667 105 27339 172 33363 172 52734 172 19869 300 62434
44667 105 27339 172 33363 172 52734 172 16704 300 62434
44667 105 27339 172 33363 172 52734 172 228 300 62434
44667 105 27339 172 33363 172 52734 172 28767 300 62434
44667 105 27339 172 33363 172 52734 172 59152 300 62434
44667 105 27339 172 33363 172 52734 172 47261 300 62434
44667 105 27339 172 33363 172 52734 172 71653 300 62434
44667 105 27339 172 33363 172 52734 105 63359 300 62434
44667 105 27339 172 33363 172 52734 105 9561 300 62434
44667 105 27339 172 33363 172 52734 105 19706 300 62434
44667 105 27339 172 33363 172 52734 105 5956 300 62434
44667 105 27339 172 33363 172 52734 105 59031 300 62434
44667 105 27339 172 73338 143 69742 113 66245 300 62434
44667 105 27339 172 73338 143 69742 113 72862 300 62434
44667 105 27339 172 73338 143 69742 113 65170 300 62434
44667 105 27339 172 73338 143 69742 113 37978 300 62434
44667 105 27339 172 73338 143 69742 113 18267 300 62434
44667 105 27339 172 73338 143 69742 113 65174 300 62434
44667 105 27339 172 73338 143 69742 113 45818 300 62434
44667 105 27339 172 73338 143 69742 113 17390 300 62434
44667 105 27339 172 73338 143 69742 113 15020 300 62434
44667 105 27339 172 73338 143 69742 113 66747 300 62434
44667 105 27339 172 73338 143 69742 113 13146 300 62434
44667 105 27339 172 73338 143 69742 113 11257 300 62434
44667 105 27339 172 73338 143 69742 113 12947 300 62434
44667 105 27339 172 73338 143 69742 113 14112 300 62434
44667 105 27339 172 73338 143 69742 113 34316 300 62434
44667 105 27339 172 73338 143 69742 113 4217 300 62434
44667 105 27339 172 73338 143 69742 113 22362 300 62434
44667 105 27339 172 73338 143 69742 113 38660 300 62434
44667 105 27339 172 73338 143 69742 113 57686 300 62434
44667 105 27339 172 73338 143 37487 113 70383 300 62434
44667 105 27339 172 73338 143 37487 113 15994 300 62434
44667 105 27339 172 73338 143 37487 113 33697 300 62434
44667 105 27339 172 73338 143 37487 113 33193 300 62434
44667 105 27339 172 73338 143 37487 113 61481 300 62434
44667 105 27339 172 73338 143 37487 113 24245 300 62434
44667 105 27339 172 18645 102 60885 359 8297 300 62434
44667 105 27339 172 18645 102 46685 359 42274 300 62434
44667 105 27339 172 18645 102 46685 359 2871 300 62434
44667 105 27339 172 18645 102 46685 359 46959 300 62434
44667 105 27339 172 18645 102 46685 359 49910 300 62434
44667 105 27339 172 18645 102 46685 359 69659 300 62434
44667 105 27339 172 18645 102 46685 359 5065 300 62434
44667 105 27339 172 18645 102 46685 359 32430 300 62434
44667 105 27339 172 18645 102 46685 359 11513 300 62434
44667 105 27339 172 18645 102 46685 359 50698 300 62434
44667 105 27339 172 18645 102 46685 359 73239 300 62434
44667 105 27339 172 18645 102 46685 359 54333 300 62434
44667 105 27339 172 18645 102 46685 359 34555 300 62434
44667 105 27339 172 18645 172 1444 114 27376 300 62434
44667 105 27339 172 18645 172 63771 172 66494 300 62434
44667 105 27339 172 18645 172 63771 172 47154 300 62434
44667 105 27339 172 18645 172 63771 172 60258 300 62434
44667 105 27339 172 18645 172 63771 172 5480 300 62434
44667 105 27339 172 72079 300 66239 211 19219 300 62434
44667 105 27339 172 72079 300 66239 211 38348 300 62434
44667 105 27339 172 72079 300 66239 211 26537 300 62434
44667 105 27339 172 72079 300 66239 211 32723 300 62434
44667 105 27339 172 72079 300 66239 211 28617 300 62434
44667 105 27339 172 72079 300 66239 211 60391 300 62434
44667 105 27339 172 72079 300 66239 211 31333 300 62434
44667 105 27339 172 72079 300 66239 211 27388 300 62434
44667 105 27339 172 72079 300 66239 211 47566 300 62434
44667 105 27339 172 72079 300 66239 211 42166 300 62434
44667 105 27339 172 72079 300 66239 211 55908 300 62434
44667 105 27339 172 72079 300 66239 211 3447 300 62434
44667 105 27339 172 72079 300 66239 211 57936 300 62434
44667 105 27339 172 72079 300 66239 211 71525 300 62434
44667 105 27339 172 72079 300 66239 211 53598 300 62434
44667 105 27339 172 72079 300 66239 211 19210 300 62434
44667 105 27339 172 72079 300 66239 211 1600 300 62434
44667 105 27339 172 72079 300 66239 211 2060 300 62434
44667 105 27339 172 72079 300 66239 211 8145 300 62434
44667 105 27339 172 72079 300 66239 211 63964 300 62434
44667 105 27339 172 72079 300 66239 211 64590 300 62434
44667 105 27339 172 72079 300 66239 211 33744 300 62434
44667 105 27339 172 72079 300 66239 211 32709 300 62434
44667 105 27339 172 72079 300 66239 211 53848 300 62434
44667 105 27339 172 72079 300 66239 211 48374 300 62434
44667 105 27339 172 72079 300 66239 211 27327 300 62434
44667 105 27339 172 72079 300 66239 211 14010 300 62434
44667 105 27339 172 72079 300 66239 211 50085 300 62434
44667 105 27339 172 72079 300 66239 211 66459 300 62434
44667 105 27339 172 72079 300 66239 211 59259 300 62434
44667 105 27339 172 72079 332 1707 31 14264 300 62434
44667 105 27339 172 72079 332 1707 31 58140 300 62434
44667 105 27339 172 72079 332 1707 31 58804 300 62434
44667 105 27339 172 72079 332 1707 31 52683 300 62434
44667 105 27339 172 72079 332 1707 31 48726 300 62434
44667 105 27339 172 72079 332 1707 31 40951 300 62434
44667 105 27339 172 72079 332 1707 31 56770 300 62434
44667 105 27339 172 72079 332 1707 31 33731 300 62434
44667 105 27339 172 72079 332 10045 31 32830 300 62434
44667 105 27339 172 72079 332 10045 31 72056 300 62434
44667 105 27339 172 72079 332 10045 31 30439 300 62434
44667 105 27339 172 72079 332 10045 31 24688 300 62434
44667 105 27339 172 72079 332 10045 31 11565 300 62434
44667 105 27339 172 72079 332 10045 31 53927 300 62434
44667 105 27339 172 72079 332 1705 31 65908 300 62434
44667 105 27339 172 72079 332 65855 31 53154 300 62434
44667 105 27339 172 72079 332 65855 31 63358 300 62434
44667 105 27339 172 72079 332 65855 31 42726 300 62434
44667 105 27339 172 72079 332 65855 31 11766 300 62434
44667 105 27339 172 72079 332 65855 31 57967 300 62434
44667 105 27339 172 72079 332 65855 31 13315 300 62434
44667 105 27339 172 72079 332 65855 31 31842 300 62434
44667 105 27339 172 72079 332 65855 31 23636 300 62434
44667 105 27339 172 72079 332 65855 31 25169 300 62434
44667 105 27339 172 72079 332 65855 31 19960 300 62434
44667 105 27339 172 72079 332 65855 31 599 300 62434
44667 105 27339 172 72079 332 65853 31 45264 300 62434
44667 105 27339 172 72079 332 65853 31 72233 300 62434
44667 105 27339 172 72079 332 65853 31 6781 300 62434
44667 105 27339 172 72079 332 65853 31 29320 300 62434
44667 105 27339 172 72079 332 65853 31 13464 300 62434
44667 105 27339 172 72079 332 65853 31 73897 300 62434
44667 105 27339 172 72079 332 65853 31 28306 300 62434
44667 105 27339 172 72079 332 65857 31 73460 300 62434
44667 105 27339 172 72079 332 65857 31 7341 300 62434
44667 105 27339 172 72079 332 65857 31 5380 300 62434
44667 105 27339 172 72079 332 65857 31 34266 300 62434
44667 105 27339 172 72079 332 65856 31 43929 300 62434
44667 105 27339 172 72079 332 65856 31 12179 300 62434
44667 105 27339 172 72079 332 65856 31 31931 300 62434
44667 105 27339 172 72079 332 29052 31 12203 300 62434
44667 105 27339 172 72079 332 29052 31 15762 300 62434
44667 105 27339 172 72079 332 29065 31 20691 300 62434
44667 105 27339 172 72079 332 29065 31 44378 300 62434
44667 105 27339 172 72079 332 23453 31 66166 300 62434
44667 105 27339 172 72079 256 54168 254 44079 300 62434
44667 105 27339 172 72079 256 54168 254 37898 300 62434
44667 105 27339 172 72079 256 54168 254 34594 300 62434
44667 105 27339 172 72079 256 54168 254 57681 300 62434
44667 105 27339 172 72079 256 54168 254 74585 300 62434
44667 105 27339 172 72079 256 54168 254 4848 300 62434
44667 105 27339 172 72079 256 54168 254 46239 300 62434
44667 105 27339 172 72079 256 54168 254 73393 300 62434
44667 105 27339 172 72079 256 54168 254 25264 300 62434
44667 105 27339 172 72079 256 54168 254 30666 300 62434
44667 105 27339 172 72079 256 54168 141 4701 300 62434
44667 105 27339 172 72079 373 59220 5 72687 300 62434
44667 105 27339 172 72079 383 69092 114 65612 300 62434
44667 105 27339 172 72079 383 69092 114 18471 300 62434
44667 105 27339 172 72079 383 69092 114 7236 300 62434
44667 105 27339 172 72079 383 69092 114 72087 300 62434
44667 105 27339 172 72079 383 69092 114 31627 300 62434
44667 105 27339 172 72079 383 69092 114 10875 300 62434
44667 105 27339 172 72079 383 69092 294 6717 300 62434
44667 105 27339 172 72079 383 69092 294 71647 300 62434
44667 105 27339 172 72079 383 69092 294 11794 300 62434
44667 105 27339 172 72079 75 41897 252 61202 300 62434
44667 105 27339 172 72079 75 41897 252 32762 300 62434
44667 105 27339 172 72079 297 61222 231 54794 300 62434
44667 105 27339 172 72079 297 61222 231 7339 300 62434
44667 105 27339 172 72079 297 61222 231 16927 300 62434
44667 105 27339 172 72079 297 61222 231 8456 300 62434
44667 105 27339 172 72079 297 61222 231 11924 300 62434
44667 105 27339 172 33922 369 28369 241 14691 300 62434
44667 105 27339 172 33922 369 28369 241 41816 300 62434
44667 105 27339 172 33922 369 28369 241 26039 300 62434
44667 105 27339 172 33922 369 28369 172 16371 300 62434
44667 105 27339 172 33922 369 33054 277 13205 300 62434
44667 105 27339 172 33922 369 33054 277 6573 300 62434
44667 105 27339 172 33922 369 33054 277 25746 300 62434
44667 105 27339 172 33922 369 33054 277 36036 300 62434
44667 105 27339 172 33922 369 33054 277 67652 300 62434
44667 105 27339 172 33922 369 33054 277 20028 300 62434
44667 105 27339 172 33922 369 33054 277 36278 300 62434
44667 105 27339 172 33922 369 33054 277 49265 300 62434
44667 105 27339 172 33922 369 33054 277 32776 300 62434
44667 105 27339 172 33922 369 33054 277 38293 300 62434
44667 105 27339 172 33922 369 33054 252 10424 300 62434
44667 105 27339 172 33922 369 33054 252 15075 300 62434
44667 105 27339 172 33922 369 33054 252 69258 300 62434
44667 105 27339 172 33922 369 33054 32 62852 300 62434
44667 105 27339 172 29285 147 18597 164 8266 300 62434
44667 105 27339 172 29285 147 18597 373 26496 300 62434
44667 105 27339 172 29285 147 18597 373 11909 300 62434
44667 105 27339 172 29285 147 18597 373 40844 300 62434
44667 105 27339 172 29285 300 38807 211 9409 300 62434
44667 105 27339 172 63368 369 53811 277 5562 300 62434
44667 105 27339 172 63489 332 65861 31 1671 300 62434
44667 105 27339 172 60170 358 51607 28 63763 300 62434
44667 105 27339 172 60170 358 51607 28 40635 300 62434
44667 105 27339 172 32357 300 75247 211 40111 300 62434
44667 105 27339 172 32357 321 24058 196 54142 300 62434
44667 105 27339 172 32357 28 73592 277 73900 300 62434
44667 105 27339 172 32357 28 73592 277 35098 300 62434
44667 105 27339 172 32357 271 21435 6 411 300 62434
44667 105 27339 172 28806 15 63319 398 66979 300 62434
44667 105 27339 172 26159 172 67908 109 70447 300 62434
44667 105 27339 172 26159 172 67908 241 54601 300 62434
44667 105 27339 172 26159 172 67908 172 10652 300 62434
44667 105 27339 172 26159 172 67908 172 9942 300 62434
44667 105 27339 172 26159 172 67908 172 56851 300 62434
44667 105 27339 172 26159 172 67908 172 18745 300 62434
44667 105 27339 172 26159 175 5601 160 60245 300 62434
44667 105 27339 172 26159 300 65810 211 61774 300 62434
44667 105 27339 172 26159 300 26313 211 7316 300 62434
44667 105 27339 172 26159 300 74587 211 6495 300 62434
44667 105 27339 105 72636 383 64151 222 32101 300 62434
44667 300 59812 211 19642 147 39108 164 12011 300 62434
44667 300 59812 211 36020 311 39456 380 38263 300 62434
44667 300 59812 211 17624 356 62111 164 64714 300 62434
44667 300 59812 211 25916 213 58833 121 17157 300 62434
44667 300 59812 211 53751 28 38944 315 74830 300 62434
44667 300 59812 211 5590 330 72713 42 33431 300 62434
44667 300 59812 211 2610 313 16619 323 75172 300 62434
44667 300 59812 211 2610 313 16619 323 2464 300 62434
44667 300 59812 211 31597 105 21202 241 41952 300 62434
44667 300 59812 211 31597 105 21202 241 62963 300 62434
44667 300 59812 211 31597 300 40578 211 43935 300 62434
44667 300 59812 211 31597 300 40578 211 10434 300 62434
44667 300 59812 211 31597 300 1866 211 48764 300 62434
44667 300 59812 211 31597 300 1866 211 73045 300 62434
44667 300 59812 211 42842 98 61405 204 42990 300 62434
44667 300 59812 211 16633 109 23964 320 48711 300 62434
44667 300 59812 211 16633 109 40233 109 492 300 62434
44667 300 59812 211 16633 109 39042 109 43536 300 62434
44667 300 59812 211 37073 83 3650 124 23690 300 62434
44667 300 59812 211 69865 18 19694 114 21879 300 62434
44667 105 27339 172 18645 143 67171 113 74876 373 17538 300 62434
44667 105 27339 172 72079 256 54168 379 1483 88 53145 300 62434
44667 105 27339 172 33922 369 33054 277 15526 359 70457 300 62434
44667 105 27339 172 33922 369 33054 252 40260 239 11089 300 62434
44667 105 27339 172 28376 358 37302 369 22958 277 13475 300 62434
44667 105 27339 105 72636 339 67410 64 69700 127 13975 300 62434
44667 300 59812 211 53751 28 38944 91 1474 254 18792 300 62434
44667 300 59812 211 16633 109 23815 328 44231 380 44306 300 62434
44667 300 59812 211 16633 109 23964 320 48711 262 37011 300 62434
44667 105 27339 172 33363 172 52734 105 19706 102 33553 359 19964 300 62434
44667 105 27339 172 26869 34 32131 26 28563 6 11886 382 70229 164 33605 300 62434
