45407 300 59812
45407 57 1705 31 70550 300 59812
45407 57 1705 31 51172 300 59812
45407 57 1705 31 35180 300 59812
45407 57 1705 31 731 300 59812
45407 57 1705 31 32357 300 59812
45407 57 1705 31 14740 300 59812
45407 57 1705 31 24988 300 59812
45407 57 1705 31 66019 300 59812
45407 57 1705 31 44074 300 59812
45407 57 1705 31 17692 300 59812
45407 57 1705 31 6534 300 59812
45407 57 1705 31 58806 300 59812
45407 57 65855 31 6905 300 59812
45407 57 65855 31 30490 300 59812
45407 57 65855 31 51574 300 59812
45407 57 65855 31 2263 300 59812
45407 57 65855 31 40730 300 59812
45407 57 65855 31 11017 300 59812
45407 57 65855 31 18362 300 59812
45407 57 65853 31 37673 300 59812
45407 57 65853 31 11756 300 59812
45407 57 65853 31 48506 300 59812
45407 57 65853 31 43304 300 59812
45407 57 65853 31 11949 38 59812
45407 57 10045 369 14858 300 59812
45407 57 65857 31 20794 300 59812
45407 57 29052 31 17624 300 59812
45407 57 29052 31 65235 300 59812
45407 57 29052 31 51467 300 59812
45407 57 29052 31 9025 300 59812
45407 57 29052 31 60751 300 59812
45407 57 29052 31 15271 300 59812
45407 57 29065 31 23457 300 59812
45407 57 29065 31 31636 300 59812
45407 57 29065 31 46626 300 59812
45407 57 1705 31 12741 336 53751 300 59812
45407 57 1705 31 42618 252 11053 300 59812
45407 57 1705 31 27162 32 71749 300 59812
45407 57 1705 31 2748 6 9678 300 59812
45407 57 1705 31 17373 28 24856 300 59812
45407 57 1705 31 17373 373 25916 300 59812
45407 57 1705 31 17373 373 50528 300 59812
45407 57 1705 31 17373 373 70102 300 59812
45407 57 1705 31 17373 373 66837 300 59812
45407 57 1705 31 17373 373 36304 38 59812
45407 57 1705 31 17373 164 51363 300 59812
45407 57 1705 31 59220 252 53302 300 59812
45407 57 1705 31 59220 252 11049 300 59812
45407 57 1705 31 36156 359 39896 300 59812
45407 57 1705 31 1929 211 64545 300 59812
45407 57 1705 31 19933 242 69865 300 59812
45407 57 1705 31 58806 252 66551 300 59812
45407 57 1705 31 58806 147 68441 300 59812
45407 57 1705 31 3650 124 37073 300 59812
45407 57 1705 31 72636 240 17121 300 59812
45407 57 1705 31 27394 360 1495 38 59812
45407 57 1705 252 69092 114 7253 300 59812
45407 57 1705 252 69092 114 64073 300 59812
45407 57 1705 252 69092 294 54811 300 59812
45407 57 1705 252 69092 294 47635 300 59812
45407 57 1705 252 69092 294 74978 300 59812
45407 57 1705 252 69092 294 44741 300 59812
45407 57 1705 252 69092 294 6947 300 59812
45407 57 1705 252 69092 294 37646 300 59812
45407 57 1705 252 69092 294 50078 300 59812
45407 57 1705 252 69092 294 9110 300 59812
45407 57 1705 252 69092 294 23607 300 59812
45407 57 1705 252 69092 294 1771 300 59812
45407 57 1705 252 69092 294 5256 300 59812
45407 57 1705 252 69092 277 29779 38 59812
45407 57 65855 31 59370 359 54498 300 59812
45407 57 65855 31 24058 196 18999 300 59812
45407 57 65855 31 4598 103 74546 300 59812
45407 57 65855 31 73556 294 57760 300 59812
45407 57 65855 31 19847 278 26560 38 59812
45407 57 65855 31 36853 75 22748 300 59812
45407 57 65855 31 36853 278 19984 38 59812
45407 57 65855 31 36853 278 39847 38 59812
45407 57 65855 31 72997 278 50248 38 59812
45407 57 65855 31 72997 278 52957 38 59812
45407 57 65855 31 30762 278 3642 38 59812
45407 57 65855 31 5604 211 4368 300 59812
45407 57 65855 31 5604 211 73617 300 59812
45407 57 65855 31 5604 211 59822 300 59812
45407 57 65855 31 5604 211 67050 300 59812
45407 57 65855 31 5604 110 43610 38 59812
45407 57 65855 31 5604 110 32662 38 59812
45407 57 65855 31 5604 110 61002 38 59812
45407 57 65855 31 5604 110 36623 38 59812
45407 57 65855 31 5604 110 20410 38 59812
45407 57 65855 31 5604 110 70064 38 59812
45407 57 65855 31 5604 110 25815 38 59812
45407 57 65855 31 5604 110 22834 38 59812
45407 57 65855 31 5604 110 56638 38 59812
45407 57 65855 31 5604 110 38302 38 59812
45407 57 65855 31 5604 110 27034 38 59812
45407 57 65855 31 5604 110 52496 38 59812
45407 57 65855 31 5604 110 57805 38 59812
45407 57 65855 31 5604 110 67507 38 59812
45407 57 65855 31 5604 110 55088 38 59812
45407 57 65855 31 5604 110 70894 38 59812
45407 57 65855 31 5604 110 33830 38 59812
45407 57 65855 31 5604 110 11206 38 59812
45407 57 65855 31 5604 110 30172 38 59812
45407 57 65855 31 5604 110 62223 38 59812
45407 57 65855 31 5604 110 51302 38 59812
45407 57 65855 31 5604 110 48258 38 59812
45407 57 65855 31 5604 110 53190 38 59812
45407 57 65855 31 5604 110 39269 38 59812
45407 57 65855 31 5604 110 66372 38 59812
45407 57 65855 31 5604 110 40360 38 59812
45407 57 65855 31 5604 110 54557 38 59812
45407 57 65855 31 5604 110 19365 38 59812
45407 57 65855 31 5604 110 25762 38 59812
45407 57 65855 31 5604 110 20094 38 59812
45407 57 65855 31 5604 110 5494 38 59812
45407 57 65855 31 5604 110 12859 38 59812
45407 57 65855 31 5604 110 34361 38 59812
45407 57 65855 31 5604 110 70392 38 59812
45407 57 65855 31 5604 110 18698 38 59812
45407 57 65855 31 5604 110 5011 38 59812
45407 57 65855 31 5604 110 33888 38 59812
45407 57 65855 31 5604 110 60279 38 59812
45407 57 65855 31 5604 110 74047 38 59812
45407 57 65855 31 5604 110 16987 38 59812
45407 57 65855 31 5604 110 39807 38 59812
45407 57 65855 31 5604 110 30918 340 59812
45407 57 65855 31 5604 110 71211 38 59812
45407 57 65855 31 5604 110 45948 38 59812
45407 57 65855 31 5604 110 15812 38 59812
45407 57 65855 31 5604 110 18281 38 59812
45407 57 65855 31 5604 110 18671 38 59812
45407 57 65855 31 5604 110 1140 38 59812
45407 57 65855 31 5604 110 8678 38 59812
45407 57 65855 31 5604 110 75078 38 59812
45407 57 65855 31 5604 360 23955 38 59812
45407 57 65855 205 70836 336 66085 300 59812
45407 57 65853 31 60073 398 63713 300 59812
45407 57 65853 31 48506 164 36805 300 59812
45407 57 65853 31 11949 96 63340 38 59812
45407 57 65853 31 11949 96 1198 38 59812
45407 57 65853 31 11949 96 10891 38 59812
45407 57 65853 31 11949 96 29916 38 59812
45407 57 65853 31 11949 96 66968 38 59812
45407 57 65857 31 35791 211 53330 300 59812
45407 57 65857 31 35791 211 14785 300 59812
45407 57 65857 31 35791 211 43016 300 59812
45407 57 65857 31 35791 211 61194 300 59812
45407 57 65857 31 35791 211 42842 300 59812
45407 57 65857 31 35791 211 74316 300 59812
45407 57 65857 31 35791 110 9277 38 59812
45407 57 65857 31 35791 110 39927 38 59812
45407 57 65857 31 35791 110 28435 38 59812
45407 57 65857 31 35791 110 63849 38 59812
45407 57 65857 31 35791 110 3606 38 59812
45407 57 65857 31 35791 110 20385 38 59812
45407 57 65857 31 35791 110 49242 38 59812
45407 57 65857 31 35791 110 56501 38 59812
45407 57 65857 151 33054 277 19642 300 59812
45407 57 65857 151 33054 277 33922 300 59812
45407 57 65857 151 33054 277 16735 300 59812
45407 57 65857 151 33054 277 55801 300 59812
45407 57 65857 151 33054 277 21891 300 59812
45407 57 65857 151 33054 277 25941 300 59812
45407 57 65857 151 33054 277 12706 300 59812
45407 57 65857 151 33054 277 27332 300 59812
45407 57 65857 151 33054 277 31312 300 59812
45407 57 65857 151 33054 277 3276 300 59812
45407 57 65857 151 33054 277 28226 300 59812
45407 57 65857 151 33054 252 45079 300 59812
45407 57 65857 369 41897 252 47616 300 59812
45407 57 29052 31 63489 398 44084 300 59812
45407 57 29065 31 31636 75 66203 38 59812
45407 57 29065 31 26742 151 24097 300 59812
45407 57 29065 31 16703 278 12561 38 59812
45407 57 29065 31 16703 278 20916 38 59812
45407 57 29065 31 21202 241 16633 300 59812
45407 57 29065 31 21202 172 31597 300 59812
45407 57 29065 31 39737 15 43173 300 59812
45407 57 1705 31 15024 332 29064 31 23494 300 59812
45407 57 1705 31 15024 332 23453 31 36050 300 59812
45407 57 1705 31 15024 6 38128 15 11658 300 59812
45407 57 1705 31 15024 6 38128 130 10306 300 59812
45407 57 1705 31 70136 332 7925 205 52869 300 59812
45407 57 1705 31 70136 332 7925 205 6196 300 59812
45407 57 1705 31 72079 105 27339 172 44667 300 59812
45407 57 1705 31 72079 105 27339 172 43754 300 59812
45407 57 1705 31 72079 300 62434 211 58723 300 59812
45407 57 1705 31 72079 300 62434 211 67870 300 59812
45407 57 1705 31 72079 300 62434 211 61794 300 59812
45407 57 1705 31 72079 300 62434 211 56111 300 59812
45407 57 1705 31 72079 300 62434 211 22947 300 59812
45407 57 1705 31 72079 300 62434 211 72019 300 59812
45407 57 1705 31 72079 300 62434 211 20610 300 59812
45407 57 1705 31 72079 300 62434 211 5590 300 59812
45407 57 1705 31 72079 300 62434 211 2610 300 59812
45407 57 1705 31 72079 300 62434 211 2956 300 59812
45407 57 1705 31 72079 300 62434 211 10842 300 59812
45407 57 1705 31 72079 300 62434 211 13918 300 59812
45407 57 1705 31 72079 256 54168 254 30884 300 59812
45407 57 1705 31 64880 213 58833 121 42760 300 59812
45407 57 1705 31 64880 396 54516 35 43523 300 59812
45407 57 1705 31 50024 143 69742 113 17311 300 59812
45407 57 1705 31 50024 143 69742 113 13781 300 59812
45407 57 1705 31 50024 143 69742 113 36376 300 59812
45407 57 1705 31 50024 143 69742 113 18888 300 59812
45407 57 1705 31 50024 143 69742 113 61413 300 59812
45407 57 1705 31 12741 336 53751 105 50933 300 59812
45407 57 1705 31 23705 32 67410 392 57577 300 59812
45407 57 1705 31 23705 32 67410 392 23142 300 59812
45407 57 1705 31 23705 32 67410 392 74231 38 59812
45407 57 1705 31 23705 32 67410 392 8754 38 59812
45407 57 1705 31 23705 32 67410 392 50318 38 59812
45407 57 1705 31 23705 32 67410 392 40004 38 59812
45407 57 1705 31 23705 32 67410 392 19994 38 59812
45407 57 1705 31 23705 32 67410 392 49559 38 59812
45407 57 1705 31 23705 32 67410 392 68187 38 59812
45407 57 1705 31 23705 32 67410 392 12123 38 59812
45407 57 1705 31 23705 32 67410 392 6013 38 59812
45407 57 1705 31 23705 32 67410 392 25313 38 59812
45407 57 1705 31 23705 32 67410 392 65245 38 59812
45407 57 1705 31 23705 32 67410 392 43634 38 59812
45407 57 1705 31 23705 32 67410 392 40554 300 59812
45407 57 1705 31 23705 32 2516 278 43732 38 59812
45407 57 1705 31 27162 32 4743 114 73412 300 59812
45407 57 1705 31 16104 332 56027 31 43962 300 59812
45407 57 1705 31 51172 172 52734 172 52081 300 59812
45407 57 1705 31 51172 172 52734 172 71878 300 59812
45407 57 1705 31 51172 172 52734 172 59779 300 59812
45407 57 1705 31 51172 172 52734 105 37256 300 59812
45407 57 1705 31 51172 143 37487 113 51021 300 59812
45407 57 1705 31 1444 383 42634 75 36604 300 59812
45407 57 1705 31 17373 373 4148 75 12041 300 59812
45407 57 1705 31 17373 373 36304 96 301 38 59812
45407 57 1705 31 17373 105 75101 75 61154 300 59812
45407 57 1705 31 17373 105 75101 278 8365 38 59812
45407 57 1705 31 17373 105 75101 278 68761 38 59812
45407 57 1705 31 17373 105 75101 278 64063 38 59812
45407 57 1705 31 17373 82 2759 122 68431 38 59812
45407 57 1705 31 32357 300 60374 211 73899 300 59812
45407 57 1705 31 32357 300 60374 211 31171 300 59812
45407 57 1705 31 19933 64 66068 233 71406 38 59812
45407 57 1705 31 19933 383 180 278 70896 38 59812
45407 57 1705 31 31485 278 25592 96 67459 38 59812
45407 57 1705 31 3650 124 34561 226 20298 38 59812
45407 57 1705 31 72636 383 4279 114 60620 300 59812
45407 57 1705 31 72636 285 18017 122 27735 38 59812
45407 57 1705 31 72636 285 18017 122 69649 38 59812
45407 57 1705 31 72636 285 18017 122 20716 38 59812
45407 57 1705 31 72636 285 18017 122 63259 38 59812
45407 57 1705 31 72636 285 18017 122 74877 38 59812
45407 57 1705 31 72636 285 18017 122 30028 38 59812
45407 57 1705 31 72636 285 18017 122 17689 38 59812
45407 57 1705 31 72636 285 18017 122 36622 38 59812
45407 57 1705 31 72636 285 18017 122 4269 38 59812
45407 57 1705 31 72636 285 18017 122 63793 38 59812
45407 57 1705 31 12956 229 39456 380 36020 300 59812
45407 57 1705 31 27394 360 1495 172 11326 300 59812
45407 57 1705 31 27394 360 1495 172 49184 300 59812
45407 57 1705 31 27394 360 1495 172 18801 300 59812
45407 57 1705 31 27394 360 1495 172 59149 300 59812
45407 57 1705 31 27394 360 1495 96 34343 38 59812
45407 57 1705 31 27394 360 1495 96 1436 38 59812
45407 57 1705 31 47656 323 41910 109 63168 300 59812
45407 57 65855 31 24058 172 39042 109 66182 300 59812
45407 57 65855 31 72997 278 50248 96 47224 38 59812
45407 57 65855 31 5604 110 32662 96 70088 38 59812
45407 57 65855 31 5604 110 32662 275 5890 38 59812
45407 57 65855 31 5604 110 40360 275 38340 38 59812
45407 57 65855 31 5604 110 30918 172 26873 300 59812
45407 57 65855 31 5604 110 30918 96 63738 38 59812
45407 57 65853 31 60073 213 5320 121 70331 300 59812
45407 57 65853 31 23479 334 35074 217 3584 300 59812
45407 57 65857 151 33054 277 27332 172 65339 300 59812
45407 57 65857 151 33054 277 27332 172 70339 300 59812
45407 57 29052 31 6576 358 6060 28 61727 300 59812
45407 57 29052 31 61915 303 27580 373 56001 300 59812
45407 57 29065 31 50614 67 29793 127 55723 300 59812
45407 57 29065 31 65592 300 13797 211 44549 300 59812
45407 57 29065 31 65592 300 13797 211 46556 300 59812
45407 57 1705 31 15024 332 1707 31 4081 376 168 300 59812
45407 57 1705 31 15024 332 23453 31 24071 278 65959 38 59812
45407 57 1705 31 72079 164 6526 382 42248 6 45149 300 59812
45407 57 1705 31 2748 6 1293 27 19297 147 1919 300 59812
45407 57 1705 31 17373 373 50528 75 30215 114 59753 300 59812
45407 57 1705 31 17373 373 36304 119 14472 164 40762 300 59812
45407 57 1705 31 17373 373 36304 119 14472 164 6007 300 59812
45407 57 1705 31 17373 373 36304 119 14472 164 73214 300 59812
45407 57 1705 31 17373 373 36304 119 14472 28 59874 300 59812
45407 57 1705 31 19933 64 15964 194 75380 162 56228 300 59812
45407 57 1705 31 72636 322 33554 266 26928 113 16527 300 59812
45407 57 29065 31 50614 330 37638 42 28025 27 60824 300 59812
45407 57 29065 31 21202 241 15401 98 15395 204 60959 300 59812
