57577 300 59812
57577 105 27332 300 59812
57577 105 27332 172 65339 300 59812
57577 105 27332 172 22748 300 59812
57577 105 27332 172 70339 300 59812
57577 105 27332 172 33888 38 59812
57577 105 27332 172 25762 38 59812
57577 105 27332 105 72019 300 59812
57577 393 67410 392 23142 300 59812
57577 393 67410 392 43173 300 59812
57577 393 67410 392 62223 38 59812
57577 393 67410 392 33830 38 59812
57577 393 67410 392 5011 38 59812
57577 393 67410 392 30918 340 59812
57577 393 67410 392 74231 38 59812
57577 393 67410 392 8754 38 59812
57577 393 67410 392 32662 38 59812
57577 393 67410 392 50248 38 59812
57577 393 67410 392 66372 38 59812
57577 393 67410 392 50318 38 59812
57577 393 67410 392 55088 38 59812
57577 393 67410 392 40004 38 59812
57577 393 67410 392 19994 38 59812
57577 393 67410 392 49559 38 59812
57577 393 67410 392 15812 38 59812
57577 393 67410 392 56638 38 59812
57577 393 67410 392 22834 38 59812
57577 393 67410 392 68187 38 59812
57577 393 67410 392 60279 38 59812
57577 393 67410 392 12123 38 59812
57577 393 67410 392 11949 38 59812
57577 393 67410 392 6013 38 59812
57577 393 67410 392 54557 38 59812
57577 393 67410 392 20385 38 59812
57577 393 67410 392 25313 38 59812
57577 393 67410 392 66203 38 59812
57577 393 67410 392 18281 38 59812
57577 393 67410 392 40360 38 59812
57577 393 67410 392 70064 38 59812
57577 393 67410 392 52957 38 59812
57577 393 67410 392 65245 38 59812
57577 393 67410 392 56501 38 59812
57577 393 67410 392 43634 38 59812
57577 393 67410 392 40554 300 59812
57577 393 67410 75 53751 300 59812
57577 356 14472 164 61154 300 59812
57577 356 14472 164 40762 300 59812
57577 356 14472 164 11326 300 59812
57577 356 14472 164 49184 300 59812
57577 356 14472 164 26873 300 59812
57577 356 14472 164 18801 300 59812
57577 356 14472 164 6007 300 59812
57577 356 14472 164 59149 300 59812
57577 356 14472 164 73214 300 59812
57577 356 14472 28 59874 300 59812
57577 356 14472 295 27735 38 59812
57577 356 14472 295 48258 38 59812
57577 356 14472 295 1140 38 59812
57577 356 14472 295 20410 38 59812
57577 356 14472 295 74047 38 59812
57577 356 14472 295 12561 38 59812
57577 356 14472 295 51302 38 59812
57577 356 14472 295 69649 38 59812
57577 356 14472 295 301 38 59812
57577 356 14472 295 45948 38 59812
57577 356 14472 295 39807 38 59812
57577 356 14472 295 61002 38 59812
57577 356 14472 295 8365 38 59812
57577 356 14472 295 1436 38 59812
57577 356 14472 295 20716 38 59812
57577 356 14472 295 20916 38 59812
57577 356 14472 295 63259 38 59812
57577 356 14472 295 74877 38 59812
57577 356 14472 295 53190 38 59812
57577 356 14472 295 43732 38 59812
57577 356 14472 295 30028 38 59812
57577 356 14472 295 11206 38 59812
57577 356 14472 295 36304 38 59812
57577 356 14472 295 38302 38 59812
57577 356 14472 295 19984 38 59812
57577 356 14472 295 36622 38 59812
57577 356 14472 295 68761 38 59812
57577 356 14472 295 71211 38 59812
57577 356 14472 295 20298 38 59812
57577 356 14472 295 4269 38 59812
57577 356 14472 295 64063 38 59812
57577 356 14472 295 18698 38 59812
57577 356 14472 295 18671 38 59812
57577 356 14472 295 1495 38 59812
57577 356 14472 295 63793 38 59812
57577 356 14472 382 55723 300 59812
57577 105 27332 172 22748 172 47635 300 59812
57577 105 27332 172 33888 96 67459 38 59812
57577 105 27332 172 33888 32 51363 300 59812
57577 105 27332 172 25762 96 8678 38 59812
57577 105 27332 172 25762 96 5890 38 59812
57577 105 27332 172 25762 96 75078 38 59812
57577 105 27332 172 25762 96 71406 38 59812
57577 105 27332 252 6067 32 64545 300 59812
57577 105 27332 252 6067 32 6947 300 59812
57577 105 27332 252 6067 32 68441 300 59812
57577 105 27332 252 6067 151 37646 300 59812
57577 105 27332 252 6067 151 70550 300 59812
57577 105 27332 252 6067 151 731 300 59812
57577 105 27332 252 6067 151 31636 300 59812
57577 105 27332 252 6067 151 35180 300 59812
57577 105 27332 252 6067 151 23607 300 59812
57577 105 27332 252 6067 151 20794 300 59812
57577 105 27332 252 6067 151 50528 300 59812
57577 105 27332 252 6067 151 14858 300 59812
57577 105 27332 252 6067 151 31312 300 59812
57577 105 27332 252 6067 151 18999 300 59812
57577 105 27332 252 6067 151 58806 300 59812
57577 105 27332 252 6067 151 32357 300 59812
57577 105 27332 252 6067 151 51467 300 59812
57577 105 27332 252 6067 151 51574 300 59812
57577 105 27332 252 6067 151 37673 300 59812
57577 105 27332 252 6067 151 65235 300 59812
57577 105 27332 252 6067 369 6534 300 59812
57577 105 27332 300 50253 211 66182 300 59812
57577 105 27332 300 50253 110 43610 38 59812
57577 105 27332 300 50253 110 1198 38 59812
57577 105 27332 300 50253 110 36623 38 59812
57577 105 27332 300 50253 110 39847 38 59812
57577 105 27332 300 50253 110 38340 38 59812
57577 105 27332 300 50253 110 27034 38 59812
57577 105 27332 300 50253 110 30172 38 59812
57577 105 27332 300 50253 110 20094 38 59812
57577 105 27332 300 50253 110 39927 38 59812
57577 105 27332 300 50253 110 26560 38 59812
57577 105 27332 300 50253 110 12859 38 59812
57577 105 27332 300 50253 110 70392 38 59812
57577 105 27332 300 50253 110 25815 38 59812
57577 105 27332 300 50253 110 5494 38 59812
57577 105 27332 300 50253 110 52496 38 59812
57577 105 27332 300 50253 110 23955 38 59812
57577 105 27332 300 50253 110 63849 38 59812
57577 105 27332 300 50253 110 34343 38 59812
57577 105 27332 300 50253 110 29916 38 59812
57577 105 27332 300 50253 110 57805 38 59812
57577 105 27332 300 50253 110 28435 38 59812
57577 105 27332 300 50253 110 34361 38 59812
57577 105 27332 300 50253 110 10891 38 59812
57577 105 27332 300 50253 110 47224 38 59812
57577 105 27332 300 50253 110 67507 38 59812
57577 105 27332 300 50253 110 19365 38 59812
57577 105 27332 300 50253 110 66968 38 59812
57577 105 27332 300 50253 110 68431 38 59812
57577 105 27332 300 50253 110 70894 38 59812
57577 105 27332 300 50253 110 9277 38 59812
57577 105 27332 300 50253 110 39269 38 59812
57577 105 27332 300 50253 110 16987 38 59812
57577 105 27332 300 50253 110 3606 38 59812
57577 105 27332 300 50253 110 63340 38 59812
57577 105 27332 300 50253 110 49242 38 59812
57577 105 27332 300 50253 110 63738 38 59812
57577 105 27332 300 50253 110 29779 38 59812
57577 105 27332 369 33054 277 19642 300 59812
57577 105 27332 369 33054 277 33922 300 59812
57577 105 27332 369 33054 277 16735 300 59812
57577 105 27332 369 33054 277 6905 300 59812
57577 105 27332 369 33054 277 30490 300 59812
57577 105 27332 369 33054 277 9110 300 59812
57577 105 27332 369 33054 277 55801 300 59812
57577 105 27332 369 33054 277 21891 300 59812
57577 105 27332 369 33054 277 25941 300 59812
57577 105 27332 369 33054 277 12706 300 59812
57577 105 27332 369 33054 277 24856 300 59812
57577 105 27332 369 33054 277 9025 300 59812
57577 105 27332 369 33054 277 40730 300 59812
57577 105 27332 369 33054 277 46626 300 59812
57577 105 27332 369 33054 277 60751 300 59812
57577 105 27332 369 33054 277 66019 300 59812
57577 105 27332 369 33054 277 15271 300 59812
57577 105 27332 369 33054 277 18362 300 59812
57577 105 27332 369 33054 277 1771 300 59812
57577 105 27332 369 33054 277 3276 300 59812
57577 105 27332 369 33054 277 11049 300 59812
57577 105 27332 369 33054 277 11053 300 59812
57577 105 27332 369 33054 277 28226 300 59812
57577 105 27332 369 33054 252 5256 300 59812
57577 105 27332 369 33054 252 45079 300 59812
57577 105 27332 369 33054 252 53302 300 59812
57577 105 27332 369 33054 252 66551 300 59812
57577 105 27332 369 33054 32 50078 300 59812
57577 105 27332 369 33054 32 54811 300 59812
57577 393 67410 272 32131 290 69865 300 59812
57577 393 67410 272 32131 278 66837 300 59812
57577 393 67410 392 62223 63 70102 300 59812
57577 393 67410 392 30918 96 70088 38 59812
57577 393 67410 392 32662 163 17689 38 59812
57577 393 67410 392 7232 252 66085 300 59812
57577 393 67410 392 66203 63 17121 300 59812
57577 393 67410 64 63292 14 9678 300 59812
57577 393 67410 75 38944 315 11756 300 59812
57577 393 67410 75 53751 105 50933 300 59812
57577 393 67410 75 33951 32 43304 300 59812
57577 393 67410 222 29063 202 17624 300 59812
57577 393 67410 114 21109 155 24097 300 59812
57577 393 67410 383 69092 114 7253 300 59812
57577 393 67410 383 69092 114 64073 300 59812
57577 393 67410 383 69092 294 14740 300 59812
57577 393 67410 383 69092 294 74978 300 59812
57577 393 67410 383 69092 294 44741 300 59812
57577 393 67410 383 69092 294 11017 300 59812
57577 393 67410 277 32706 205 51172 300 59812
57577 393 67410 277 32706 205 6196 300 59812
57577 393 67410 161 51420 75 71749 300 59812
57577 393 67410 161 61222 231 2263 300 59812
57577 393 67410 252 59840 31 24988 300 59812
57577 105 27332 172 22748 300 13797 211 44549 300 59812
57577 105 27332 172 22748 300 13797 211 2610 300 59812
57577 105 27332 172 22748 300 13797 211 46556 300 59812
57577 105 27332 172 33888 224 4081 376 168 300 59812
57577 105 27332 172 33888 38 5604 211 4368 300 59812
57577 105 27332 172 33888 38 5604 211 73617 300 59812
57577 105 27332 172 33888 38 5604 211 59822 300 59812
57577 105 27332 172 33888 38 5604 211 67050 300 59812
57577 105 27332 172 33888 38 5604 110 3642 38 59812
57577 105 27332 172 25762 38 65325 211 42842 300 59812
57577 105 27332 172 25762 38 65325 211 74316 300 59812
57577 105 27332 252 6067 32 34351 102 44084 300 59812
57577 105 27332 252 6067 151 43961 294 57760 300 59812
57577 105 27332 252 6067 151 63771 172 36376 300 59812
57577 105 27332 252 6067 151 27894 75 12041 300 59812
57577 105 27332 252 6067 151 50528 75 47616 300 59812
57577 105 27332 105 72019 300 62434 211 44667 300 59812
57577 105 27332 105 72019 300 62434 211 58723 300 59812
57577 105 27332 105 72019 300 62434 211 67870 300 59812
57577 105 27332 105 72019 300 62434 211 36805 300 59812
57577 105 27332 105 72019 300 62434 211 63713 300 59812
57577 105 27332 105 72019 300 62434 211 61794 300 59812
57577 105 27332 105 72019 300 62434 211 56111 300 59812
57577 105 27332 105 72019 300 62434 211 22947 300 59812
57577 105 27332 105 72019 300 62434 211 20610 300 59812
57577 105 27332 105 72019 300 62434 211 5590 300 59812
57577 105 27332 105 72019 300 62434 211 31597 300 59812
57577 105 27332 105 72019 300 62434 211 17692 300 59812
57577 105 27332 105 72019 300 62434 211 2956 300 59812
57577 105 27332 105 72019 300 62434 211 16633 300 59812
57577 105 27332 105 72019 300 62434 211 10842 300 59812
57577 105 27332 105 72019 300 62434 211 13918 300 59812
57577 105 27332 300 50253 211 15401 241 63168 300 59812
57577 105 27332 369 33054 277 44613 359 39896 300 59812
57577 105 27332 369 33054 277 19162 359 54498 300 59812
57577 105 27332 369 33054 277 49084 6 48506 300 59812
57577 105 27332 369 33054 252 40309 31 44074 300 59812
57577 105 27332 369 33054 252 68339 205 45407 300 59812
57577 105 27332 277 66047 332 29065 31 23457 300 59812
57577 393 67410 272 65268 332 29064 31 23494 300 59812
57577 393 67410 272 65268 332 23453 31 36050 300 59812
57577 393 67410 272 32131 300 4968 211 53330 300 59812
57577 393 67410 272 32131 396 54516 35 43523 300 59812
57577 393 67410 272 32131 396 54516 35 74546 300 59812
57577 393 67410 272 11210 354 3650 124 37073 300 59812
57577 393 67410 392 43173 256 54168 254 30884 300 59812
57577 393 67410 392 43173 256 54168 254 43754 300 59812
57577 393 67410 392 13658 63 4279 114 60620 300 59812
57577 393 67410 392 60926 38 35791 211 14785 300 59812
57577 393 67410 392 60926 38 35791 211 43016 300 59812
57577 393 67410 392 60926 38 35791 211 61194 300 59812
57577 393 67410 392 40360 63 24071 278 65959 38 59812
57577 393 67410 392 26528 356 17373 373 25916 300 59812
57577 393 67410 64 28573 265 43564 392 70896 38 59812
57577 393 67410 75 23705 332 7925 205 52869 300 59812
57577 393 67410 75 38944 315 38128 15 11658 300 59812
57577 393 67410 75 38944 315 38128 130 10306 300 59812
57577 393 67410 75 53751 213 58833 121 42760 300 59812
57577 393 67410 75 1262 332 74261 31 43962 300 59812
57577 393 67410 222 29063 202 42634 75 36604 300 59812
57577 393 67410 114 49761 143 69742 113 17311 300 59812
57577 393 67410 114 49761 143 69742 113 13781 300 59812
57577 393 67410 114 49761 143 69742 113 18888 300 59812
57577 393 67410 114 49761 143 69742 113 61413 300 59812
57577 393 67410 114 21356 143 37487 113 51021 300 59812
57577 393 67410 161 61222 20 27580 373 56001 300 59812
57577 393 67410 242 33554 266 26928 113 16527 300 59812
57577 356 14472 295 53904 105 13163 172 59753 300 59812
57577 356 14472 295 45948 38 60374 211 73899 300 59812
57577 356 14472 295 45948 38 60374 211 31171 300 59812
57577 105 27332 172 22748 32 36853 114 73979 155 73412 300 59812
57577 105 27332 252 6067 32 44534 105 52734 172 52081 300 59812
57577 105 27332 252 6067 32 44534 105 52734 172 71878 300 59812
57577 105 27332 252 6067 32 44534 105 52734 172 59779 300 59812
57577 105 27332 252 6067 32 44534 105 52734 105 37256 300 59812
57577 105 27332 252 6067 151 73831 252 61354 131 1919 300 59812
57577 105 27332 300 50253 211 15401 98 15395 204 60959 300 59812
57577 105 27332 369 33054 277 48177 382 42248 6 45149 300 59812
57577 105 27332 369 33054 277 67332 311 39456 380 36020 300 59812
57577 393 67410 272 32131 126 6576 358 6060 28 61727 300 59812
57577 393 67410 64 69700 127 37295 194 75380 162 56228 300 59812
57577 356 14472 382 55723 67 29793 127 26795 330 60824 300 59812
57577 105 27332 252 6067 151 28376 252 21632 213 5320 121 70331 300 59812
57577 105 27332 369 33054 252 65857 31 23479 334 35074 217 3584 300 59812
