72079 300 66239
72079 105 27339 172 26159 300 66239
72079 382 5850 6 18597 300 66239
72079 382 42618 6 46549 300 66239
72079 382 56441 321 24058 300 66239
72079 382 65513 6 37744 300 66239
72079 300 62434 211 19219 300 66239
72079 300 62434 211 38348 300 66239
72079 300 62434 211 26537 300 66239
72079 300 62434 211 32723 300 66239
72079 300 62434 211 28617 300 66239
72079 300 62434 211 60391 300 66239
72079 300 62434 211 33697 300 66239
72079 300 62434 211 1444 300 66239
72079 300 62434 211 31333 300 66239
72079 300 62434 211 27388 300 66239
72079 300 62434 211 75205 300 66239
72079 300 62434 211 47566 300 66239
72079 300 62434 211 42166 300 66239
72079 300 62434 211 49910 300 66239
72079 300 62434 211 55908 300 66239
72079 300 62434 211 3447 300 66239
72079 300 62434 211 57936 300 66239
72079 300 62434 211 27376 300 66239
72079 300 62434 211 71525 300 66239
72079 300 62434 211 53598 300 66239
72079 300 62434 211 60924 300 66239
72079 300 62434 211 19210 300 66239
72079 300 62434 211 37302 300 66239
72079 300 62434 211 1600 300 66239
72079 300 62434 211 2060 300 66239
72079 300 62434 211 8145 300 66239
72079 300 62434 211 63964 300 66239
72079 300 62434 211 47724 300 66239
72079 300 62434 211 64590 300 66239
72079 300 62434 211 33744 300 66239
72079 300 62434 211 15756 300 66239
72079 300 62434 211 32709 300 66239
72079 300 62434 211 53848 300 66239
72079 300 62434 211 48374 300 66239
72079 300 62434 211 27327 300 66239
72079 300 62434 211 14010 300 66239
72079 300 62434 211 50085 300 66239
72079 300 62434 211 66459 300 66239
72079 300 62434 211 31910 300 66239
72079 300 62434 211 59259 300 66239
72079 332 1707 31 12741 300 66239
72079 332 1707 31 67997 300 66239
72079 332 1707 31 8487 379 66239
72079 332 1707 31 33377 379 66239
72079 332 10045 31 3394 300 66239
72079 332 10045 31 36689 300 66239
72079 332 10045 31 25233 300 66239
72079 332 65855 31 46350 300 66239
72079 332 65855 31 42505 300 66239
72079 332 65855 31 27205 300 66239
72079 332 65855 31 69820 379 66239
72079 332 65855 31 35110 379 66239
72079 332 65855 31 36992 379 66239
72079 332 65857 31 63530 300 66239
72079 332 65857 31 67094 300 66239
72079 332 29064 31 40002 300 66239
72079 256 54168 254 67791 300 66239
72079 256 54168 254 19215 300 66239
72079 256 54168 254 73969 300 66239
72079 256 54168 254 31989 300 66239
72079 256 29063 15 70739 379 66239
72079 373 17020 398 4070 379 66239
72079 373 17020 398 71334 379 66239
72079 373 59220 5 50323 379 66239
72079 373 59220 5 20839 379 66239
72079 373 59220 5 34418 379 66239
72079 373 59220 5 5496 379 66239
72079 373 59220 164 20626 300 66239
72079 373 59220 361 24437 379 66239
72079 373 59220 361 65618 379 66239
72079 383 69092 294 22800 300 66239
72079 383 69092 294 284 300 66239
72079 383 69092 294 18100 300 66239
72079 297 61222 142 3193 379 66239
72079 297 61222 231 71881 300 66239
72079 297 61222 231 27901 300 66239
72079 297 61222 231 9015 300 66239
72079 398 39635 143 69742 113 3710 300 66239
72079 382 5850 6 18597 164 73635 300 66239
72079 382 30109 342 17518 5 6422 379 66239
72079 382 30109 342 64632 112 70652 379 66239
72079 300 62434 211 67332 350 15401 300 66239
72079 300 62434 211 33744 123 60511 379 66239
72079 300 62434 211 17630 256 40335 379 66239
72079 300 62434 211 16633 109 72578 300 66239
72079 256 54168 254 42770 60 47824 379 66239
72079 256 54168 379 1483 88 6330 379 66239
72079 256 54168 379 1483 88 36941 379 66239
72079 373 59220 361 55597 270 36227 379 66239
72079 373 59220 361 65618 270 62552 379 66239
72079 373 59220 361 65618 270 57604 379 66239
72079 373 59220 361 65618 270 13449 379 66239
72079 373 28376 332 68805 31 15033 379 66239
72079 105 27339 172 26159 300 65810 211 42564 300 66239
72079 105 27339 172 26159 300 65810 211 59973 300 66239
72079 105 27339 172 26159 300 26313 211 56477 300 66239
72079 105 27339 172 26159 300 26313 211 45959 300 66239
72079 382 37878 369 33054 277 52898 338 8078 379 66239
72079 382 37878 369 33054 277 52898 334 67892 379 66239
72079 332 1707 31 67997 396 73009 35 40081 300 66239
72079 332 1707 31 33377 379 61696 88 38265 379 66239
