72079 300 62434
72079 382 59046 300 62434
72079 373 45140 300 62434
72079 373 63685 300 62434
72079 373 51172 300 62434
72079 373 17020 300 62434
72079 373 23105 300 62434
72079 373 64571 300 62434
72079 373 26494 300 62434
72079 373 36865 300 62434
72079 373 61434 300 62434
72079 373 40637 300 62434
72079 373 19747 300 62434
72079 373 28376 300 62434
72079 373 58806 300 62434
72079 373 11484 300 62434
72079 164 4400 300 62434
72079 268 63472 300 62434
72079 105 27339 172 33363 300 62434
72079 105 27339 172 44667 300 62434
72079 105 27339 172 33922 300 62434
72079 105 27339 172 29285 300 62434
72079 105 27339 172 21843 300 62434
72079 105 27339 172 16727 300 62434
72079 105 27339 172 71297 300 62434
72079 105 27339 172 32357 300 62434
72079 105 27339 172 68052 300 62434
72079 105 27339 172 57100 300 62434
72079 105 27339 172 48963 300 62434
72079 105 27339 172 40730 300 62434
72079 105 27339 172 52920 300 62434
72079 105 27339 172 1105 300 62434
72079 105 27339 172 72855 300 62434
72079 105 27339 172 72302 300 62434
72079 105 27339 172 28806 300 62434
72079 105 27339 172 18779 300 62434
72079 105 27339 172 26159 300 62434
72079 382 37878 369 33054 151 62434
72079 382 5850 6 18597 300 62434
72079 382 42618 6 73239 300 62434
72079 382 56441 321 24058 300 62434
72079 300 66239 211 19219 300 62434
72079 300 66239 211 38348 300 62434
72079 300 66239 211 26537 300 62434
72079 300 66239 211 32723 300 62434
72079 300 66239 211 28617 300 62434
72079 300 66239 211 60391 300 62434
72079 300 66239 211 33697 300 62434
72079 300 66239 211 1444 300 62434
72079 300 66239 211 31333 300 62434
72079 300 66239 211 27388 300 62434
72079 300 66239 211 75205 300 62434
72079 300 66239 211 47566 300 62434
72079 300 66239 211 42166 300 62434
72079 300 66239 211 49910 300 62434
72079 300 66239 211 55908 300 62434
72079 300 66239 211 3447 300 62434
72079 300 66239 211 57936 300 62434
72079 300 66239 211 27376 300 62434
72079 300 66239 211 71525 300 62434
72079 300 66239 211 53598 300 62434
72079 300 66239 211 60924 300 62434
72079 300 66239 211 19210 300 62434
72079 300 66239 211 37302 300 62434
72079 300 66239 211 1600 300 62434
72079 300 66239 211 2060 300 62434
72079 300 66239 211 8145 300 62434
72079 300 66239 211 63964 300 62434
72079 300 66239 211 47724 300 62434
72079 300 66239 211 64590 300 62434
72079 300 66239 211 33744 300 62434
72079 300 66239 211 15756 300 62434
72079 300 66239 211 32709 300 62434
72079 300 66239 211 53848 300 62434
72079 300 66239 211 48374 300 62434
72079 300 66239 211 27327 300 62434
72079 300 66239 211 14010 300 62434
72079 300 66239 211 50085 300 62434
72079 300 66239 211 66459 300 62434
72079 300 66239 211 31910 300 62434
72079 300 66239 211 59259 300 62434
72079 332 1707 31 14264 300 62434
72079 332 1707 31 66245 300 62434
72079 332 1707 31 72862 300 62434
72079 332 1707 31 58140 300 62434
72079 332 1707 31 58804 300 62434
72079 332 1707 31 52683 300 62434
72079 332 1707 31 48726 300 62434
72079 332 1707 31 40951 300 62434
72079 332 1707 31 56770 300 62434
72079 332 1707 31 17692 300 62434
72079 332 1707 31 6534 300 62434
72079 332 1707 31 33731 300 62434
72079 332 10045 31 32830 300 62434
72079 332 10045 31 72056 300 62434
72079 332 10045 31 30439 300 62434
72079 332 10045 31 24688 300 62434
72079 332 10045 31 11565 300 62434
72079 332 10045 31 19847 300 62434
72079 332 10045 31 31485 300 62434
72079 332 10045 31 53927 300 62434
72079 332 10045 31 3650 300 62434
72079 332 10045 31 40314 300 62434
72079 332 10045 31 17630 300 62434
72079 332 10045 31 19706 300 62434
72079 332 10045 369 14858 300 62434
72079 332 1705 31 65908 300 62434
72079 332 1705 31 70550 300 62434
72079 332 1705 31 65174 300 62434
72079 332 65855 31 53154 300 62434
72079 332 65855 31 63358 300 62434
72079 332 65855 31 42726 300 62434
72079 332 65855 31 11766 300 62434
72079 332 65855 31 57967 300 62434
72079 332 65855 31 13315 300 62434
72079 332 65855 31 31842 300 62434
72079 332 65855 31 59152 300 62434
72079 332 65855 31 23636 300 62434
72079 332 65855 31 25169 300 62434
72079 332 65855 31 19960 300 62434
72079 332 65855 31 599 300 62434
72079 332 65855 31 5480 300 62434
72079 332 65855 31 34555 300 62434
72079 332 65853 31 45264 300 62434
72079 332 65853 31 72233 300 62434
72079 332 65853 31 6781 300 62434
72079 332 65853 31 29320 300 62434
72079 332 65853 31 13464 300 62434
72079 332 65853 31 73897 300 62434
72079 332 65853 31 28306 300 62434
72079 332 65857 31 73460 300 62434
72079 332 65857 31 7341 300 62434
72079 332 65857 31 5380 300 62434
72079 332 65857 31 34266 300 62434
72079 332 65856 31 43929 300 62434
72079 332 65856 31 70383 300 62434
72079 332 65856 31 12179 300 62434
72079 332 65856 31 31931 300 62434
72079 332 65856 369 50528 300 62434
72079 332 29052 31 12203 300 62434
72079 332 29052 31 15762 300 62434
72079 332 29052 31 11257 300 62434
72079 332 29065 31 20691 300 62434
72079 332 29065 31 44378 300 62434
72079 332 23453 31 66166 300 62434
72079 332 23453 31 48050 300 62434
72079 256 54168 254 19642 300 62434
72079 256 54168 254 66494 300 62434
72079 256 54168 254 44079 300 62434
72079 256 54168 254 15994 300 62434
72079 256 54168 254 74935 300 62434
72079 256 54168 254 9561 300 62434
72079 256 54168 254 37898 300 62434
72079 256 54168 254 75367 300 62434
72079 256 54168 254 18267 300 62434
72079 256 54168 254 34594 300 62434
72079 256 54168 254 57681 300 62434
72079 256 54168 254 74585 300 62434
72079 256 54168 254 15020 300 62434
72079 256 54168 254 66747 300 62434
72079 256 54168 254 4848 300 62434
72079 256 54168 254 16381 300 62434
72079 256 54168 254 5956 300 62434
72079 256 54168 254 44741 300 62434
72079 256 54168 254 61481 300 62434
72079 256 54168 254 59822 300 62434
72079 256 54168 254 46239 300 62434
72079 256 54168 254 73393 300 62434
72079 256 54168 254 25264 300 62434
72079 256 54168 254 60258 300 62434
72079 256 54168 254 65931 300 62434
72079 256 54168 254 30666 300 62434
72079 256 54168 254 54333 300 62434
72079 256 54168 141 4701 300 62434
72079 373 20689 356 41975 300 62434
72079 373 59220 5 72687 300 62434
72079 373 28376 398 38128 300 62434
72079 383 69092 75 53751 300 62434
72079 383 69092 114 65612 300 62434
72079 383 69092 114 18471 300 62434
72079 383 69092 114 7236 300 62434
72079 383 69092 114 32131 300 62434
72079 383 69092 114 72087 300 62434
72079 383 69092 114 31627 300 62434
72079 383 69092 114 10875 300 62434
72079 383 69092 114 21356 300 62434
72079 383 69092 294 2871 300 62434
72079 383 69092 294 71653 300 62434
72079 383 69092 294 6717 300 62434
72079 383 69092 294 38680 300 62434
72079 383 69092 294 71647 300 62434
72079 383 69092 294 11794 300 62434
72079 383 69092 294 23607 300 62434
72079 75 41897 252 61202 300 62434
72079 75 41897 252 32762 300 62434
72079 271 51246 130 57686 300 62434
72079 297 61222 231 54794 300 62434
72079 297 61222 231 7339 300 62434
72079 297 61222 231 16927 300 62434
72079 297 61222 231 8456 300 62434
72079 297 61222 231 11924 300 62434
72079 398 39635 105 52734 172 10831 300 62434
72079 398 39635 105 52734 172 71294 300 62434
72079 398 39635 105 52734 172 54052 300 62434
72079 398 39635 105 52734 172 36805 300 62434
72079 398 39635 105 52734 172 74545 300 62434
72079 398 39635 105 52734 172 69510 300 62434
72079 398 39635 105 52734 172 44084 300 62434
72079 398 39635 105 52734 172 19869 300 62434
72079 398 39635 105 52734 172 16704 300 62434
72079 398 39635 105 52734 172 228 300 62434
72079 398 39635 105 52734 172 28767 300 62434
72079 398 39635 105 52734 172 31597 300 62434
72079 398 39635 105 52734 172 47261 300 62434
72079 398 39635 105 52734 172 13918 300 62434
72079 398 39635 105 52734 105 58723 300 62434
72079 398 39635 105 52734 105 63359 300 62434
72079 398 39635 105 52734 105 59031 300 62434
72079 398 39635 143 69742 113 67870 300 62434
72079 398 39635 143 69742 113 65170 300 62434
72079 398 39635 143 69742 113 37978 300 62434
72079 398 39635 143 69742 113 45818 300 62434
72079 398 39635 143 69742 113 17390 300 62434
72079 398 39635 143 69742 113 13146 300 62434
72079 398 39635 143 69742 113 12947 300 62434
72079 398 39635 143 69742 113 14112 300 62434
72079 398 39635 143 69742 113 34316 300 62434
72079 398 39635 143 69742 113 4217 300 62434
72079 398 39635 143 69742 113 22362 300 62434
72079 398 39635 143 69742 113 38660 300 62434
72079 105 27339 172 33922 369 28369 300 62434
72079 105 27339 172 63489 398 23305 300 62434
72079 105 27339 172 28806 15 63319 300 62434
72079 105 27339 172 26159 172 67908 300 62434
72079 382 37878 151 21435 6 411 300 62434
72079 382 37878 151 21435 6 67652 300 62434
72079 382 37878 369 33054 277 13205 300 62434
72079 382 37878 369 33054 277 6573 300 62434
72079 382 37878 369 33054 277 25746 300 62434
72079 382 37878 369 33054 277 36036 300 62434
72079 382 37878 369 33054 277 67332 300 62434
72079 382 37878 369 33054 277 20028 300 62434
72079 382 37878 369 33054 277 21109 300 62434
72079 382 37878 369 33054 277 36278 300 62434
72079 382 37878 369 33054 277 20410 300 62434
72079 382 37878 369 33054 277 28226 300 62434
72079 382 37878 369 33054 277 49265 300 62434
72079 382 37878 369 33054 277 32776 300 62434
72079 382 37878 369 33054 277 38293 300 62434
72079 382 37878 369 33054 252 10424 300 62434
72079 382 37878 369 33054 252 45079 300 62434
72079 382 37878 369 33054 252 15075 300 62434
72079 382 37878 369 33054 252 69258 300 62434
72079 382 37878 369 33054 32 62852 300 62434
72079 382 56645 358 9577 28 40635 300 62434
72079 382 5850 6 18597 164 8266 300 62434
72079 382 5850 6 18597 373 26496 300 62434
72079 382 5850 6 18597 373 11909 300 62434
72079 382 5850 6 18597 373 5065 300 62434
72079 382 5850 6 18597 373 40844 300 62434
72079 382 5850 359 54091 102 8297 300 62434
72079 382 5850 332 65861 31 1671 300 62434
72079 382 60222 369 53811 277 5562 300 62434
72079 382 42618 358 51607 28 63763 300 62434
72079 382 56441 321 24058 196 54142 300 62434
72079 382 30109 342 17518 5 32101 300 62434
72079 382 30109 28 616 358 73900 300 62434
72079 382 30109 28 30480 358 40111 300 62434
72079 382 30430 12 8039 6 63713 300 62434
72079 300 66239 211 72578 350 16633 300 62434
72079 300 66239 211 15401 241 45370 300 62434
72079 300 66239 211 15401 241 9474 300 62434
72079 300 66239 211 15401 241 54601 300 62434
72079 300 66239 211 15401 362 48711 300 62434
72079 332 1707 31 66245 359 69659 300 62434
72079 332 1707 31 19694 114 21879 300 62434
72079 332 10045 31 3650 124 23690 300 62434
72079 332 10045 31 19295 323 14691 300 62434
72079 332 65855 31 74876 373 17538 300 62434
72079 332 65855 31 5604 211 73617 300 62434
72079 332 65855 31 5604 211 67050 300 62434
72079 332 65853 31 23393 359 6495 300 62434
72079 332 29065 31 16703 278 53175 300 62434
72079 332 29065 31 21202 241 2464 300 62434
72079 332 29065 31 21202 241 41952 300 62434
72079 332 29065 31 21202 241 62963 300 62434
72079 332 29065 31 21202 241 1838 300 62434
72079 332 29065 31 21202 341 40233 300 62434
72079 256 54168 379 1483 88 53145 300 62434
72079 256 29063 254 39108 164 12011 300 62434
72079 256 29063 254 39108 164 66979 300 62434
72079 256 29063 254 39108 5 4603 300 62434
72079 373 30973 102 46685 359 42274 300 62434
72079 373 30973 102 46685 359 46959 300 62434
72079 373 30973 102 46685 359 32430 300 62434
72079 373 30973 102 46685 359 11513 300 62434
72079 373 30973 102 46685 359 50698 300 62434
72079 373 30973 102 46685 359 24245 300 62434
72079 373 30973 143 37487 113 33193 300 62434
72079 373 30973 300 38807 211 9409 300 62434
72079 373 30973 213 58833 121 17157 300 62434
72079 373 51172 300 59812 211 61794 300 62434
72079 373 51172 300 59812 211 56111 300 62434
72079 373 51172 300 59812 211 22947 300 62434
72079 373 51172 300 59812 211 72019 300 62434
72079 373 51172 300 59812 211 20610 300 62434
72079 373 51172 300 59812 211 5590 300 62434
72079 373 51172 300 59812 211 2610 300 62434
72079 373 51172 300 59812 211 2956 300 62434
72079 373 51172 300 59812 211 10842 300 62434
72079 373 51172 369 73592 277 35098 300 62434
72079 373 64382 172 63771 172 47154 300 62434
72079 383 69092 75 38944 315 74830 300 62434
72079 105 27339 172 33922 369 28369 241 41816 300 62434
72079 105 27339 172 33922 369 28369 241 26039 300 62434
72079 105 27339 172 33922 369 28369 172 16371 300 62434
72079 105 27339 172 26159 172 67908 109 41184 300 62434
72079 105 27339 172 26159 172 67908 109 70447 300 62434
72079 105 27339 172 26159 172 67908 109 74359 300 62434
72079 105 27339 172 26159 172 67908 172 10652 300 62434
72079 105 27339 172 26159 172 67908 172 9942 300 62434
72079 105 27339 172 26159 172 67908 172 56851 300 62434
72079 105 27339 172 26159 172 67908 172 18745 300 62434
72079 105 27339 172 26159 175 5601 160 54201 300 62434
72079 105 27339 172 26159 175 5601 160 60245 300 62434
72079 105 27339 172 26159 300 65810 211 61774 300 62434
72079 105 27339 172 26159 300 26313 211 7316 300 62434
72079 382 37878 369 33054 277 15526 359 70457 300 62434
72079 382 37878 369 33054 277 67332 341 12032 300 62434
72079 382 37878 369 33054 277 67332 109 21208 300 62434
72079 382 37878 369 33054 277 67332 109 16500 300 62434
72079 382 37878 369 33054 252 40260 239 11089 300 62434
72079 382 56441 321 24058 262 29648 362 70964 300 62434
72079 382 56441 321 24058 262 10036 323 75172 300 62434
72079 382 56441 321 24058 262 29580 323 492 300 62434
72079 382 56441 321 24058 172 39042 109 877 300 62434
72079 382 56441 321 24058 172 39042 109 14245 300 62434
72079 382 56441 321 24058 172 39042 109 43536 300 62434
72079 382 56441 321 24058 172 39042 109 59036 300 62434
72079 382 30109 342 17518 5 69700 127 13975 300 62434
72079 300 66239 211 37302 369 22958 277 13475 300 62434
72079 300 66239 211 63964 398 67689 6 18792 300 62434
72079 300 66239 211 15401 109 69583 350 38263 300 62434
72079 300 66239 211 15401 98 61405 204 42990 300 62434
72079 300 66239 211 15401 362 48711 262 37011 300 62434
72079 332 10045 31 45570 136 44231 380 44306 300 62434
72079 332 10045 31 19706 102 33553 359 19964 300 62434
72079 332 65853 31 11949 119 62111 164 64714 300 62434
72079 332 29052 31 56153 334 72713 42 33431 300 62434
72079 256 54168 254 75367 300 1866 211 48764 300 62434
72079 256 54168 254 75367 300 1866 211 73045 300 62434
72079 398 39635 105 52734 172 31597 300 40578 211 43935 300 62434
72079 398 39635 105 52734 172 31597 300 40578 211 10434 300 62434
72079 332 65855 205 70836 172 55578 6 11886 382 70229 164 33605 300 62434
