65268 72 67410
65268 369 53751 32 67410
65268 332 65855 31 23705 32 67410
65268 332 65855 31 16834 294 67410
65268 332 65855 31 3955 72 67410
65268 332 65855 31 72636 339 67410
65268 332 65855 205 70836 155 67410
65268 332 65855 369 69092 294 67410
65268 332 10045 31 59909 32 67410
65268 332 10045 31 59909 369 67410
65268 332 65853 31 14859 20 67410
65268 332 65853 31 11949 393 67410
65268 332 29052 31 3291 294 67410
65268 332 29052 31 51637 32 67410
65268 332 29065 31 65592 393 67410
65268 332 29064 31 7232 393 67410
65268 332 29064 31 15053 393 67410
65268 369 53751 277 64193 32 67410
65268 369 53751 277 42335 32 67410
65268 369 53751 277 17440 32 67410
65268 369 53751 277 24605 32 67410
65268 369 53751 277 61155 32 67410
65268 369 53751 277 3629 32 67410
65268 369 53751 277 12369 32 67410
65268 369 53751 277 40142 32 67410
65268 369 53751 277 38202 32 67410
65268 369 53751 277 67206 72 67410
65268 369 53751 277 29013 294 67410
65268 369 53751 277 34409 32 67410
65268 369 53751 277 29310 32 67410
65268 369 53751 277 40539 32 67410
65268 369 53751 277 28155 32 67410
65268 369 53751 28 38944 32 67410
65268 369 53751 28 1251 294 67410
65268 369 53751 28 27733 32 67410
65268 369 53751 252 6067 32 67410
65268 369 53751 252 47068 294 67410
65268 369 53751 105 30112 155 67410
65268 369 53751 105 30112 32 67410
65268 369 53751 105 15084 155 67410
65268 369 53751 105 21356 155 67410
65268 369 53751 255 16864 155 67410
65268 369 53751 255 12409 155 67410
65268 369 53751 255 49761 155 67410
65268 369 53751 369 6168 383 67410
65268 369 53751 369 52803 32 67410
65268 369 53751 369 32284 32 67410
65268 332 65855 31 70136 332 64354 369 67410
65268 332 65855 31 72079 332 35877 369 67410
65268 332 65855 31 72079 332 59840 151 67410
65268 332 65855 31 72079 256 29063 202 67410
65268 332 65855 31 72079 297 61222 20 67410
65268 332 65855 31 64880 332 51352 369 67410
65268 332 65855 31 17625 114 33504 155 67410
65268 332 65855 31 6905 332 32706 369 67410
65268 332 65855 31 13931 259 15619 159 67410
65268 332 65855 31 51574 114 21109 155 67410
65268 332 65855 31 1444 114 49880 32 67410
65268 332 65855 31 1444 142 55302 104 67410
65268 332 65855 31 2748 6 71797 265 67410
65268 332 65855 31 2748 6 48679 265 67410
65268 332 65855 31 2748 6 65877 265 67410
65268 332 65855 31 16834 75 36145 32 67410
65268 332 65855 31 16834 75 3844 32 67410
65268 332 65855 31 16834 75 17211 32 67410
65268 332 65855 31 16834 75 56325 32 67410
65268 332 65855 31 16834 75 6211 32 67410
65268 332 65855 31 16834 75 72757 32 67410
65268 332 65855 31 16834 75 41411 32 67410
65268 332 65855 31 16834 75 2305 32 67410
65268 332 65855 31 16834 75 37273 32 67410
65268 332 65855 31 16834 75 4620 32 67410
65268 332 65855 31 16834 114 33095 155 67410
65268 332 65855 31 16834 114 36348 265 67410
65268 332 65855 31 16834 114 17898 265 67410
65268 332 65855 31 16834 383 59845 294 67410
65268 332 65855 31 59220 5 28573 265 67410
65268 332 65855 31 24058 196 51420 20 67410
65268 332 65855 31 24058 196 1713 161 67410
65268 332 65855 31 24058 114 33951 32 67410
65268 332 65855 31 37302 28 33701 155 67410
65268 332 65855 31 37302 28 33701 32 67410
65268 332 65855 31 49073 37 22668 32 67410
65268 332 65855 31 49073 37 22668 358 67410
65268 332 65855 31 9696 256 22878 202 67410
65268 332 65855 31 7591 259 17885 159 67410
65268 332 65855 31 19847 75 40837 32 67410
65268 332 65855 31 29427 126 24837 155 67410
65268 332 65855 31 29427 290 31538 32 67410
65268 332 65855 31 29427 342 20187 32 67410
65268 332 65855 31 29427 278 46241 393 67410
65268 332 65855 31 36853 278 57580 393 67410
65268 332 65855 31 72997 278 60926 393 67410
65268 332 65855 31 72997 278 50248 393 67410
65268 332 65855 31 72997 278 52957 393 67410
65268 332 65855 31 38325 229 53497 245 67410
65268 332 65855 31 3650 124 45843 265 67410
65268 332 65855 31 3650 124 58864 265 67410
65268 332 65855 31 3650 240 11210 72 67410
65268 332 65855 31 29284 123 23800 265 67410
65268 332 65855 31 7165 365 41146 32 67410
65268 332 65855 31 72636 240 32131 72 67410
65268 332 65855 31 72636 322 33554 159 67410
65268 332 65855 31 72636 322 2064 159 67410
65268 332 65855 31 19694 240 73138 32 67410
65268 332 65855 31 67239 123 69700 265 67410
65268 332 65855 31 34480 91 45692 265 67410
65268 332 65855 31 73103 240 43225 32 67410
65268 332 65855 31 5604 110 32662 393 67410
65268 332 65855 31 5604 110 48204 393 67410
65268 332 65855 31 5604 110 70064 393 67410
65268 332 65855 31 5604 110 22834 393 67410
65268 332 65855 31 5604 110 56638 393 67410
65268 332 65855 31 5604 110 55088 393 67410
65268 332 65855 31 5604 110 50790 393 67410
65268 332 65855 31 5604 110 33830 393 67410
65268 332 65855 31 5604 110 62223 393 67410
65268 332 65855 31 5604 110 66372 393 67410
65268 332 65855 31 5604 110 40360 393 67410
65268 332 65855 31 5604 110 18204 393 67410
65268 332 65855 31 5604 110 54557 393 67410
65268 332 65855 31 5604 110 25762 393 67410
65268 332 65855 31 5604 110 66729 393 67410
65268 332 65855 31 5604 110 45887 393 67410
65268 332 65855 31 5604 110 5011 393 67410
65268 332 65855 31 5604 110 13658 393 67410
65268 332 65855 31 5604 110 33888 393 67410
65268 332 65855 31 5604 110 60279 393 67410
65268 332 65855 31 5604 110 11583 393 67410
65268 332 65855 31 5604 110 30918 393 67410
65268 332 65855 31 5604 110 15812 393 67410
65268 332 65855 31 5604 110 18281 393 67410
65268 332 65855 31 5604 110 42192 393 67410
65268 332 65855 31 69820 257 35173 104 67410
65268 332 65855 369 19933 64 47937 265 67410
65268 332 65855 369 19933 64 56943 265 67410
65268 332 65855 369 19933 64 8593 265 67410
65268 332 65855 369 19933 64 63292 265 67410
65268 332 65855 369 19933 64 21419 265 67410
65268 332 65855 369 19933 64 50538 265 67410
65268 332 65855 369 19933 64 67545 265 67410
65268 332 65855 369 19933 64 54397 265 67410
65268 332 65855 369 19933 383 71417 32 67410
65268 332 65855 369 19933 277 72785 72 67410
65268 332 65855 369 19933 75 59033 32 67410
65268 332 65855 369 19933 75 13043 72 67410
65268 332 65855 369 19933 75 47693 32 67410
65268 332 65855 369 69092 75 1638 32 67410
65268 332 65855 369 69092 142 5939 32 67410
65268 332 65855 369 69092 294 34193 304 67410
65268 332 65855 369 69092 294 61076 32 67410
65268 332 65855 369 69092 151 49836 32 67410
65268 332 65855 369 69092 151 49836 369 67410
65268 332 65855 369 69092 151 49836 358 67410
65268 332 65855 369 69092 277 49030 32 67410
65268 332 65855 369 69092 277 49030 369 67410
65268 332 65855 369 69092 277 49030 358 67410
65268 332 10045 31 15479 244 70679 32 67410
65268 332 10045 31 72083 114 31822 32 67410
65268 332 65853 31 14859 252 10837 72 67410
65268 332 65853 31 14859 64 18896 265 67410
65268 332 65861 31 25328 277 42673 32 67410
65268 332 65861 31 31636 75 66203 393 67410
65268 332 65861 31 74024 75 1262 32 67410
65268 332 65861 31 18999 75 74231 393 67410
65268 332 65861 151 33054 277 8623 393 67410
65268 332 65861 151 33054 277 43545 393 67410
65268 332 65861 151 33054 277 51866 294 67410
65268 332 65861 151 33054 277 51866 369 67410
65268 332 65861 151 33054 277 20385 393 67410
65268 332 29065 31 26742 75 45680 32 67410
65268 332 29065 31 23640 75 39781 72 67410
65268 332 29065 31 65592 96 9271 393 67410
65268 332 29065 31 65592 96 54881 393 67410
65268 332 29065 31 65592 96 5772 393 67410
65268 332 29065 31 13248 65 22856 104 67410
65268 332 29065 31 39737 15 43173 393 67410
65268 332 23453 31 35791 110 62051 393 67410
65268 332 23453 31 35791 110 2316 393 67410
65268 332 23453 31 35791 110 56501 393 67410
65268 369 53751 28 38944 315 74415 265 67410
65268 369 53751 28 38944 315 41106 265 67410
65268 369 53751 28 38944 315 19849 265 67410
65268 369 53751 300 59812 211 57577 393 67410
65268 369 53751 300 59812 211 23142 393 67410
65268 369 53751 300 59812 211 40554 393 67410
65268 369 53751 300 59812 110 12123 393 67410
65268 369 53751 300 59812 110 43634 393 67410
65268 369 53751 300 59812 110 65245 393 67410
65268 369 53751 300 59812 110 6013 393 67410
65268 369 53751 300 59812 110 49559 393 67410
65268 369 53751 300 59812 110 8754 393 67410
65268 369 53751 300 59812 110 25313 393 67410
65268 369 53751 300 59812 110 68187 393 67410
65268 369 53751 300 59812 110 40004 393 67410
65268 369 53751 300 59812 110 50318 393 67410
65268 369 53751 300 59812 110 19994 393 67410
65268 369 53751 369 6168 383 35186 72 67410
65268 332 65855 31 4830 383 71850 142 26899 265 67410
65268 332 65855 31 65908 114 72858 100 38677 252 67410
65268 332 65855 31 65908 114 72858 100 38677 32 67410
65268 332 65855 31 65908 114 72858 100 38677 369 67410
65268 332 65855 31 65908 114 72858 100 38677 358 67410
65268 332 65855 31 65908 114 72858 100 49592 72 67410
65268 332 65855 31 65908 114 72858 100 64133 369 67410
65268 332 65855 31 65908 114 72858 100 11028 32 67410
65268 332 65855 31 65908 114 72858 100 11028 369 67410
65268 332 65855 31 23705 32 2516 278 63009 393 67410
65268 332 65855 31 1444 297 482 272 64581 151 67410
65268 332 65855 31 1444 297 482 272 64581 358 67410
65268 332 65855 31 67997 348 15756 364 8100 393 67410
65268 332 65855 31 67997 356 17373 373 26528 393 67410
65268 332 65855 31 59220 361 65618 270 20541 104 67410
65268 332 65855 31 49073 37 22668 91 55846 265 67410
65268 332 65855 31 25928 338 3193 270 18358 104 67410
65268 332 65855 31 29427 278 46241 96 9939 393 67410
65268 332 65855 31 29427 278 46241 96 58063 393 67410
65268 332 65855 31 10417 26 63066 100 43513 72 67410
65268 332 65855 31 72997 36 52772 263 55432 393 67410
65268 332 65855 31 53891 8 49607 25 6358 369 67410
65268 332 65855 31 38325 285 11544 122 60255 393 67410
65268 332 65855 31 38325 285 11544 122 51568 393 67410
65268 332 65855 31 56435 285 18017 122 48338 393 67410
65268 332 65855 31 72636 240 32131 126 19097 393 67410
65268 332 65855 31 72636 240 32131 256 67862 32 67410
65268 332 65855 31 72636 240 32131 256 32869 32 67410
65268 332 65855 31 32937 24 39045 122 51721 393 67410
65268 332 65855 31 32937 24 39045 122 15856 393 67410
65268 332 65855 31 32937 24 39045 122 53757 393 67410
65268 332 65855 31 5604 110 54557 275 56785 393 67410
65268 332 65855 31 69820 292 44302 338 6687 104 67410
65268 332 65853 31 43304 6 13360 295 57895 393 67410
65268 332 65861 151 33054 277 25720 103 61968 393 67410
65268 332 29065 31 45763 8 61259 25 28759 32 67410
65268 332 29065 31 45763 8 61259 25 28759 369 67410
65268 332 29065 31 45763 8 61259 25 11831 32 67410
65268 332 29065 31 45763 8 61259 25 11831 151 67410
65268 332 29065 31 45763 8 61259 25 63299 252 67410
65268 332 29065 31 45763 8 61259 25 63299 32 67410
65268 332 29065 31 45763 8 61259 25 63299 369 67410
65268 332 29065 31 45763 8 61259 25 59467 72 67410
65268 369 53751 28 27689 198 14472 373 15380 393 67410
65268 369 53751 105 21356 385 4222 141 74418 32 67410
65268 332 65855 31 39520 114 40825 398 146 382 809 32 67410
65268 332 65855 31 56435 285 18017 106 32164 41 33587 32 67410
65268 332 65855 31 72636 240 32131 126 21446 372 73802 28 7543 393 67410
