12804 31 73627
12804 31 30109 28 33054 277 73627
12804 31 30109 332 65853 31 73627
12804 31 30109 332 65855 31 73627
12804 31 30109 332 1707 31 73627
12804 31 30109 332 65857 31 73627
12804 31 30109 332 10045 31 73627
12804 31 30109 332 1705 31 73627
12804 31 30109 332 68338 31 73627
12804 31 30109 332 29052 31 73627
12804 31 40434 332 65856 31 73627
12804 31 40434 332 40309 31 73627
12804 31 40434 332 68334 31 73627
12804 31 40434 332 68337 31 73627
12804 31 40434 332 68336 31 73627
12804 31 1444 75 24865 303 73627
12804 31 1444 332 29065 31 73627
12804 31 1444 332 29064 31 73627
12804 31 1444 332 23453 31 73627
12804 31 1444 332 29061 31 73627
12804 31 1444 332 32380 31 73627
12804 31 32357 332 40318 31 73627
12804 31 1444 75 28376 382 8039 303 73627
12804 31 1444 332 23453 31 44195 303 73627
