23453 31 43189
23453 31 25880 332 29061 31 43189
23453 31 25880 332 29064 31 43189
23453 31 34575 332 65855 31 43189
23453 31 34575 332 65853 31 43189
23453 31 34575 332 29052 31 43189
23453 31 34575 332 29065 31 43189
23453 31 15024 332 1707 31 43189
23453 31 15024 332 10045 31 43189
23453 31 15024 332 1705 31 43189
23453 31 15024 332 65857 31 43189
23453 31 15024 332 65856 31 43189
23453 31 70136 332 68336 31 43189
23453 31 70136 332 68337 31 43189
23453 31 44925 332 68338 31 43189
23453 31 72079 332 32380 31 43189
23453 31 72079 332 12340 31 43189
23453 31 72079 332 40315 31 43189
23453 31 72079 332 40309 31 43189
