29052 31 38768
29052 31 33054 277 38768
29052 31 34575 332 65855 31 38768
29052 31 34575 332 65853 31 38768
29052 31 34575 332 23453 31 38768
29052 31 15024 332 65857 31 38768
29052 31 15024 332 29064 31 38768
29052 31 15024 332 29061 31 38768
29052 31 15024 332 68334 31 38768
29052 31 66508 61 55888 62 38768
29052 31 27162 369 15647 277 38768
29052 31 27162 369 3643 277 38768
29052 31 43136 149 19204 366 38768
29052 31 37349 366 59966 149 48451 149 38768
29052 31 37349 366 59966 149 48451 366 38768
