29064 31 1549
29064 31 12921 332 65855 31 1549
29064 31 12921 332 29065 31 1549
29064 31 25880 332 29061 31 1549
29064 31 25880 332 23453 31 1549
29064 31 27985 332 65857 31 1549
29064 31 28650 332 65853 31 1549
29064 31 15024 332 10045 31 1549
29064 31 15024 332 1705 31 1549
29064 31 15024 332 65856 31 1549
29064 31 15024 332 29052 31 1549
29064 31 15024 332 68334 31 1549
29064 31 70136 332 65861 31 1549
29064 31 70136 332 68337 31 1549
29064 31 44925 332 68339 31 1549
29064 31 72079 332 32380 31 1549
