29064 31 55787
29064 31 19847 383 55787
29064 31 72079 297 61222 231 55787
29064 31 45229 290 36030 100 55787
29064 31 63954 290 17555 100 55787
29064 31 63954 290 40891 100 55787
29064 31 59909 290 56412 100 55787
29064 31 19847 84 26411 246 55787
29064 31 19847 75 34219 155 55787
29064 31 19847 290 8607 100 55787
29064 31 19847 290 62647 100 55787
29064 31 19847 290 30823 100 55787
29064 31 19847 290 70563 100 55787
29064 31 19847 290 55983 100 55787
29064 31 19847 290 9959 100 55787
29064 31 19847 290 8774 100 55787
29064 31 19847 290 2943 100 55787
29064 31 19847 290 7990 100 55787
29064 31 55164 290 47657 100 55787
29064 31 3042 26 23326 100 55787
29064 31 23705 32 2516 290 43338 34 55787
29064 31 24058 196 75101 290 4302 100 55787
29064 31 24058 196 20177 290 7785 227 55787
29064 31 26869 34 32131 290 73765 100 55787
29064 31 26869 34 32131 26 59354 100 55787
29064 31 11926 397 47724 282 55037 100 55787
29064 31 19847 290 11356 367 64316 34 55787
29064 31 3581 240 20718 26 2829 100 55787
