29065 31 17625
29065 31 24058 196 17625
29065 31 5850 13 17625
29065 31 12921 332 65855 31 17625
29065 31 12921 332 29064 31 17625
29065 31 34575 332 65853 31 17625
29065 31 34575 332 29052 31 17625
29065 31 34575 332 23453 31 17625
29065 31 15024 332 10045 31 17625
29065 31 15024 332 65857 31 17625
29065 31 15024 332 29061 31 17625
29065 31 15024 332 68334 31 17625
29065 31 44925 358 51607 28 17625
29065 31 72079 332 32380 31 17625
29065 31 67231 13 57449 12 17625
29065 31 47458 114 33504 155 17625
29065 31 29057 359 54091 102 17625
29065 31 23450 359 57906 102 17625
