29064 31 38768
29064 31 12921 332 65855 31 38768
29064 31 25880 332 29061 31 38768
29064 31 25880 332 23453 31 38768
29064 31 27985 332 65857 31 38768
29064 31 86 369 33054 277 38768
29064 31 28650 332 65853 31 38768
29064 31 15024 332 29052 31 38768
29064 31 15024 332 68334 31 38768
29064 31 27162 369 15647 277 38768
29064 31 27162 369 3643 277 38768
29064 31 49888 61 55888 62 38768
29064 31 64668 366 59966 149 48451 149 38768
29064 31 64668 366 59966 149 48451 366 38768
29064 31 64668 366 59966 149 19204 366 38768
