29064 31 70136
29064 31 12921 332 65855 31 70136
29064 31 12921 332 29065 31 70136
29064 31 25880 332 29061 31 70136
29064 31 25880 332 23453 31 70136
29064 31 28650 332 65853 31 70136
29064 31 15024 332 10045 31 70136
29064 31 15024 332 1705 31 70136
29064 31 15024 332 65856 31 70136
29064 31 15024 332 29052 31 70136
29064 31 15024 332 68334 31 70136
29064 31 44925 332 65861 31 70136
29064 31 44925 332 68336 31 70136
29064 31 44925 332 68337 31 70136
29064 31 44925 332 64354 31 70136
29064 31 72079 332 60031 31 70136
29064 31 23705 332 7925 31 70136
29064 31 69984 332 1723 31 70136
29064 31 69984 332 69354 31 70136
29064 31 51172 57 32721 31 70136
29064 31 51172 57 36618 31 70136
29064 31 51172 57 43192 31 70136
