31874 31 72079
31874 31 28376 356 72079
31874 31 58806 356 72079
31874 31 73460 300 62434 211 72079
31874 31 73460 332 65857 31 72079
31874 31 73460 332 65856 31 72079
31874 31 73460 332 68338 31 72079
31874 31 73460 332 40309 31 72079
31874 31 1444 383 69092 294 72079
31874 31 1444 383 39260 356 72079
31874 31 1444 75 41897 32 72079
31874 31 1444 300 66239 211 72079
31874 31 1444 332 1707 31 72079
31874 31 1444 332 10045 31 72079
31874 31 1444 332 1705 31 72079
31874 31 1444 332 60306 31 72079
31874 31 1444 332 60031 31 72079
31874 31 1444 332 65855 31 72079
31874 31 1444 332 65853 31 72079
31874 31 1444 332 23887 31 72079
31874 31 1444 332 51358 31 72079
31874 31 1444 332 51355 31 72079
31874 31 1444 332 6058 31 72079
31874 31 1444 332 31869 31 72079
31874 31 1444 332 29052 31 72079
31874 31 1444 332 29065 31 72079
31874 31 1444 332 29064 31 72079
31874 31 1444 332 23453 31 72079
31874 31 1444 332 29061 31 72079
31874 31 1444 332 3992 31 72079
31874 31 1444 332 3980 31 72079
31874 31 1444 332 32380 31 72079
31874 31 1444 332 68334 31 72079
31874 31 1444 332 68339 31 72079
31874 31 1444 332 68336 31 72079
31874 31 1444 332 68337 31 72079
31874 31 1444 332 10188 31 72079
31874 31 1444 332 71061 31 72079
31874 31 1444 332 12340 31 72079
31874 31 1444 332 40315 31 72079
31874 31 1444 332 40308 31 72079
31874 31 1444 332 40312 31 72079
31874 31 1444 256 54168 254 72079
31874 31 1444 256 54168 141 72079
31874 31 1444 373 26494 356 72079
31874 31 1444 297 61222 231 72079
31874 31 1444 249 63472 103 72079
31874 31 58804 332 68800 31 72079
31874 31 58804 332 51356 31 72079
31874 31 58804 332 23446 31 72079
31874 31 58804 332 35877 31 72079
31874 31 32357 105 27339 172 72079
31874 31 32357 332 60308 31 72079
31874 31 32357 332 59840 31 72079
31874 31 58806 271 51246 130 72079
31874 31 3650 124 13926 147 72079
31874 31 3650 124 59741 130 72079
31874 31 73460 28 73592 277 51172 356 72079
31874 31 73460 28 73592 277 59220 356 72079
31874 31 73460 28 73592 277 21330 356 72079
31874 31 73460 300 62434 211 45140 356 72079
31874 31 73460 300 62434 211 63685 356 72079
31874 31 73460 300 62434 211 59046 6 72079
31874 31 73460 300 62434 211 17020 356 72079
31874 31 73460 300 62434 211 23105 356 72079
31874 31 73460 300 62434 211 4400 147 72079
31874 31 73460 300 62434 211 64571 356 72079
31874 31 73460 300 62434 211 36865 356 72079
31874 31 73460 300 62434 211 61434 356 72079
31874 31 73460 300 62434 211 40637 356 72079
31874 31 73460 300 62434 211 19747 356 72079
31874 31 73460 300 62434 211 11484 356 72079
31874 31 73460 332 65857 31 30109 6 72079
31874 31 73460 332 65857 31 63392 356 72079
31874 31 73460 332 65857 31 20689 356 72079
31874 31 73460 332 65857 31 37878 6 72079
31874 31 73460 332 65857 31 68659 6 72079
31874 31 73460 332 65857 31 13526 6 72079
31874 31 73460 332 65857 31 56441 6 72079
31874 31 73460 332 65857 31 65305 6 72079
31874 31 73460 332 65857 31 4443 147 72079
31874 31 73460 332 65857 31 5850 6 72079
31874 31 73460 332 65856 31 42618 6 72079
31874 31 73460 332 65861 31 1727 6 72079
31874 31 73460 332 65861 31 30430 6 72079
31874 31 73460 213 58833 121 30973 356 72079
31874 31 1444 383 56734 222 29063 254 72079
31874 31 1444 383 38944 315 67659 130 72079
31874 31 1444 383 69092 294 65513 6 72079
31874 31 1444 383 69092 294 55330 6 72079
31874 31 1444 383 69092 294 55158 356 72079
31874 31 1444 383 69092 294 42278 6 72079
31874 31 1444 383 71850 164 6526 147 72079
31874 31 1444 114 18597 164 41538 147 72079
31874 31 1444 114 18597 373 75385 356 72079
31874 31 1444 114 18597 373 66233 356 72079
31874 31 1444 114 18597 373 21710 356 72079
31874 31 1444 114 18597 373 64382 356 72079
31874 31 1444 114 18597 382 22663 6 72079
31874 31 1444 114 18597 382 37504 6 72079
31874 31 1444 332 65855 31 56798 6 72079
31874 31 1444 332 65853 31 28650 6 72079
31874 31 1444 332 65853 31 56645 6 72079
31874 31 1444 249 63472 382 429 6 72079
31874 31 32357 172 52734 172 39635 15 72079
31874 31 32357 172 52734 172 39635 147 72079
31874 31 32357 369 53811 277 60222 6 72079
31874 31 32357 358 51607 28 73985 6 72079
31874 31 6534 143 69742 113 60749 356 72079
31874 31 28376 32 15756 60 61212 22 72079
31874 31 73460 28 73592 277 366 164 23110 147 72079
31874 31 1444 114 51394 358 9577 28 15895 6 72079
31874 31 73460 28 73592 277 51172 358 13298 28 72437 6 72079
