32380 31 73627
32380 31 24865 303 73627
32380 31 72079 332 1707 31 73627
32380 31 72079 332 10045 31 73627
32380 31 72079 332 1705 31 73627
32380 31 72079 332 65855 31 73627
32380 31 72079 332 65853 31 73627
32380 31 72079 332 65857 31 73627
32380 31 72079 332 65856 31 73627
32380 31 72079 332 29052 31 73627
32380 31 72079 332 29065 31 73627
32380 31 72079 332 29064 31 73627
32380 31 72079 332 23453 31 73627
32380 31 72079 332 29061 31 73627
32380 31 72079 332 68334 31 73627
32380 31 72079 332 68338 31 73627
32380 31 72079 332 68336 31 73627
32380 31 72079 332 68337 31 73627
32380 31 72079 332 40309 31 73627
32380 31 44571 369 33054 277 73627
32380 31 37724 332 40318 31 73627
32380 31 1444 332 12804 31 73627
32380 31 72693 342 44195 303 73627
32380 31 25928 342 8039 303 73627
