32380 31 1549
32380 31 72079 332 10045 31 1549
32380 31 72079 332 1705 31 1549
32380 31 72079 332 65855 31 1549
32380 31 72079 332 65853 31 1549
32380 31 72079 332 65857 31 1549
32380 31 72079 332 65856 31 1549
32380 31 72079 332 29052 31 1549
32380 31 72079 332 29065 31 1549
32380 31 72079 332 29064 31 1549
32380 31 72079 332 23453 31 1549
32380 31 72079 332 29061 31 1549
32380 31 72079 332 68334 31 1549
32380 31 72079 332 68339 31 1549
32380 31 72079 332 68337 31 1549
32380 31 5454 332 65861 31 1549
