40316 31 14264
40316 31 2748 6 14264
40316 31 64880 332 65857 31 14264
40316 31 64880 332 65856 31 14264
40316 31 64880 332 10045 31 14264
40316 31 64880 332 65853 31 14264
40316 31 64880 332 1705 31 14264
40316 31 64880 332 29052 31 14264
40316 31 64880 332 68334 31 14264
40316 31 7196 332 32380 31 14264
40316 31 7196 332 29065 31 14264
40316 31 7196 332 29061 31 14264
40316 31 7196 332 29064 31 14264
40316 31 7196 332 23453 31 14264
40316 31 67218 332 1707 31 14264
40316 31 67218 332 68339 31 14264
40316 31 67218 332 40313 31 14264
40316 31 35180 75 33054 277 14264
40316 31 35180 75 33054 151 14264
40316 31 32357 300 62434 211 14264
