51352 31 64880
51352 31 39739 332 65855 31 64880
51352 31 39739 332 68334 31 64880
51352 31 41111 332 65857 31 64880
51352 31 41111 332 65856 31 64880
51352 31 41111 332 65861 31 64880
51352 31 43929 332 29052 31 64880
51352 31 68049 332 65853 31 64880
51352 31 68049 332 10045 31 64880
51352 31 68049 332 1705 31 64880
51352 31 68049 332 60031 31 64880
51352 31 68049 332 35877 31 64880
51352 31 68049 332 68338 31 64880
51352 31 68049 332 68336 31 64880
51352 31 68049 332 68337 31 64880
51352 31 68049 332 40308 31 64880
51352 31 2748 332 40316 31 64880
51352 31 73755 332 60305 31 64880
51352 31 42693 256 54168 141 64880
51352 31 32357 332 6058 31 64880
51352 31 32357 332 3980 31 64880
51352 31 32357 332 51816 31 64880
51352 31 32357 28 73592 277 64880
51352 369 50528 373 26494 356 64880
51352 31 41111 332 65856 31 59413 282 64880
51352 31 43929 300 62434 211 26537 358 64880
51352 31 43929 300 62434 211 47724 282 64880
51352 31 32357 105 27339 172 11414 336 64880
51352 31 32357 196 29427 75 7846 342 64880
51352 31 32357 196 29427 75 7846 303 64880
51352 31 36156 359 30973 213 58833 121 64880
51352 31 36156 359 65174 396 54516 35 64880
51352 31 39739 332 29064 31 4751 334 56059 130 64880
51352 151 33054 277 66942 377 10911 238 70957 252 47970 369 64880
