51816 31 64880
51816 31 32357 332 51352 31 64880
51816 31 32357 332 10045 31 64880
51816 31 32357 332 1705 31 64880
51816 31 32357 332 6058 31 64880
51816 31 32357 332 60305 31 64880
51816 31 32357 332 60031 31 64880
51816 31 32357 332 29052 31 64880
51816 31 32357 332 3980 31 64880
51816 31 32357 332 65855 31 64880
51816 31 32357 332 65853 31 64880
51816 31 32357 332 65857 31 64880
51816 31 32357 332 65856 31 64880
51816 31 32357 332 65861 31 64880
51816 31 32357 332 35877 31 64880
51816 31 32357 332 68334 31 64880
51816 31 32357 332 68338 31 64880
51816 31 32357 332 68336 31 64880
51816 31 32357 332 68337 31 64880
51816 31 32357 332 40308 31 64880
51816 31 32357 332 40316 31 64880
51816 31 32357 28 73592 277 64880
51816 31 58806 256 54168 141 64880
51816 31 32357 383 69092 294 59413 282 64880
51816 31 32357 383 69092 294 47724 282 64880
51816 31 32357 105 27339 172 11414 336 64880
51816 31 32357 300 62434 211 26537 358 64880
51816 31 32357 300 62434 211 26494 356 64880
51816 31 32357 196 29427 75 7846 342 64880
51816 31 32357 196 29427 75 7846 303 64880
51816 31 66047 114 72858 213 58833 121 64880
51816 31 58806 321 26159 396 54516 35 64880
51816 31 32357 300 62434 211 44079 5 56059 130 64880
51816 31 32357 383 69092 294 34765 377 10911 238 70957 252 47970 369 64880
