59840 31 72079
59840 31 59220 356 72079
59840 31 58806 356 72079
59840 252 69092 294 72079
59840 31 37724 332 1707 31 72079
59840 31 37724 332 10045 31 72079
59840 31 37724 332 1705 31 72079
59840 31 37724 332 65855 31 72079
59840 31 37724 332 65853 31 72079
59840 31 37724 332 65857 31 72079
59840 31 37724 332 65856 31 72079
59840 31 37724 332 29052 31 72079
59840 31 37724 332 29065 31 72079
59840 31 37724 332 29064 31 72079
59840 31 37724 332 23453 31 72079
59840 31 37724 332 29061 31 72079
59840 31 37724 332 32380 31 72079
59840 31 37724 332 68339 31 72079
59840 31 37724 332 68338 31 72079
59840 31 37724 332 68336 31 72079
59840 31 37724 332 68337 31 72079
59840 31 67218 332 60031 31 72079
59840 31 67218 332 40312 31 72079
59840 31 67218 332 12340 31 72079
59840 31 67218 332 35877 31 72079
59840 31 67218 332 68334 31 72079
59840 31 67218 332 40309 31 72079
59840 31 67218 332 40315 31 72079
59840 31 67218 332 40308 31 72079
59840 31 2748 332 51358 31 72079
59840 31 4892 332 71061 31 72079
59840 31 4892 332 31869 31 72079
59840 31 4892 332 6058 31 72079
59840 31 32357 105 27339 172 72079
59840 31 32357 300 62434 211 72079
59840 31 32357 332 51356 31 72079
59840 31 32357 332 51355 31 72079
59840 31 32357 332 23446 31 72079
59840 31 32357 332 60306 31 72079
59840 31 32357 332 60308 31 72079
59840 31 32357 332 31874 31 72079
59840 31 32357 332 3992 31 72079
59840 31 32357 332 3980 31 72079
59840 31 32357 332 68800 31 72079
59840 31 32357 332 10188 31 72079
59840 31 32357 332 23887 31 72079
59840 31 32357 151 41897 32 72079
59840 31 32357 297 61222 231 72079
59840 31 59220 5 29063 254 72079
59840 31 59220 382 429 6 72079
59840 31 59220 382 30109 6 72079
59840 31 59220 256 54168 254 72079
59840 31 59220 256 54168 141 72079
59840 31 22772 6 67659 130 72079
59840 31 36156 359 30973 356 72079
59840 31 37302 28 28376 356 72079
59840 31 37302 373 26494 356 72079
59840 31 37302 300 66239 211 72079
59840 31 19933 373 20689 356 72079
59840 31 19933 382 6526 147 72079
59840 31 58806 271 51246 130 72079
59840 31 58806 101 63472 103 72079
59840 31 3650 124 13926 147 72079
59840 31 3650 124 59741 130 72079
59840 252 69092 294 65513 6 72079
59840 252 69092 294 1727 6 72079
59840 252 69092 294 39260 356 72079
59840 252 69092 294 5850 6 72079
59840 252 69092 294 17020 356 72079
59840 252 69092 294 21330 356 72079
59840 252 69092 294 40637 356 72079
59840 252 69092 294 55330 6 72079
59840 252 69092 294 55158 356 72079
59840 252 69092 294 42278 6 72079
59840 31 37724 332 1707 31 42618 6 72079
59840 31 37724 332 1707 31 51172 356 72079
59840 31 37724 332 10045 31 63392 356 72079
59840 31 37724 332 10045 31 37878 6 72079
59840 31 37724 332 10045 31 56441 6 72079
59840 31 37724 332 10045 31 65305 6 72079
59840 31 37724 332 1705 31 66233 356 72079
59840 31 37724 332 1705 31 4443 147 72079
59840 31 37724 332 65855 31 68659 6 72079
59840 31 37724 332 65855 31 56798 6 72079
59840 31 37724 332 65855 31 11484 356 72079
59840 31 37724 332 65853 31 28650 6 72079
59840 31 37724 332 65853 31 45140 356 72079
59840 31 37724 332 65853 31 56645 6 72079
59840 31 37724 332 65857 31 13526 6 72079
59840 31 37724 332 65861 31 30430 6 72079
59840 31 32357 172 52734 172 63685 356 72079
59840 31 32357 172 52734 172 4400 147 72079
59840 31 32357 172 52734 172 39635 15 72079
59840 31 32357 172 52734 172 39635 147 72079
59840 31 32357 300 62434 211 59046 6 72079
59840 31 32357 300 62434 211 23105 356 72079
59840 31 32357 300 62434 211 64571 356 72079
59840 31 32357 300 62434 211 36865 356 72079
59840 31 32357 300 62434 211 61434 356 72079
59840 31 32357 300 62434 211 19747 356 72079
59840 31 32357 369 53811 277 60222 6 72079
59840 31 32357 358 51607 28 73985 6 72079
59840 31 32357 75 33054 277 41538 147 72079
59840 31 32357 75 33054 277 22663 6 72079
59840 31 32357 75 33054 277 64382 356 72079
59840 31 59220 164 20626 271 61212 22 72079
59840 31 59220 143 69742 113 60749 356 72079
59840 31 19933 231 57047 364 21710 356 72079
59840 31 58806 356 18597 373 75385 356 72079
59840 31 58806 356 18597 382 37504 6 72079
59840 31 37724 332 10045 31 32723 164 23110 147 72079
59840 31 59220 164 20626 358 9577 28 15895 6 72079
59840 31 62341 28 16260 358 13298 28 72437 6 72079
