64354 31 44925
64354 31 70136 332 10045 31 44925
64354 31 70136 332 65855 31 44925
64354 31 70136 332 65853 31 44925
64354 31 70136 332 65856 31 44925
64354 31 70136 332 65861 31 44925
64354 31 70136 332 29052 31 44925
64354 31 70136 332 29065 31 44925
64354 31 70136 332 29064 31 44925
64354 31 70136 332 23453 31 44925
64354 31 70136 332 29061 31 44925
64354 31 70136 332 68334 31 44925
64354 31 70136 332 68336 31 44925
64354 31 70136 332 68337 31 44925
64354 31 6905 332 68339 31 44925
64354 31 6905 332 68338 31 44925
64354 31 70024 332 65857 31 44925
64354 31 59220 321 24058 196 44925
64354 205 51172 358 51607 28 44925
