65853 31 44925
65853 31 24058 196 44925
65853 31 34575 332 65855 31 44925
65853 31 34575 332 65861 31 44925
65853 31 34575 332 29052 31 44925
65853 31 34575 332 23453 31 44925
65853 31 34575 332 29065 31 44925
65853 31 28650 332 29064 31 44925
65853 31 15024 332 10045 31 44925
65853 31 15024 332 65857 31 44925
65853 31 15024 332 65856 31 44925
65853 31 15024 332 29061 31 44925
65853 31 15024 332 68334 31 44925
65853 31 70136 332 64354 31 44925
65853 31 70136 332 68336 31 44925
65853 31 70136 332 68337 31 44925
65853 31 72079 332 68339 31 44925
65853 31 72079 332 68338 31 44925
65853 31 20140 358 51607 28 44925
