65855 31 20140
65855 31 12921 332 29065 31 20140
65855 31 12921 332 29064 31 20140
65855 31 34575 332 65861 31 20140
65855 31 34575 332 65853 31 20140
65855 31 34575 332 29052 31 20140
65855 31 34575 332 23453 31 20140
65855 31 34575 358 9577 28 20140
65855 31 15024 332 10045 31 20140
65855 31 15024 332 1705 31 20140
65855 31 15024 332 65857 31 20140
65855 31 15024 332 65856 31 20140
65855 31 15024 332 29061 31 20140
65855 31 15024 332 68334 31 20140
65855 31 70136 332 68337 31 20140
65855 31 44925 358 51607 28 20140
