65861 31 70136
65861 31 34575 332 65855 31 70136
65861 31 34575 332 65853 31 70136
65861 31 34575 332 29052 31 70136
65861 31 34575 332 23453 31 70136
65861 31 34575 332 29065 31 70136
65861 31 44925 332 10045 31 70136
65861 31 44925 332 65856 31 70136
65861 31 44925 332 29064 31 70136
65861 31 44925 332 29061 31 70136
65861 31 44925 332 68334 31 70136
65861 31 44925 332 68336 31 70136
65861 31 44925 332 68337 31 70136
65861 31 44925 332 64354 31 70136
65861 31 20140 332 1705 31 70136
65861 31 64880 332 60031 31 70136
65861 31 6905 332 7925 31 70136
65861 31 6905 332 43192 31 70136
65861 31 6905 332 36618 31 70136
65861 31 6905 332 1723 31 70136
65861 31 6905 332 69354 31 70136
65861 31 6905 332 32721 31 70136
