68334 31 14264
68334 31 2748 6 14264
68334 31 15024 332 1707 31 14264
68334 31 15024 332 10045 31 14264
68334 31 15024 332 1705 31 14264
68334 31 15024 332 65853 31 14264
68334 31 15024 332 65857 31 14264
68334 31 15024 332 65856 31 14264
68334 31 15024 332 29052 31 14264
68334 31 15024 332 29065 31 14264
68334 31 15024 332 29064 31 14264
68334 31 15024 332 23453 31 14264
68334 31 15024 332 29061 31 14264
68334 31 46683 369 33054 277 14264
68334 31 46683 369 33054 151 14264
68334 31 44925 332 68339 31 14264
68334 31 72079 300 62434 211 14264
68334 31 72079 332 32380 31 14264
68334 31 64880 332 40316 31 14264
68334 31 68049 332 40313 31 14264
