68334 31 38768
68334 31 15024 332 65855 31 38768
68334 31 15024 332 65853 31 38768
68334 31 15024 332 65857 31 38768
68334 31 15024 332 29052 31 38768
68334 31 15024 332 29064 31 38768
68334 31 15024 332 23453 31 38768
68334 31 15024 332 29061 31 38768
68334 31 46683 369 33054 277 38768
68334 31 27162 369 15647 277 38768
68334 31 27162 369 3643 277 38768
68334 31 1548 61 55888 62 38768
68334 31 64668 366 59966 149 48451 149 38768
68334 31 64668 366 59966 149 48451 366 38768
68334 31 64668 366 59966 149 19204 366 38768
