68334 31 64880
68334 31 15024 332 10045 31 64880
68334 31 15024 332 1705 31 64880
68334 31 15024 332 65855 31 64880
68334 31 15024 332 65853 31 64880
68334 31 15024 332 65857 31 64880
68334 31 15024 332 65856 31 64880
68334 31 15024 332 29052 31 64880
68334 31 70136 332 60031 31 64880
68334 31 70136 332 65861 31 64880
68334 31 70136 332 68336 31 64880
68334 31 70136 332 68337 31 64880
68334 31 44925 332 68338 31 64880
68334 31 72079 332 6058 31 64880
68334 31 72079 332 3980 31 64880
68334 31 72079 332 35877 31 64880
68334 31 72079 332 40308 31 64880
68334 31 72079 256 54168 141 64880
68334 31 72079 373 26494 356 64880
68334 31 15215 369 73592 277 64880
68334 31 39739 332 51352 31 64880
68334 31 14264 332 40316 31 64880
68334 31 12741 397 59413 282 64880
68334 31 65908 396 54516 35 64880
68334 31 67218 332 60305 31 64880
68334 31 58804 28 26537 358 64880
68334 31 58804 342 7846 342 64880
68334 31 58804 342 7846 303 64880
68334 31 58804 397 47724 282 64880
68334 31 32357 332 51816 31 64880
68334 31 66085 213 58833 121 64880
68334 31 72079 105 27339 172 11414 336 64880
68334 31 15024 332 29065 31 4751 334 56059 130 64880
68334 31 16161 180 10392 377 10911 238 70957 252 47970 369 64880
