68336 31 71935
68336 31 70136 332 10045 31 71935
68336 31 70136 332 1705 31 71935
68336 31 70136 332 65855 31 71935
68336 31 70136 332 65853 31 71935
68336 31 70136 332 65856 31 71935
68336 31 70136 332 29065 31 71935
68336 31 70136 332 29064 31 71935
68336 31 70136 332 23453 31 71935
68336 31 70136 332 29061 31 71935
68336 31 70136 332 68334 31 71935
68336 31 70136 332 68337 31 71935
68336 31 44925 332 65857 31 71935
68336 31 44925 332 68339 31 71935
68336 31 44925 332 68338 31 71935
68336 31 72079 332 1707 31 71935
68336 31 72079 332 32380 31 71935
68336 31 72079 332 40309 31 71935
68336 31 72079 332 40308 31 71935
68336 31 73627 369 33054 277 71935
68336 31 37109 332 12805 31 71935
