68334 31 17625
68334 31 24058 196 17625
68334 31 5850 13 17625
68334 31 15024 332 10045 31 17625
68334 31 15024 332 65855 31 17625
68334 31 15024 332 65853 31 17625
68334 31 15024 332 65857 31 17625
68334 31 15024 332 29052 31 17625
68334 31 15024 332 29065 31 17625
68334 31 15024 332 29064 31 17625
68334 31 15024 332 23453 31 17625
68334 31 15024 332 29061 31 17625
68334 31 46683 358 51607 28 17625
68334 31 72079 332 32380 31 17625
68334 31 29057 359 54091 102 17625
68334 31 51172 359 57906 102 17625
68334 31 12880 114 33504 155 17625
68334 31 72079 382 30430 13 57449 12 17625
