24340 328 15803
24340 311 39456 380 58504 328 15803
24340 311 39456 380 67332 328 15803
24340 311 39456 181 7721 204 67908 328 15803
24340 311 39456 181 61405 204 72256 183 15803
24340 311 39456 380 16633 241 51434 183 15803
24340 311 39456 380 16633 241 41181 183 15803
24340 311 39456 380 16633 350 56026 183 15803
24340 311 39456 380 16633 353 54950 328 15803
24340 311 39456 380 16633 353 53616 183 15803
24340 311 39456 380 16633 353 34677 328 15803
24340 311 39456 0 68014 308 43624 3 15803
24340 311 39456 187 21202 328 62798 187 63912 328 15803
24340 311 39456 370 12956 229 53497 273 26589 183 15803
24340 311 39456 370 12956 229 53497 273 7899 183 15803
24340 311 39456 370 12956 229 53497 273 25995 183 15803
24340 311 39456 370 12956 229 53497 273 55821 183 15803
24340 311 39456 370 12956 229 53497 273 62248 183 15803
24340 311 39456 370 12956 229 53497 273 73350 183 15803
24340 311 39456 370 12956 229 53497 273 17339 183 15803
24340 311 39456 370 12956 229 53497 273 68371 183 15803
24340 311 39456 380 70708 313 16619 323 19210 183 15803
24340 311 39456 380 2634 328 21216 347 31333 183 15803
24340 311 39456 380 44144 328 47785 187 40223 328 15803
24340 311 39456 380 16633 241 41181 58 32098 183 15803
