5718 198 14472
5718 226 25762 6 14472
5718 226 25762 172 23142 6 14472
5718 226 25762 172 27332 147 14472
5718 226 25762 381 14067 198 14472
5718 226 25762 381 50750 198 14472
5718 226 25762 381 58341 206 14472
5718 226 25762 96 1140 119 14472
5718 226 25762 96 20410 119 14472
5718 226 25762 96 5011 119 14472
5718 226 25762 96 30918 119 14472
5718 226 25762 96 74047 119 14472
5718 226 25762 96 69649 119 14472
5718 226 25762 96 301 119 14472
5718 226 25762 96 45948 119 14472
5718 226 25762 96 39807 119 14472
5718 226 25762 96 32662 119 14472
5718 226 25762 96 8365 119 14472
5718 226 25762 96 50318 119 14472
5718 226 25762 96 55088 119 14472
5718 226 25762 96 1436 119 14472
5718 226 25762 96 20916 119 14472
5718 226 25762 96 53190 119 14472
5718 226 25762 96 19994 119 14472
5718 226 25762 96 49559 119 14472
5718 226 25762 96 15812 119 14472
5718 226 25762 96 43732 119 14472
5718 226 25762 96 30028 119 14472
5718 226 25762 96 11206 119 14472
5718 226 25762 96 38302 119 14472
5718 226 25762 96 19984 119 14472
5718 226 25762 96 71211 119 14472
5718 226 25762 96 18698 119 14472
5718 226 25762 96 1495 119 14472
5718 226 25762 275 74231 119 14472
5718 226 25762 172 27332 172 57577 356 14472
5718 226 25762 172 27332 172 65339 147 14472
5718 226 25762 172 27332 172 22748 147 14472
5718 226 25762 172 27332 172 33888 119 14472
5718 226 25762 381 14067 120 29991 198 14472
5718 226 25762 381 30381 15 66203 119 14472
5718 226 25762 96 1140 5 24876 198 14472
5718 226 25762 96 1140 5 29231 217 14472
5718 226 25762 96 1140 96 48258 119 14472
5718 226 25762 96 1140 96 33830 119 14472
5718 226 25762 96 1140 96 36304 119 14472
5718 226 25762 96 1140 96 36622 119 14472
5718 226 25762 96 1140 363 44789 131 14472
5718 226 25762 96 1140 381 72622 198 14472
5718 226 25762 96 1140 381 9895 198 14472
5718 226 25762 96 1140 381 56910 198 14472
5718 226 25762 96 1140 381 57905 198 14472
5718 226 25762 96 1140 381 75377 198 14472
5718 226 25762 96 1140 381 41625 198 14472
5718 226 25762 96 20410 96 61002 119 14472
5718 226 25762 96 20410 96 20716 119 14472
5718 226 25762 96 20410 96 74877 119 14472
5718 226 25762 96 20410 96 54557 6 14472
5718 226 25762 96 20410 96 25313 119 14472
5718 226 25762 96 20410 96 68761 119 14472
5718 226 25762 96 20410 96 43634 119 14472
5718 226 25762 96 20410 275 6013 119 14472
5718 226 25762 96 20410 275 8754 119 14472
5718 226 25762 96 20410 275 12561 119 14472
5718 226 25762 96 20410 275 20298 119 14472
5718 226 25762 96 20410 275 4269 119 14472
5718 226 25762 96 20410 381 48454 198 14472
5718 226 25762 96 20410 381 58445 198 14472
5718 226 25762 96 20410 381 19885 198 14472
5718 226 25762 96 20410 381 32412 198 14472
5718 226 25762 96 20410 381 34039 198 14472
5718 226 25762 96 20410 381 55296 198 14472
5718 226 25762 96 20410 381 56440 198 14472
5718 226 25762 96 20410 381 56326 198 14472
5718 226 25762 96 5011 381 48582 198 14472
5718 226 25762 96 30918 5 41600 198 14472
5718 226 25762 96 30918 5 14606 198 14472
5718 226 25762 96 30918 5 31318 198 14472
5718 226 25762 96 30918 172 26873 147 14472
5718 226 25762 96 30918 96 51302 119 14472
5718 226 25762 96 30918 96 48338 119 14472
5718 226 25762 96 30918 96 55432 119 14472
5718 226 25762 96 30918 96 63259 119 14472
5718 226 25762 96 30918 96 65245 119 14472
5718 226 25762 96 30918 398 1108 198 14472
5718 226 25762 96 30918 363 32164 131 14472
5718 226 25762 96 30918 381 70940 198 14472
5718 226 25762 96 30918 381 47329 198 14472
5718 226 25762 96 30918 381 48627 198 14472
5718 226 25762 96 30918 381 46620 198 14472
5718 226 25762 96 30918 381 3998 198 14472
5718 226 25762 96 30918 381 46760 198 14472
5718 226 25762 96 30918 381 4781 198 14472
5718 226 25762 96 30918 381 30880 198 14472
5718 226 25762 96 30918 381 70404 198 14472
5718 226 25762 96 30918 381 55471 198 14472
5718 226 25762 96 30918 381 40897 198 14472
5718 226 25762 96 30918 381 4538 198 14472
5718 226 25762 96 30918 381 23862 198 14472
5718 226 25762 96 30918 381 24685 198 14472
5718 226 25762 96 30918 381 44806 198 14472
5718 226 25762 96 30918 381 50161 198 14472
5718 226 25762 96 30918 381 2653 198 14472
5718 226 25762 96 30918 381 46244 198 14472
5718 226 25762 96 30918 381 55269 198 14472
5718 226 25762 96 30918 381 62598 198 14472
5718 226 25762 96 30918 381 41583 198 14472
5718 226 25762 96 30918 381 51367 198 14472
5718 226 25762 96 30918 381 56246 198 14472
5718 226 25762 96 30918 381 22658 198 14472
5718 226 25762 96 30918 381 32668 198 14472
5718 226 25762 96 30918 381 52897 198 14472
5718 226 25762 96 30918 381 73785 198 14472
5718 226 25762 96 30918 381 15551 198 14472
5718 226 25762 96 30918 381 40615 198 14472
5718 226 25762 96 30918 381 52179 198 14472
5718 226 25762 96 74047 381 16345 198 14472
5718 226 25762 96 74047 381 344 198 14472
5718 226 25762 96 74047 381 46428 198 14472
5718 226 25762 96 74047 381 47647 198 14472
5718 226 25762 96 74047 381 60625 198 14472
5718 226 25762 96 74047 381 49082 198 14472
5718 226 25762 96 74047 381 43944 198 14472
5718 226 25762 96 74047 381 58848 198 14472
5718 226 25762 96 74047 381 5570 198 14472
5718 226 25762 96 74047 381 54432 198 14472
5718 226 25762 96 74047 381 71441 198 14472
5718 226 25762 96 74047 381 31451 198 14472
5718 226 25762 96 74047 381 9070 198 14472
5718 226 25762 96 74047 381 59688 198 14472
5718 226 25762 96 74047 381 51348 198 14472
5718 226 25762 96 74047 381 15173 198 14472
5718 226 25762 96 74047 381 12047 198 14472
5718 226 25762 96 74047 381 51476 198 14472
5718 226 25762 96 74047 381 39772 198 14472
5718 226 25762 96 74047 381 51225 198 14472
5718 226 25762 96 74047 381 10501 198 14472
5718 226 25762 96 74047 381 563 198 14472
5718 226 25762 96 74047 381 36258 198 14472
5718 226 25762 96 74047 381 38975 198 14472
5718 226 25762 96 74047 381 42534 198 14472
5718 226 25762 96 74047 381 63166 198 14472
5718 226 25762 96 74047 381 55505 198 14472
5718 226 25762 96 74047 381 63923 198 14472
5718 226 25762 96 74047 96 40004 119 14472
5718 226 25762 96 74047 96 68187 119 14472
5718 226 25762 96 74047 96 60279 119 14472
5718 226 25762 96 74047 96 12123 119 14472
5718 226 25762 96 74047 96 64063 119 14472
5718 226 25762 96 74047 96 18671 119 14472
5718 226 25762 96 74047 78 49916 198 14472
5718 226 25762 96 63705 363 58786 131 14472
5718 226 25762 96 69649 5 1837 398 14472
5718 226 25762 96 69649 381 13513 198 14472
5718 226 25762 96 69649 381 15649 198 14472
5718 226 25762 96 69649 381 21457 198 14472
5718 226 25762 96 69649 381 4806 198 14472
5718 226 25762 96 69649 381 41591 198 14472
5718 226 25762 96 69649 381 6800 198 14472
5718 226 25762 96 69649 381 52999 198 14472
5718 226 25762 96 69649 381 58720 198 14472
5718 226 25762 96 69649 381 4290 198 14472
5718 226 25762 96 69649 381 53366 198 14472
5718 226 25762 96 301 381 6767 198 14472
5718 226 25762 96 301 381 35056 198 14472
5718 226 25762 96 301 381 71381 198 14472
5718 226 25762 96 301 381 27620 198 14472
5718 226 25762 96 301 381 57113 198 14472
5718 226 25762 96 301 381 13499 198 14472
5718 226 25762 96 301 381 74241 198 14472
5718 226 25762 96 301 381 66564 198 14472
5718 226 25762 96 45948 5 32639 198 14472
5718 226 25762 96 45948 381 38590 198 14472
5718 226 25762 96 45948 381 50657 198 14472
5718 226 25762 96 45948 381 34428 198 14472
5718 226 25762 96 45948 381 14468 198 14472
5718 226 25762 96 45948 381 14247 206 14472
5718 226 25762 96 45948 381 22493 198 14472
5718 226 25762 96 45948 381 74631 198 14472
5718 226 25762 96 45948 381 58940 198 14472
5718 226 25762 96 45948 381 28921 198 14472
5718 226 25762 96 45948 381 67102 198 14472
5718 226 25762 96 45948 381 48078 198 14472
5718 226 25762 96 45948 381 70014 198 14472
5718 226 25762 96 45948 381 62907 198 14472
5718 226 25762 96 45948 381 66088 198 14472
5718 226 25762 96 45948 381 44177 198 14472
5718 226 25762 96 45948 381 39303 198 14472
5718 226 25762 96 45948 381 61355 198 14472
5718 226 25762 96 45948 381 22015 198 14472
5718 226 25762 96 45948 381 3722 198 14472
5718 226 25762 96 45948 381 2308 198 14472
5718 226 25762 96 45948 381 10998 198 14472
5718 226 25762 96 45948 381 10167 198 14472
5718 226 25762 96 45948 381 4666 198 14472
5718 226 25762 96 45948 381 66521 198 14472
5718 226 25762 96 45948 381 32622 198 14472
5718 226 25762 96 45948 381 19494 198 14472
5718 226 25762 96 45948 381 38872 198 14472
5718 226 25762 96 45948 381 41740 198 14472
5718 226 25762 96 45948 381 56117 198 14472
5718 226 25762 96 45948 381 51858 198 14472
5718 226 25762 96 45948 381 15184 198 14472
5718 226 25762 96 45948 381 53679 198 14472
5718 226 25762 96 45948 381 39292 198 14472
5718 226 25762 96 45948 381 35179 198 14472
5718 226 25762 96 45948 381 21909 198 14472
5718 226 25762 96 45948 381 58159 198 14472
5718 226 25762 96 45948 381 13920 198 14472
5718 226 25762 96 45948 381 2149 198 14472
5718 226 25762 96 45948 381 57545 198 14472
5718 226 25762 96 45948 381 33943 198 14472
5718 226 25762 96 45948 381 61468 198 14472
5718 226 25762 96 45948 381 34459 198 14472
5718 226 25762 96 45948 381 48814 198 14472
5718 226 25762 96 45948 381 18236 198 14472
5718 226 25762 96 45948 96 27735 119 14472
5718 226 25762 96 45948 96 63793 119 14472
5718 226 25762 96 45948 363 24050 131 14472
5718 226 25762 96 45948 78 2039 198 14472
5718 226 25762 96 39807 363 4944 131 14472
5718 226 25762 96 39807 78 54024 198 14472
5718 226 25762 96 39807 78 62447 198 14472
5718 226 25762 96 39807 78 70517 198 14472
5718 226 25762 96 39807 78 74851 198 14472
5718 226 25762 96 39807 78 14645 198 14472
5718 226 25762 96 39807 78 52486 198 14472
5718 226 25762 96 39807 78 67508 198 14472
5718 226 25762 96 39807 381 15046 198 14472
5718 226 25762 96 39807 381 10721 198 14472
5718 226 25762 96 39807 381 65368 198 14472
5718 226 25762 96 39807 381 14931 198 14472
5718 226 25762 96 39807 381 57655 198 14472
5718 226 25762 96 39807 381 47767 198 14472
5718 226 25762 96 39807 381 8286 198 14472
5718 226 25762 96 39807 381 63900 198 14472
5718 226 25762 96 39807 381 49358 198 14472
5718 226 25762 96 39807 381 27864 198 14472
5718 226 25762 96 39807 381 34530 198 14472
5718 226 25762 96 39807 381 46470 198 14472
5718 226 25762 96 39807 381 31515 206 14472
5718 226 25762 96 39807 381 19745 198 14472
5718 226 25762 96 32662 5 53281 198 14472
5718 226 25762 96 32662 363 11698 131 14472
5718 226 25762 96 32662 78 17133 198 14472
5718 226 25762 96 32662 78 31882 198 14472
5718 226 25762 96 32662 78 51937 198 14472
5718 226 25762 96 32662 78 23598 198 14472
5718 226 25762 96 32662 78 6597 198 14472
5718 226 25762 96 32662 78 9773 198 14472
5718 226 25762 96 32662 78 2234 198 14472
5718 226 25762 96 32662 78 57680 198 14472
5718 226 25762 96 32662 78 63655 198 14472
5718 226 25762 96 32662 78 10560 198 14472
5718 226 25762 96 32662 381 25097 198 14472
5718 226 25762 96 32662 381 42394 198 14472
5718 226 25762 96 32662 381 61351 198 14472
5718 226 25762 96 32662 381 15707 198 14472
5718 226 25762 96 32662 381 11358 198 14472
5718 226 25762 96 32662 381 28078 198 14472
5718 226 25762 96 32662 381 29156 198 14472
5718 226 25762 96 32662 381 37046 198 14472
5718 226 25762 96 32662 381 48054 198 14472
5718 226 25762 96 32662 381 30839 198 14472
5718 226 25762 96 8365 363 68492 131 14472
5718 226 25762 96 50318 381 74552 198 14472
5718 226 25762 96 55088 363 59482 131 14472
5718 226 25762 96 55088 381 40331 198 14472
5718 226 25762 96 55088 381 7483 198 14472
5718 226 25762 96 20916 381 55463 198 14472
5718 226 25762 96 20916 381 69878 198 14472
5718 226 25762 96 20916 381 54787 198 14472
5718 226 25762 96 20916 381 6816 198 14472
5718 226 25762 96 20916 381 68447 198 14472
5718 226 25762 96 20916 381 28882 198 14472
5718 226 25762 96 20916 381 67866 198 14472
5718 226 25762 96 20916 381 19462 198 14472
5718 226 25762 96 20916 381 45106 198 14472
5718 226 25762 96 20916 381 44164 198 14472
5718 226 25762 96 53190 5 46494 198 14472
5718 226 25762 96 53190 363 59485 131 14472
5718 226 25762 96 53190 381 47273 198 14472
5718 226 25762 96 53190 381 61341 198 14472
5718 226 25762 96 53190 381 5666 198 14472
5718 226 25762 96 53190 381 51182 198 14472
5718 226 25762 96 53190 381 21799 198 14472
5718 226 25762 96 53190 381 22774 198 14472
5718 226 25762 96 53190 381 44155 198 14472
5718 226 25762 96 53190 381 46701 198 14472
5718 226 25762 96 53190 381 12843 198 14472
5718 226 25762 96 19994 363 74380 131 14472
5718 226 25762 96 19994 381 66331 198 14472
5718 226 25762 96 15812 381 9327 198 14472
5718 226 25762 96 15812 381 52661 198 14472
5718 226 25762 96 15812 381 21199 198 14472
5718 226 25762 96 15812 381 3070 198 14472
5718 226 25762 96 15812 381 73541 198 14472
5718 226 25762 96 15812 381 56163 198 14472
5718 226 25762 96 15812 381 24847 198 14472
5718 226 25762 96 15812 381 43578 198 14472
5718 226 25762 96 30028 381 68330 198 14472
5718 226 25762 96 30028 381 43384 198 14472
5718 226 25762 96 30028 381 45871 198 14472
5718 226 25762 96 30028 381 72408 198 14472
5718 226 25762 96 30028 381 71403 198 14472
5718 226 25762 96 30028 381 24612 198 14472
5718 226 25762 96 30028 381 19626 198 14472
5718 226 25762 96 30028 381 69411 198 14472
5718 226 25762 96 30028 381 69411 206 14472
5718 226 25762 96 30028 381 11509 198 14472
5718 226 25762 96 30028 381 74474 198 14472
5718 226 25762 96 30028 381 39393 198 14472
5718 226 25762 96 18204 381 66407 198 14472
5718 226 25762 96 11206 363 68461 131 14472
5718 226 25762 96 11206 381 17988 198 14472
5718 226 25762 96 11206 381 53470 198 14472
5718 226 25762 96 11206 381 54506 198 14472
5718 226 25762 96 11206 381 48376 198 14472
5718 226 25762 96 11206 381 9531 198 14472
5718 226 25762 96 11206 381 71972 198 14472
5718 226 25762 96 11206 381 34535 198 14472
5718 226 25762 96 11206 381 62837 198 14472
5718 226 25762 96 11206 381 12151 198 14472
5718 226 25762 96 11206 381 18314 198 14472
5718 226 25762 96 11206 381 8584 198 14472
5718 226 25762 96 11206 381 26459 198 14472
5718 226 25762 96 38302 78 10255 198 14472
5718 226 25762 96 38302 78 64026 198 14472
5718 226 25762 96 38302 78 7808 198 14472
5718 226 25762 96 38302 78 74528 198 14472
5718 226 25762 96 38302 78 22949 198 14472
5718 226 25762 96 38302 78 28385 198 14472
5718 226 25762 96 38302 381 52731 198 14472
5718 226 25762 96 38302 381 70991 198 14472
5718 226 25762 96 38302 381 55734 198 14472
5718 226 25762 96 38302 381 39354 198 14472
5718 226 25762 96 38302 381 12455 198 14472
5718 226 25762 96 38302 381 54068 198 14472
5718 226 25762 96 38302 381 8998 198 14472
5718 226 25762 96 19984 363 41212 131 14472
5718 226 25762 96 19984 78 63255 198 14472
5718 226 25762 96 19984 78 27708 198 14472
5718 226 25762 96 19984 78 14211 198 14472
5718 226 25762 96 19984 78 65038 198 14472
5718 226 25762 96 19984 381 40342 198 14472
5718 226 25762 96 19984 381 45621 198 14472
5718 226 25762 96 19984 381 44309 198 14472
5718 226 25762 96 19984 381 37187 198 14472
5718 226 25762 96 19984 381 66941 198 14472
5718 226 25762 96 19984 381 45975 198 14472
5718 226 25762 96 67459 381 18692 198 14472
5718 226 25762 96 67459 381 25443 198 14472
5718 226 25762 96 67459 381 37036 198 14472
5718 226 25762 96 67459 381 37002 198 14472
5718 226 25762 96 71211 381 39757 198 14472
5718 226 25762 96 71211 381 39757 206 14472
5718 226 25762 96 71211 381 32688 198 14472
5718 226 25762 96 71211 381 55508 198 14472
5718 226 25762 96 71211 381 46409 198 14472
5718 226 25762 96 71211 381 34706 198 14472
5718 226 25762 96 71211 381 34070 198 14472
5718 226 25762 96 71211 381 2121 198 14472
5718 226 25762 96 71211 381 70297 198 14472
5718 226 25762 96 71211 381 18434 198 14472
5718 226 25762 96 71211 381 16561 198 14472
5718 226 25762 96 71211 381 21292 198 14472
5718 226 25762 96 71211 381 38180 198 14472
5718 226 25762 96 18698 381 52649 198 14472
5718 226 25762 96 18698 381 31518 198 14472
5718 226 25762 96 18698 381 33079 198 14472
5718 226 25762 96 18698 381 33668 198 14472
5718 226 25762 96 18698 381 28436 198 14472
5718 226 25762 96 18698 381 40893 198 14472
5718 226 25762 96 18698 381 51797 198 14472
5718 226 25762 96 1495 172 11326 147 14472
5718 226 25762 96 1495 172 49184 147 14472
5718 226 25762 96 1495 172 18801 147 14472
5718 226 25762 96 1495 172 18801 358 14472
5718 226 25762 96 1495 172 59149 147 14472
5718 226 25762 96 1495 381 30462 198 14472
5718 226 25762 393 67410 392 15380 356 14472
5718 226 25762 363 20621 316 74878 198 14472
5718 226 25762 363 20621 316 5193 198 14472
5718 226 25762 275 48204 363 59928 131 14472
5718 226 25762 275 74231 381 49127 198 14472
5718 226 25762 275 74231 381 15655 198 14472
5718 226 25762 63 70997 36 13219 131 14472
5718 226 25762 119 25720 387 64450 131 14472
5718 226 25762 119 25720 387 43234 131 14472
5718 226 25762 119 25720 387 71245 131 14472
5718 226 25762 82 11544 287 73594 198 14472
5718 226 25762 224 4081 375 34561 198 14472
5718 226 25762 224 4081 375 25706 198 14472
5718 226 25762 224 4081 375 4127 198 14472
5718 226 25762 224 4081 375 31892 198 14472
5718 226 25762 224 4081 375 49462 198 14472
5718 226 25762 224 4081 375 30969 198 14472
5718 226 25762 224 4081 375 66873 198 14472
5718 226 25762 224 4081 375 69912 198 14472
5718 226 25762 224 4081 375 60316 198 14472
5718 226 25762 224 4081 375 74542 198 14472
5718 226 25762 224 4081 375 19534 198 14472
5718 226 25762 224 4081 375 53486 198 14472
5718 226 25762 224 4081 375 71537 198 14472
5718 226 25762 224 4081 375 17830 198 14472
5718 226 25762 224 4081 375 59794 198 14472
5718 226 25762 224 4081 375 67854 198 14472
5718 226 25762 224 4081 375 20218 198 14472
5718 226 25762 224 4081 375 69407 198 14472
5718 226 25762 224 4081 375 33117 206 14472
5718 226 25762 224 4081 375 16304 198 14472
5718 226 25762 224 4081 375 6234 198 14472
5718 226 25762 224 4081 375 49318 198 14472
5718 226 25762 224 4081 375 8464 198 14472
5718 226 25762 224 4081 375 21244 198 14472
5718 226 25762 224 4081 375 73149 198 14472
5718 226 25762 224 4081 375 73413 198 14472
5718 226 25762 224 4081 375 48155 198 14472
5718 226 25762 224 4081 375 17721 198 14472
5718 226 25762 224 4081 375 71250 198 14472
5718 226 25762 224 4081 375 25785 198 14472
5718 226 25762 224 4081 375 54543 198 14472
5718 226 25762 224 4081 375 64626 198 14472
5718 226 25762 224 4081 375 71846 198 14472
5718 226 25762 224 4081 375 55055 198 14472
5718 226 25762 224 4081 375 55503 198 14472
5718 226 25762 224 4081 375 60729 198 14472
5718 226 25762 224 4081 375 62038 198 14472
5718 226 25762 224 4081 375 70974 206 14472
5718 226 25762 224 4081 190 53904 119 14472
5718 226 25762 224 4081 190 39300 119 14472
5718 226 25762 224 4081 190 10768 356 14472
5718 226 25762 224 4081 190 3747 119 14472
5718 226 25762 224 4081 190 12117 119 14472
5718 226 25762 224 4081 376 37723 198 14472
5718 226 25762 224 62938 375 71219 198 14472
5718 226 25762 224 23685 375 30 198 14472
5718 226 25762 224 23685 375 6766 198 14472
5718 226 25762 224 23685 375 10280 198 14472
5718 226 25762 224 23685 375 12903 198 14472
5718 226 25762 224 23685 375 67394 198 14472
5718 226 25762 224 23685 375 63903 198 14472
5718 226 25762 224 23685 375 38288 198 14472
5718 226 25762 224 23685 375 21210 198 14472
5718 226 25762 38 59812 211 61154 147 14472
5718 226 25762 38 59812 211 59874 358 14472
5718 226 25762 38 59812 211 59874 6 14472
5718 226 25762 38 59812 211 40762 147 14472
5718 226 25762 38 59812 211 55723 6 14472
5718 226 25762 38 59812 211 6007 147 14472
5718 226 25762 38 59812 211 73214 147 14472
5718 226 25762 381 14067 309 73723 182 15411 198 14472
5718 226 25762 381 14067 309 73723 182 17854 198 14472
5718 226 25762 381 14067 309 73723 182 72710 198 14472
5718 226 25762 381 14067 309 73723 182 18258 198 14472
5718 226 25762 381 14067 309 73723 182 73124 198 14472
5718 226 25762 381 14067 309 73723 182 70155 198 14472
5718 226 25762 381 14067 309 73723 182 66849 198 14472
5718 226 25762 381 14067 309 73723 182 19016 198 14472
5718 226 25762 381 14067 309 73723 182 56535 198 14472
5718 226 25762 381 14067 309 73723 182 69631 198 14472
5718 226 25762 381 14067 309 73723 182 72140 198 14472
5718 226 25762 381 14067 309 73723 182 52354 198 14472
5718 226 25762 381 14067 309 73723 182 5479 198 14472
5718 226 25762 381 14067 309 73723 182 20081 198 14472
5718 226 25762 381 14067 309 73723 182 28387 198 14472
5718 226 25762 381 14067 309 73723 182 73574 198 14472
5718 226 25762 381 14067 309 73723 182 10017 198 14472
5718 226 25762 381 14067 309 73723 182 27707 198 14472
5718 226 25762 381 14067 309 73723 182 15881 198 14472
5718 226 25762 381 14067 309 73723 182 15695 206 14472
5718 226 25762 381 14067 309 73723 182 2361 198 14472
5718 226 25762 381 14067 309 73723 182 26176 198 14472
5718 226 25762 381 14067 309 73723 182 47720 198 14472
5718 226 25762 381 14067 309 73723 182 56171 198 14472
5718 226 25762 381 14067 309 73723 182 33748 198 14472
5718 226 25762 381 14067 309 73723 182 32448 198 14472
5718 226 25762 381 14067 309 73723 182 43671 198 14472
5718 226 25762 381 14067 309 73723 182 52490 198 14472
5718 226 25762 381 14067 309 73723 182 23905 198 14472
5718 226 25762 381 14067 309 73723 182 69605 198 14472
5718 226 25762 381 14067 309 73723 182 50299 198 14472
5718 226 25762 381 14067 309 73723 182 54477 198 14472
5718 226 25762 381 14067 309 73723 182 38839 198 14472
5718 226 25762 381 14067 309 73723 182 40483 198 14472
5718 226 25762 381 14067 309 73723 182 27689 198 14472
5718 226 25762 381 14067 309 73723 182 74536 198 14472
5718 226 25762 381 14067 309 73723 182 45830 198 14472
5718 226 25762 381 14067 309 73723 182 72267 198 14472
5718 226 25762 381 14067 309 73723 182 53853 198 14472
5718 226 25762 381 14067 309 73723 182 31557 198 14472
5718 226 25762 381 14067 309 73723 182 440 198 14472
5718 226 25762 381 14067 309 73723 182 37836 198 14472
5718 226 25762 381 14067 309 73723 182 60147 198 14472
5718 226 25762 381 14067 309 73723 182 48472 198 14472
5718 226 25762 381 14067 309 73723 182 68857 198 14472
5718 226 25762 381 14067 309 73723 182 1619 198 14472
5718 226 25762 381 14067 309 73723 182 17054 198 14472
5718 226 25762 381 14067 309 73723 182 40764 198 14472
5718 226 25762 381 14067 309 73723 182 70145 198 14472
5718 226 25762 381 14067 309 73723 182 50953 198 14472
5718 226 25762 381 14067 309 73723 182 70461 198 14472
5718 226 25762 381 14067 309 73723 182 73385 198 14472
5718 226 25762 381 14067 309 73723 182 26246 198 14472
5718 226 25762 381 14067 309 73723 182 35398 198 14472
5718 226 25762 381 14067 309 73723 182 25881 198 14472
5718 226 25762 381 14067 309 73723 182 51353 198 14472
5718 226 25762 381 14067 309 73723 182 2894 198 14472
5718 226 25762 381 14067 309 73723 182 20439 198 14472
5718 226 25762 381 14067 309 73723 182 18819 198 14472
5718 226 25762 381 14067 309 73723 182 7296 198 14472
5718 226 25762 381 14067 309 73723 182 2732 198 14472
5718 226 25762 381 14067 309 73723 182 67365 198 14472
5718 226 25762 381 14067 309 73723 182 40251 198 14472
5718 226 25762 381 14067 309 73723 182 47255 198 14472
5718 226 25762 381 14067 309 73723 182 52053 198 14472
5718 226 25762 381 14067 309 73723 182 68442 198 14472
5718 226 25762 381 14067 309 73723 182 74502 198 14472
5718 226 25762 381 14067 309 73723 182 25255 198 14472
5718 226 25762 381 14067 309 73723 182 47864 198 14472
5718 226 25762 381 14067 309 73723 182 57060 198 14472
5718 226 25762 381 14067 309 73723 182 70280 198 14472
5718 226 25762 381 14067 309 73723 182 46596 198 14472
5718 226 25762 381 14067 309 73723 182 1312 198 14472
5718 226 25762 381 14067 309 73723 182 63590 198 14472
5718 226 25762 381 14067 309 73723 182 54472 198 14472
5718 226 25762 381 14067 309 73723 182 34362 198 14472
5718 226 25762 381 14067 309 73723 182 31100 198 14472
5718 226 25762 381 14067 309 73723 182 40895 198 14472
5718 226 25762 381 14067 309 73723 182 37666 198 14472
5718 226 25762 381 14067 309 73723 182 40547 198 14472
5718 226 25762 381 14067 309 73723 182 39311 198 14472
5718 226 25762 381 14067 309 73723 182 44615 198 14472
5718 226 25762 381 14067 309 73723 182 28892 198 14472
5718 226 25762 381 14067 309 73723 182 11051 198 14472
5718 226 25762 381 14067 309 73723 182 3857 198 14472
5718 226 25762 381 14067 309 73723 182 63218 198 14472
5718 226 25762 381 14067 309 73723 182 31444 198 14472
5718 226 25762 381 14067 309 73723 182 1067 198 14472
5718 226 25762 381 14067 309 73723 182 59146 198 14472
5718 226 25762 381 14067 309 73723 182 73708 198 14472
5718 226 25762 381 14067 309 73723 182 8999 198 14472
5718 226 25762 381 14067 309 73723 182 63931 198 14472
5718 226 25762 381 14067 309 73723 182 35244 198 14472
5718 226 25762 381 14067 309 73723 182 72769 198 14472
5718 226 25762 381 14067 309 73723 182 61358 198 14472
5718 226 25762 381 14067 309 73723 182 46747 198 14472
5718 226 25762 381 14067 309 73723 182 48583 198 14472
5718 226 25762 381 14067 309 73723 182 13103 198 14472
5718 226 25762 381 14067 309 73723 182 52479 198 14472
5718 226 25762 381 14067 309 73723 182 12173 198 14472
5718 226 25762 381 14067 309 73723 182 64266 198 14472
5718 226 25762 381 14067 309 73723 182 47499 198 14472
5718 226 25762 381 14067 309 73723 182 35410 198 14472
5718 226 25762 381 14067 309 73723 182 28893 198 14472
5718 226 25762 381 14067 309 73723 182 7106 198 14472
5718 226 25762 381 14067 309 73723 182 17949 198 14472
5718 226 25762 381 14067 309 73723 182 38298 198 14472
5718 226 25762 381 14067 309 73723 182 4574 198 14472
5718 226 25762 381 14067 309 73723 182 23697 198 14472
5718 226 25762 381 14067 309 73723 182 59557 198 14472
5718 226 25762 381 14067 309 73723 182 51805 198 14472
5718 226 25762 381 14067 309 73723 182 50711 198 14472
5718 226 25762 381 14067 309 73723 182 41204 198 14472
5718 226 25762 381 14067 309 73723 182 13321 198 14472
5718 226 25762 381 14067 309 73723 182 47954 198 14472
5718 226 25762 381 14067 309 73723 182 34492 198 14472
5718 226 25762 381 14067 309 73723 182 53847 198 14472
5718 226 25762 381 14067 309 73723 182 27556 198 14472
5718 226 25762 381 14067 309 73723 182 28857 198 14472
5718 226 25762 381 14067 309 73723 182 44410 198 14472
5718 226 25762 381 14067 309 73723 182 5213 198 14472
5718 226 25762 381 14067 309 73723 182 6390 198 14472
5718 226 25762 381 14067 309 73723 182 10737 198 14472
5718 226 25762 381 14067 309 73723 182 16595 198 14472
5718 226 25762 381 14067 309 73723 182 27584 198 14472
5718 226 25762 381 14067 309 73723 182 9644 198 14472
5718 226 25762 381 14067 309 73723 182 11468 198 14472
5718 226 25762 381 14067 309 73723 182 67028 198 14472
5718 226 25762 381 14067 309 73723 182 29415 198 14472
5718 226 25762 381 14067 309 73723 182 55906 198 14472
5718 226 25762 381 14067 309 73723 182 63732 198 14472
5718 226 25762 381 14067 309 73723 182 3356 198 14472
5718 226 25762 381 14067 309 73723 182 63508 198 14472
5718 226 25762 381 14067 309 73723 182 45294 198 14472
5718 226 25762 381 14067 309 73723 182 43155 198 14472
5718 226 25762 381 14067 309 73723 182 58120 198 14472
5718 226 25762 381 14067 309 73723 182 57362 198 14472
5718 226 25762 381 14067 309 73723 182 18117 198 14472
5718 226 25762 381 14067 309 73723 182 64587 198 14472
5718 226 25762 381 14067 309 73723 182 74081 198 14472
5718 226 25762 381 14067 309 73723 182 73122 198 14472
5718 226 25762 381 14067 309 73723 182 5851 198 14472
5718 226 25762 381 14067 309 73723 182 60736 198 14472
5718 226 25762 381 14067 309 73723 182 11966 198 14472
5718 226 25762 381 14067 309 73723 182 23652 198 14472
5718 226 25762 381 14067 309 73723 182 47819 198 14472
5718 226 25762 381 14067 309 73723 182 74147 198 14472
5718 226 25762 381 14067 309 73723 182 21319 198 14472
5718 226 25762 381 14067 309 73723 182 11227 198 14472
5718 226 25762 381 14067 309 73723 182 25299 198 14472
5718 226 25762 381 14067 309 73723 182 11870 198 14472
5718 226 25762 381 14067 309 73723 182 51509 198 14472
5718 226 25762 381 14067 309 73723 182 68629 198 14472
5718 226 25762 381 14067 309 73723 182 5882 198 14472
5718 226 25762 381 14067 309 73723 182 62518 198 14472
5718 226 25762 381 14067 309 73723 182 50051 198 14472
5718 226 25762 381 14067 309 73723 182 51147 198 14472
5718 226 25762 381 14067 309 73723 182 34032 198 14472
5718 226 25762 381 14067 309 73723 182 50366 198 14472
5718 226 25762 381 14067 309 73723 182 4357 198 14472
5718 226 25762 381 14067 309 73723 182 69131 198 14472
5718 226 25762 381 14067 309 73723 182 5329 198 14472
5718 226 25762 381 14067 309 73723 182 33911 198 14472
5718 226 25762 381 14067 309 73723 182 4116 198 14472
5718 226 25762 381 14067 309 73723 182 33968 198 14472
5718 226 25762 381 14067 309 73723 182 59287 198 14472
5718 226 25762 381 14067 309 73723 182 59899 198 14472
5718 226 25762 381 14067 309 73723 182 63367 198 14472
5718 226 25762 381 14067 309 73723 182 35357 198 14472
5718 226 25762 381 14067 309 73723 182 25855 198 14472
5718 226 25762 381 14067 309 73723 182 29033 198 14472
5718 226 25762 381 14067 309 73723 182 34095 198 14472
5718 226 25762 381 14067 309 73723 182 39797 198 14472
5718 226 25762 381 14067 309 73723 182 71045 198 14472
5718 226 25762 381 14067 309 73723 182 33434 198 14472
5718 226 25762 381 14067 309 73723 182 74452 198 14472
5718 226 25762 381 14067 309 73723 182 46633 198 14472
5718 226 25762 381 14067 309 73723 182 8764 198 14472
5718 226 25762 381 14067 309 73723 182 36128 198 14472
5718 226 25762 381 14067 309 73723 182 65064 198 14472
5718 226 25762 381 14067 309 73723 182 65458 198 14472
5718 226 25762 381 14067 309 73723 182 25959 198 14472
5718 226 25762 381 14067 309 73723 182 39020 198 14472
5718 226 25762 381 14067 309 73723 182 21575 198 14472
5718 226 25762 381 14067 309 73723 182 36688 198 14472
5718 226 25762 381 14067 309 73723 182 58077 198 14472
5718 226 25762 381 14067 309 73723 182 16333 198 14472
5718 226 25762 381 14067 309 73723 182 22084 198 14472
5718 226 25762 381 14067 309 73723 182 63715 198 14472
5718 226 25762 381 14067 309 73723 182 33458 198 14472
5718 226 25762 381 14067 309 73723 182 67827 198 14472
5718 226 25762 381 14067 309 73723 182 35303 198 14472
5718 226 25762 381 14067 309 73723 182 66842 198 14472
5718 226 25762 381 14067 309 73723 182 33632 198 14472
5718 226 25762 381 14067 309 73723 182 36718 198 14472
5718 226 25762 381 14067 309 73723 182 19420 198 14472
5718 226 25762 381 14067 309 73723 182 70545 198 14472
5718 226 25762 381 14067 309 73723 182 45444 198 14472
5718 226 25762 381 14067 309 73723 182 9783 198 14472
5718 226 25762 381 14067 309 73723 182 996 147 14472
5718 226 25762 381 14067 309 73723 182 59969 198 14472
5718 226 25762 381 14067 309 73723 182 69467 198 14472
5718 226 25762 381 14067 309 73723 182 34536 198 14472
5718 226 25762 381 14067 309 73723 182 56048 198 14472
5718 226 25762 381 14067 309 73723 182 26872 198 14472
5718 226 25762 381 14067 309 73723 182 39669 198 14472
5718 226 25762 381 14067 309 73723 182 55826 198 14472
5718 226 25762 381 14067 309 73723 182 32387 198 14472
5718 226 25762 381 14067 309 73723 182 69167 198 14472
5718 226 25762 381 14067 309 73723 182 25532 198 14472
5718 226 25762 381 14067 309 73723 182 59205 198 14472
5718 226 25762 381 14067 309 73723 182 847 198 14472
5718 226 25762 381 14067 309 73723 182 30322 198 14472
5718 226 25762 381 14067 309 73723 182 40876 198 14472
5718 226 25762 381 14067 309 73723 182 42928 198 14472
5718 226 25762 381 14067 309 73723 182 23200 198 14472
5718 226 25762 381 14067 309 73723 182 35879 198 14472
5718 226 25762 381 14067 309 73723 182 15356 198 14472
5718 226 25762 381 14067 309 73723 182 15339 198 14472
5718 226 25762 381 14067 309 73723 182 332 198 14472
5718 226 25762 381 14067 309 73723 182 5117 198 14472
5718 226 25762 381 14067 309 73723 182 18132 198 14472
5718 226 25762 381 14067 309 73723 182 75184 198 14472
5718 226 25762 381 14067 309 73723 182 50105 198 14472
5718 226 25762 381 14067 309 73723 182 61619 198 14472
5718 226 25762 381 14067 309 73723 182 31657 198 14472
5718 226 25762 381 14067 309 73723 182 72680 198 14472
5718 226 25762 381 14067 309 73723 182 31977 198 14472
5718 226 25762 381 14067 309 73723 182 29306 198 14472
5718 226 25762 381 14067 309 73723 182 19399 198 14472
5718 226 25762 381 14067 309 73723 182 19036 198 14472
5718 226 25762 381 14067 309 73723 182 27125 198 14472
5718 226 25762 381 14067 309 73723 182 70524 198 14472
5718 226 25762 381 14067 309 73723 182 63267 198 14472
5718 226 25762 381 14067 309 73723 182 2931 198 14472
5718 226 25762 381 14067 309 73723 182 17370 198 14472
5718 226 25762 381 14067 309 73723 182 5425 198 14472
5718 226 25762 381 14067 309 73723 182 13424 198 14472
5718 226 25762 381 14067 309 73723 182 15302 198 14472
5718 226 25762 381 14067 309 73723 182 71829 198 14472
5718 226 25762 381 14067 309 73723 182 40527 198 14472
5718 226 25762 381 14067 309 73723 182 58008 198 14472
5718 226 25762 381 14067 309 73723 182 56844 198 14472
5718 226 25762 381 14067 309 73723 182 23360 198 14472
5718 226 25762 381 14067 309 73723 182 62496 198 14472
5718 226 25762 381 14067 309 73723 182 46151 198 14472
5718 226 25762 381 14067 309 73723 182 72873 198 14472
5718 226 25762 381 14067 309 73723 182 49408 198 14472
5718 226 25762 381 14067 309 73723 182 19141 198 14472
5718 226 25762 381 14067 309 73723 182 10209 198 14472
5718 226 25762 381 14067 309 73723 182 13353 198 14472
5718 226 25762 381 14067 309 73723 182 62948 198 14472
5718 226 25762 381 14067 309 73723 182 22114 198 14472
5718 226 25762 381 14067 309 73723 182 31475 198 14472
5718 226 25762 381 14067 309 73723 182 30265 198 14472
5718 226 25762 381 14067 309 73723 182 56738 198 14472
5718 226 25762 381 14067 309 73723 182 14376 198 14472
5718 226 25762 381 14067 309 73723 182 8682 198 14472
5718 226 25762 381 14067 309 73723 182 2457 198 14472
5718 226 25762 381 14067 309 73723 182 61412 198 14472
5718 226 25762 381 14067 309 73723 182 17250 198 14472
5718 226 25762 381 14067 309 73723 182 24556 198 14472
5718 226 25762 381 14067 309 73723 182 10889 198 14472
5718 226 25762 381 14067 309 73723 182 39831 198 14472
5718 226 25762 381 14067 309 73723 182 50618 198 14472
5718 226 25762 381 14067 309 73723 182 27543 198 14472
5718 226 25762 381 14067 309 73723 182 56289 198 14472
5718 226 25762 381 14067 309 73723 182 15992 198 14472
5718 226 25762 381 14067 309 73723 182 8848 198 14472
5718 226 25762 381 14067 309 73723 182 13077 198 14472
5718 226 25762 381 14067 309 73723 182 19860 198 14472
5718 226 25762 381 14067 309 73723 182 34920 198 14472
5718 226 25762 381 14067 309 73723 182 43684 198 14472
5718 226 25762 381 14067 309 73723 182 20643 198 14472
5718 226 25762 381 14067 309 73723 182 21759 198 14472
5718 226 25762 381 14067 309 73723 182 4471 198 14472
5718 226 25762 381 14067 309 73723 182 19968 198 14472
5718 226 25762 381 14067 309 73723 182 55286 198 14472
5718 226 25762 381 14067 309 73723 182 1578 198 14472
5718 226 25762 381 14067 309 73723 182 57908 198 14472
5718 226 25762 381 14067 309 73723 182 7039 198 14472
5718 226 25762 381 14067 309 73723 182 27266 198 14472
5718 226 25762 381 14067 309 73723 182 70005 198 14472
5718 226 25762 381 14067 309 73723 182 66556 198 14472
5718 226 25762 381 14067 309 73723 182 35397 198 14472
5718 226 25762 381 14067 309 73723 182 30770 198 14472
5718 226 25762 381 14067 309 73723 182 18523 198 14472
5718 226 25762 381 14067 309 73723 182 35787 198 14472
5718 226 25762 381 14067 309 73723 182 53791 198 14472
5718 226 25762 381 14067 309 73723 182 42118 198 14472
5718 226 25762 381 14067 309 73723 182 39061 198 14472
5718 226 25762 381 14067 309 73723 182 56378 198 14472
5718 226 25762 381 14067 309 73723 182 44936 198 14472
5718 226 25762 381 14067 309 73723 182 57295 198 14472
5718 226 25762 381 14067 309 73723 182 43110 198 14472
5718 226 25762 381 14067 309 73723 182 61970 198 14472
5718 226 25762 381 14067 309 73723 182 12569 198 14472
5718 226 25762 381 14067 309 73723 182 7928 198 14472
5718 226 25762 381 14067 309 73723 182 4790 198 14472
5718 226 25762 381 14067 309 73723 182 4433 198 14472
5718 226 25762 381 14067 309 73723 182 24264 198 14472
5718 226 25762 381 14067 309 73723 182 60385 198 14472
5718 226 25762 381 14067 309 73723 182 59356 198 14472
5718 226 25762 381 14067 309 73723 182 40282 198 14472
5718 226 25762 381 14067 309 73723 182 4352 198 14472
5718 226 25762 381 14067 309 73723 182 50144 198 14472
5718 226 25762 381 14067 309 73723 182 35226 198 14472
5718 226 25762 381 14067 309 73723 182 56243 198 14472
5718 226 25762 381 14067 309 73723 182 71264 198 14472
5718 226 25762 381 14067 309 73723 182 13102 198 14472
5718 226 25762 381 14067 309 73723 182 72430 198 14472
5718 226 25762 381 14067 309 73723 182 22002 198 14472
5718 226 25762 381 14067 309 73723 182 18207 198 14472
5718 226 25762 381 14067 309 73723 182 74304 198 14472
5718 226 25762 381 14067 309 73723 182 50297 198 14472
5718 226 25762 381 14067 309 73723 182 37016 198 14472
5718 226 25762 381 14067 309 73723 182 12331 198 14472
5718 226 25762 381 14067 309 73723 182 68021 198 14472
5718 226 25762 381 14067 309 73723 182 25192 198 14472
5718 226 25762 381 14067 309 73723 182 22039 198 14472
5718 226 25762 381 14067 309 73723 182 66861 198 14472
5718 226 25762 381 14067 309 73723 182 5783 198 14472
5718 226 25762 381 14067 309 73723 182 31350 198 14472
5718 226 25762 381 14067 309 73723 182 14772 198 14472
5718 226 25762 381 14067 309 73723 182 25639 198 14472
5718 226 25762 381 14067 309 73723 182 26914 198 14472
5718 226 25762 381 14067 309 73723 182 10755 198 14472
5718 226 25762 381 14067 309 73723 182 59403 198 14472
5718 226 25762 381 14067 309 73723 182 59403 206 14472
5718 226 25762 381 14067 309 73723 182 74928 198 14472
5718 226 25762 381 14067 309 73723 182 31940 198 14472
5718 226 25762 381 14067 309 73723 182 50027 198 14472
5718 226 25762 381 14067 309 73723 182 1487 198 14472
5718 226 25762 381 14067 309 73723 182 9317 198 14472
5718 226 25762 381 14067 309 73723 182 6184 198 14472
5718 226 25762 381 14067 309 73723 182 42697 198 14472
5718 226 25762 381 14067 309 73723 182 55742 198 14472
5718 226 25762 381 14067 309 73723 182 52548 198 14472
5718 226 25762 381 14067 309 73723 182 37861 198 14472
5718 226 25762 381 14067 309 73723 182 10992 198 14472
5718 226 25762 381 14067 309 73723 182 22000 198 14472
5718 226 25762 381 14067 309 73723 182 24536 198 14472
5718 226 25762 381 14067 309 73723 182 38398 198 14472
5718 226 25762 381 14067 309 73723 182 67632 198 14472
5718 226 25762 381 14067 309 73723 182 55197 198 14472
5718 226 25762 381 14067 309 73723 182 47104 198 14472
5718 226 25762 381 14067 309 73723 182 56683 198 14472
5718 226 25762 381 14067 309 73723 182 42186 198 14472
5718 226 25762 381 14067 309 73723 182 28712 198 14472
5718 226 25762 381 14067 309 73723 182 2880 198 14472
5718 226 25762 381 14067 309 73723 182 20671 198 14472
5718 226 25762 381 14067 309 73723 182 54556 198 14472
5718 226 25762 381 14067 309 73723 182 43707 198 14472
5718 226 25762 381 14067 309 73723 182 29264 198 14472
5718 226 25762 381 14067 207 18017 287 19311 198 14472
5718 226 25762 381 14067 207 18017 287 3032 398 14472
5718 226 25762 381 14067 207 18017 287 69806 198 14472
5718 226 25762 381 14067 207 18017 287 20452 198 14472
5718 226 25762 381 14067 207 18017 287 38858 198 14472
5718 226 25762 381 14067 207 18017 287 68145 198 14472
5718 226 25762 381 14067 207 18017 287 35280 198 14472
5718 226 25762 381 14067 207 18017 106 62368 131 14472
5718 226 25762 381 14067 207 18017 106 65291 131 14472
5718 226 25762 381 14067 207 18017 106 62788 131 14472
5718 226 25762 381 14067 207 18017 106 2605 131 14472
5718 226 25762 381 14067 207 18017 106 1225 131 14472
5718 226 25762 381 14067 207 18017 106 49729 131 14472
5718 226 25762 381 14067 207 18017 106 8905 131 14472
5718 226 25762 381 14067 207 18017 106 75170 131 14472
5718 226 25762 381 14067 207 18017 106 30766 131 14472
5718 226 25762 381 14067 207 18017 106 19132 131 14472
5718 226 25762 381 14067 207 18017 106 43878 131 14472
5718 226 25762 381 14067 207 18017 106 48217 131 14472
5718 226 25762 381 14067 207 18017 106 26301 131 14472
5718 226 25762 381 14067 207 18017 106 64755 131 14472
5718 226 25762 381 14067 207 18017 106 6856 131 14472
5718 226 25762 381 14067 207 18017 106 66864 131 14472
5718 226 25762 381 14067 207 18017 106 54542 131 14472
5718 226 25762 381 14067 207 18017 106 21881 131 14472
5718 226 25762 381 14067 207 18017 106 8971 131 14472
5718 226 25762 381 14067 207 18017 106 28676 131 14472
5718 226 25762 381 14067 207 18017 106 18894 131 14472
5718 226 25762 96 20410 96 43634 363 70614 131 14472
5718 226 25762 96 30918 63 2516 75 41850 147 14472
5718 226 25762 96 30918 381 21931 198 9602 268 14472
5718 226 25762 96 24713 63 47635 5 43725 6 14472
5718 226 25762 82 11544 2 3650 124 74373 217 14472
5718 226 25762 38 59812 211 17121 36 16663 131 14472
