15726 151 19933
15726 114 21109 32 19933
15726 290 72858 155 31636 252 19933
15726 290 72858 155 31636 32 19933
15726 290 72858 155 31636 369 19933
15726 290 72858 155 1444 383 19933
15726 290 72858 155 58121 294 19933
15726 290 72858 155 58121 369 19933
15726 290 72858 155 16129 32 19933
15726 290 72858 155 65235 294 19933
15726 290 72858 155 65235 369 19933
15726 290 72858 155 6749 32 19933
15726 290 72858 155 6749 358 19933
15726 290 72858 100 61756 32 19933
15726 290 72858 100 42306 252 19933
15726 290 72858 100 42306 32 19933
15726 290 72858 100 42306 369 19933
15726 290 72858 100 42306 358 19933
15726 290 72858 100 56551 252 19933
15726 290 72858 100 56551 32 19933
15726 290 72858 100 56551 151 19933
15726 290 72858 100 12712 32 19933
15726 290 72858 100 12712 252 19933
15726 290 72858 100 5838 252 19933
15726 290 72858 100 5838 32 19933
15726 290 72858 100 5838 369 19933
15726 290 72858 100 5838 358 19933
15726 290 72858 100 23922 32 19933
15726 290 72858 100 7675 252 19933
15726 290 72858 100 7675 72 19933
15726 290 72858 100 7675 369 19933
15726 290 72858 100 59087 252 19933
15726 290 72858 100 59087 294 19933
15726 290 72858 100 59087 369 19933
15726 290 72858 100 19912 32 19933
15726 290 72858 100 19912 151 19933
15726 290 72858 100 2832 252 19933
15726 290 72858 100 2832 294 19933
15726 290 72858 100 2832 369 19933
15726 290 72858 100 2832 358 19933
15726 290 72858 100 65198 252 19933
15726 290 72858 100 25041 252 19933
15726 290 72858 100 25041 294 19933
15726 290 72858 100 25041 369 19933
15726 290 72858 100 5112 294 19933
15726 290 72858 100 5112 369 19933
15726 290 72858 100 2516 252 19933
15726 290 72858 100 2516 72 19933
15726 290 72858 100 2516 369 19933
15726 290 72858 100 46182 294 19933
15726 290 72858 100 46182 369 19933
15726 290 72858 100 74943 72 19933
15726 290 72858 100 42330 32 19933
15726 290 72858 100 42330 151 19933
15726 290 72858 100 28944 72 19933
15726 290 72858 100 28944 369 19933
15726 290 72858 100 50723 151 19933
15726 290 72858 100 48444 252 19933
15726 290 72858 100 48444 294 19933
15726 290 72858 100 48444 369 19933
15726 290 72858 100 7451 252 19933
15726 290 72858 100 7451 294 19933
15726 290 72858 100 7451 369 19933
15726 290 72858 100 59266 252 19933
15726 290 72858 100 59266 151 19933
15726 290 72858 100 43588 294 19933
15726 290 72858 100 43588 369 19933
15726 290 72858 100 46021 252 19933
15726 290 72858 100 46021 72 19933
15726 290 72858 100 46021 151 19933
15726 290 72858 100 42305 252 19933
15726 290 72858 100 42305 294 19933
15726 290 72858 100 42305 369 19933
15726 290 72858 100 68623 294 19933
15726 290 72858 100 68623 369 19933
15726 290 72858 100 49302 304 19933
15726 290 72858 100 54105 252 19933
15726 290 72858 100 54105 32 19933
15726 290 72858 100 48653 252 19933
15726 290 72858 100 48653 294 19933
15726 290 72858 100 48653 369 19933
15726 290 72858 100 15635 72 19933
15726 290 72858 100 67928 252 19933
15726 290 72858 100 67928 32 19933
15726 290 72858 100 30039 72 19933
15726 290 72858 100 30039 369 19933
15726 290 72858 100 66649 252 19933
15726 290 72858 100 67364 252 19933
15726 290 72858 100 67364 72 19933
15726 290 72858 100 67364 369 19933
15726 290 72858 100 53005 252 19933
15726 290 72858 100 53005 32 19933
15726 290 72858 100 53005 151 19933
15726 290 72858 100 30754 252 19933
15726 290 72858 100 30754 72 19933
15726 290 72858 100 30754 369 19933
15726 290 72858 100 59033 252 19933
15726 290 72858 100 59033 32 19933
15726 290 72858 100 60966 32 19933
15726 290 72858 100 60966 369 19933
15726 290 72858 100 37647 32 19933
15726 290 72858 100 37647 151 19933
15726 290 72858 100 24434 252 19933
15726 290 72858 100 24434 294 19933
15726 290 72858 100 24434 369 19933
15726 290 72858 100 18153 32 19933
15726 290 72858 100 5615 252 19933
15726 290 72858 100 5615 294 19933
15726 290 72858 100 5615 369 19933
15726 290 72858 100 52905 252 19933
15726 290 72858 100 52905 294 19933
15726 290 72858 100 52905 369 19933
15726 290 72858 100 52905 358 19933
15726 290 72858 100 50753 252 19933
15726 290 72858 100 50753 32 19933
15726 290 72858 100 50753 369 19933
15726 290 72858 100 8863 252 19933
15726 290 72858 100 8863 72 19933
15726 290 72858 100 8863 151 19933
15726 290 72858 100 52132 252 19933
15726 290 72858 100 52132 32 19933
15726 290 72858 100 52132 369 19933
15726 290 72858 100 52132 358 19933
15726 290 72858 100 54638 252 19933
15726 290 72858 100 54638 32 19933
15726 290 72858 100 1642 252 19933
15726 290 72858 100 1642 72 19933
15726 290 72858 100 1642 369 19933
15726 290 72858 100 12129 252 19933
15726 290 72858 100 12129 32 19933
15726 290 72858 100 67499 32 19933
15726 290 72858 100 67499 151 19933
15726 290 72858 100 9319 32 19933
15726 290 72858 100 9319 151 19933
15726 290 72858 100 50467 294 19933
15726 290 72858 100 50467 369 19933
15726 290 72858 100 55585 72 19933
15726 290 72858 100 67656 252 19933
15726 290 72858 100 67656 32 19933
15726 290 72858 100 41835 294 19933
15726 290 72858 100 41835 369 19933
15726 290 72858 100 33196 252 19933
15726 290 72858 100 33196 294 19933
15726 290 72858 100 33196 369 19933
15726 290 72858 100 52651 252 19933
15726 290 72858 100 52651 32 19933
15726 290 72858 100 52651 369 19933
15726 290 72858 100 52651 358 19933
15726 290 72858 100 423 252 19933
15726 290 72858 100 423 294 19933
15726 290 72858 100 423 369 19933
15726 290 72858 100 26661 252 19933
15726 290 72858 100 26661 32 19933
15726 290 72858 100 26661 369 19933
15726 290 72858 100 26661 358 19933
15726 290 72858 100 45550 252 19933
15726 290 72858 100 45550 72 19933
15726 290 72858 100 45550 151 19933
15726 290 72858 100 45792 252 19933
15726 290 72858 100 45792 72 19933
15726 290 72858 100 45792 151 19933
15726 290 72858 100 59773 252 19933
15726 290 72858 100 34718 252 19933
15726 290 72858 100 34718 32 19933
15726 290 72858 100 34718 369 19933
15726 290 72858 100 34718 358 19933
15726 290 72858 100 7199 32 19933
15726 290 72858 100 26890 294 19933
15726 290 72858 100 26890 369 19933
15726 290 72858 100 49357 252 19933
15726 290 72858 100 49357 32 19933
15726 290 72858 100 49357 151 19933
15726 290 72858 100 49357 358 19933
15726 290 72858 100 69644 294 19933
15726 290 72858 100 69644 369 19933
15726 290 72858 100 46363 252 19933
15726 290 72858 100 46363 32 19933
15726 290 72858 100 46363 151 19933
15726 290 72858 100 46363 358 19933
15726 290 72858 100 19232 252 19933
15726 290 72858 100 19232 32 19933
15726 290 72858 100 19232 151 19933
15726 290 72858 100 34115 252 19933
15726 290 72858 100 34115 294 19933
15726 290 72858 100 34115 369 19933
15726 290 72858 100 11411 252 19933
15726 290 72858 100 11411 32 19933
15726 290 72858 100 11411 151 19933
15726 290 72858 100 30475 252 19933
15726 290 72858 100 30475 32 19933
15726 290 72858 100 30475 151 19933
15726 290 72858 100 50675 32 19933
15726 290 72858 100 71242 294 19933
15726 290 72858 100 71242 369 19933
15726 290 72858 100 11992 252 19933
15726 290 72858 100 11992 294 19933
15726 290 72858 100 11992 369 19933
15726 290 72858 100 11992 358 19933
15726 290 72858 100 9397 252 19933
15726 290 72858 100 9397 32 19933
15726 290 72858 100 73297 252 19933
15726 290 72858 100 73297 72 19933
15726 290 72858 100 73297 369 19933
15726 290 72858 100 51955 252 19933
15726 290 72858 100 51955 294 19933
15726 290 72858 100 51955 369 19933
15726 290 72858 100 51955 358 19933
15726 290 72858 100 7794 252 19933
15726 290 72858 100 7794 151 19933
15726 290 72858 100 73343 252 19933
15726 290 72858 100 73343 294 19933
15726 290 72858 100 73343 369 19933
15726 290 72858 100 69582 252 19933
15726 290 72858 100 69582 294 19933
15726 290 72858 100 69582 369 19933
15726 290 72858 100 73742 252 19933
15726 290 72858 100 73742 32 19933
15726 290 72858 100 73742 151 19933
15726 290 72858 100 73742 358 19933
15726 290 72858 100 68384 72 19933
15726 290 72858 100 68384 369 19933
15726 290 72858 100 43977 252 19933
15726 290 72858 100 43977 294 19933
15726 290 72858 100 43977 369 19933
15726 290 72858 100 53434 72 19933
15726 290 72858 100 53434 369 19933
15726 290 72858 100 64320 72 19933
15726 290 72858 100 64320 369 19933
15726 290 72858 100 60080 252 19933
15726 290 72858 100 60080 72 19933
15726 290 72858 100 60080 369 19933
15726 290 72858 100 45380 72 19933
15726 290 72858 100 45380 369 19933
15726 290 72858 100 12864 252 19933
15726 290 72858 100 12864 294 19933
15726 290 72858 100 12864 369 19933
15726 290 72858 100 12864 358 19933
15726 290 72858 100 2847 252 19933
15726 290 72858 100 73628 252 19933
15726 290 72858 100 73628 294 19933
15726 290 72858 100 73628 369 19933
15726 290 72858 100 44477 72 19933
15726 290 72858 100 11944 252 19933
15726 290 72858 100 11944 72 19933
15726 290 72858 100 11944 369 19933
15726 290 72858 100 7127 72 19933
15726 290 72858 100 25609 294 19933
15726 290 72858 100 25609 369 19933
15726 290 72858 100 25609 358 19933
15726 290 72858 100 25609 252 19933
15726 290 72858 100 13009 72 19933
15726 290 72858 100 13009 369 19933
15726 290 72858 100 54598 32 19933
15726 290 72858 100 66901 32 19933
15726 290 72858 100 73564 252 19933
15726 290 72858 100 73564 32 19933
15726 290 72858 100 73564 151 19933
15726 290 72858 100 27834 294 19933
15726 290 72858 100 27834 369 19933
15726 290 72858 100 56810 294 19933
15726 290 72858 100 56810 369 19933
15726 290 72858 100 14682 252 19933
15726 290 72858 100 14682 32 19933
15726 290 72858 100 14682 151 19933
15726 290 72858 100 44421 72 19933
15726 290 72858 100 44421 369 19933
15726 290 72858 100 726 72 19933
15726 290 72858 100 726 369 19933
15726 290 72858 100 69329 252 19933
15726 290 72858 100 69329 32 19933
15726 290 72858 100 12469 294 19933
15726 290 72858 100 12469 369 19933
15726 290 72858 100 19590 252 19933
15726 290 72858 100 19590 294 19933
15726 290 72858 100 19590 369 19933
15726 290 72858 100 19590 358 19933
15726 290 72858 100 55512 72 19933
15726 290 72858 100 55512 151 19933
15726 290 72858 100 65166 294 19933
15726 290 72858 100 65166 369 19933
15726 290 72858 100 49219 72 19933
15726 290 72858 100 32794 252 19933
15726 290 72858 100 32794 32 19933
15726 290 72858 100 32794 151 19933
15726 290 72858 100 32794 358 19933
15726 290 72858 100 49222 252 19933
15726 290 72858 100 49222 32 19933
15726 290 72858 100 49222 151 19933
15726 290 72858 100 38555 252 19933
15726 290 72858 100 38555 32 19933
15726 290 72858 100 38555 151 19933
15726 290 72858 100 58849 252 19933
15726 290 72858 100 67522 252 19933
15726 290 72858 100 67522 32 19933
15726 290 72858 100 67522 151 19933
15726 290 72858 100 5054 252 19933
15726 290 72858 100 5054 294 19933
15726 290 72858 100 5054 369 19933
15726 290 72858 100 66676 252 19933
15726 290 72858 100 25750 294 19933
15726 290 72858 100 25750 369 19933
15726 290 72858 100 68119 252 19933
15726 290 72858 100 68119 310 19933
15726 290 72858 100 68119 369 19933
15726 290 72858 100 44510 72 19933
15726 290 72858 100 24193 252 19933
15726 290 72858 100 24193 294 19933
15726 290 72858 100 24193 369 19933
15726 290 72858 100 51405 151 19933
15726 290 72858 100 40653 294 19933
15726 290 72858 100 40653 369 19933
15726 290 72858 100 49056 294 19933
15726 290 72858 100 49056 369 19933
15726 290 72858 100 43948 252 19933
15726 290 72858 100 43948 358 19933
15726 290 72858 100 61923 252 19933
15726 290 72858 100 61923 32 19933
15726 290 72858 100 61923 151 19933
15726 290 72858 100 68401 72 19933
15726 75 25961 32 4584 72 19933
15726 75 25961 32 69092 294 19933
15726 75 25961 32 69092 151 19933
15726 75 25961 32 69092 277 19933
15726 75 25961 32 69507 252 19933
15726 75 25961 32 69507 72 19933
15726 75 25961 32 69507 369 19933
15726 75 25961 32 47618 252 19933
15726 75 25961 32 47618 294 19933
15726 75 25961 32 47618 369 19933
15726 75 25961 32 47618 358 19933
15726 75 27067 32 4700 32 19933
15726 75 27067 32 49743 32 19933
15726 75 27067 32 49743 151 19933
15726 114 21109 155 60562 20 19933
15726 114 21109 155 60562 161 19933
15726 114 21109 32 43038 32 19933
15726 290 72858 155 12682 332 29064 31 19933
15726 290 72858 155 39260 297 61222 20 19933
15726 290 72858 155 51363 147 17373 373 19933
15726 290 72858 155 51363 147 17373 105 19933
15726 290 72858 155 40298 240 41977 72 19933
15726 290 72858 155 40298 332 65853 369 19933
15726 290 72858 155 40298 332 65856 31 19933
15726 290 72858 155 40298 332 1707 369 19933
15726 290 72858 155 40298 332 65857 369 19933
15726 290 72858 155 40298 332 1705 31 19933
15726 290 72858 155 40298 332 65861 31 19933
15726 290 72858 155 40298 332 29065 31 19933
15726 290 72858 155 40298 332 32380 369 19933
15726 290 72858 155 40298 332 29052 31 19933
15726 290 72858 155 40298 332 29061 369 19933
15726 290 72858 155 40298 332 40309 369 19933
15726 290 72858 155 40298 332 59840 31 19933
15726 290 72858 155 40298 332 35877 369 19933
15726 290 72858 155 20177 321 24058 196 19933
15726 290 72858 155 705 222 29063 202 19933
15726 290 72858 155 65908 332 65855 369 19933
15726 290 72858 155 65908 332 26184 31 19933
15726 290 72858 155 65908 332 40407 31 19933
15726 290 72858 155 65908 332 68334 369 19933
15726 290 72858 155 65908 332 68339 369 19933
15726 290 72858 155 65908 332 40312 369 19933
15726 290 72858 155 65908 396 54516 35 19933
15726 290 72858 155 43961 332 10045 369 19933
15726 290 72858 155 43961 294 36583 161 19933
15726 290 72858 155 69099 91 28573 265 19933
15726 290 72858 155 69099 294 57047 297 19933
15726 290 72858 155 57305 373 26494 356 19933
15726 290 72858 155 15756 339 9510 20 19933
15726 290 72858 155 15756 339 69954 161 19933
15726 290 72858 155 1444 28 616 6 19933
15726 290 72858 155 1444 332 60031 369 19933
15726 290 72858 155 1444 332 12804 31 19933
15726 290 72858 155 1444 332 51358 31 19933
15726 290 72858 155 1444 332 68338 31 19933
15726 290 72858 155 1444 332 40315 369 19933
15726 290 72858 155 1444 332 40308 31 19933
15726 290 72858 155 1444 297 45397 20 19933
15726 290 72858 155 1444 297 74165 231 19933
15726 290 72858 155 1444 297 56340 20 19933
15726 290 72858 155 16834 114 36348 265 19933
15726 290 72858 155 16834 369 3643 252 19933
15726 290 72858 155 50528 252 55535 252 19933
15726 290 72858 155 50528 252 55535 72 19933
15726 290 72858 155 50528 252 55535 369 19933
15726 290 72858 155 50528 222 52667 265 19933
15726 290 72858 155 50528 358 72636 339 19933
15726 290 72858 155 19694 282 69865 159 19933
15726 290 72858 155 19694 332 40316 32 19933
15726 290 72858 155 19694 332 40316 369 19933
15726 290 72858 155 19694 322 53540 159 19933
15726 290 72858 155 19694 322 21531 159 19933
15726 290 72858 155 73556 32 9013 383 19933
15726 290 72858 155 66047 222 22878 202 19933
15726 290 72858 155 65235 369 22052 32 19933
15726 290 72858 255 49761 155 21752 32 19933
15726 290 72858 255 49761 100 16625 72 19933
15726 290 72858 255 49761 100 180 294 19933
15726 290 72858 255 49761 100 180 369 19933
15726 290 72858 100 56551 310 41143 72 19933
15726 290 72858 100 25041 26 65509 393 19933
15726 290 72858 100 22854 369 31621 20 19933
15726 290 72858 100 30762 75 27162 32 19933
15726 290 72858 100 29427 75 3477 252 19933
15726 290 72858 100 29427 75 3477 32 19933
15726 290 72858 100 29427 75 3477 151 19933
15726 290 72858 100 66708 57 32721 369 19933
15726 290 72858 100 19232 26 1469 393 19933
15726 290 72858 100 75101 75 53846 32 19933
15726 290 72858 100 58806 75 25905 32 19933
15726 290 72858 100 58806 332 51356 369 19933
15726 290 72858 100 58806 332 23447 31 19933
15726 290 72858 100 58806 332 23446 31 19933
15726 290 72858 100 58806 332 60308 369 19933
15726 290 72858 100 58806 332 60308 358 19933
15726 290 72858 397 7347 123 13120 265 19933
15726 290 72858 397 3650 123 10896 265 19933
15726 290 72858 397 3650 123 7077 265 19933
15726 290 72858 397 3650 124 27545 265 19933
15726 290 72858 397 3650 124 75039 265 19933
15726 290 72858 397 12956 123 23800 265 19933
15726 290 72858 397 12956 123 43544 265 19933
15726 290 72858 397 1274 123 47691 265 19933
15726 290 72858 397 67239 123 37047 265 19933
15726 290 72858 397 67239 123 69700 265 19933
15726 290 72858 397 67239 123 20633 265 19933
15726 290 72858 397 25456 123 5190 265 19933
15726 290 72858 397 25456 123 22832 265 19933
15726 290 72858 397 25456 60 55784 265 19933
15726 290 72858 397 22368 123 38273 265 19933
15726 290 72858 397 22368 123 4901 265 19933
15726 290 72858 397 22368 123 68162 265 19933
15726 290 72858 397 70778 123 10519 265 19933
15726 75 25961 32 22668 91 21064 265 19933
15726 75 25961 32 22668 91 18901 265 19933
15726 75 25961 32 22668 91 3354 265 19933
15726 75 25961 32 22668 91 10965 265 19933
15726 75 25961 32 22668 91 59147 265 19933
15726 75 25961 32 22668 91 35283 265 19933
15726 75 25961 32 22668 91 71797 265 19933
15726 75 25961 32 22668 91 58671 265 19933
15726 75 25961 32 22668 91 15964 265 19933
15726 75 25961 32 22668 91 47937 265 19933
15726 75 25961 32 22668 91 11059 265 19933
15726 75 25961 32 22668 91 32062 265 19933
15726 75 25961 32 22668 91 63292 265 19933
15726 75 25961 32 22668 91 18499 265 19933
15726 75 25961 32 22668 91 2345 265 19933
15726 75 25961 32 22668 91 11324 265 19933
15726 75 25961 32 22668 91 52707 265 19933
15726 75 25961 32 22668 91 24742 265 19933
15726 75 25961 32 22668 91 64733 265 19933
15726 75 25961 32 22668 91 38996 265 19933
15726 75 25961 32 22668 91 8318 265 19933
15726 75 25961 32 22668 91 41792 265 19933
15726 75 25961 32 22668 91 60434 265 19933
15726 75 25961 32 22668 91 72849 265 19933
15726 75 25961 32 22668 91 66068 265 19933
15726 75 25961 32 22668 91 73400 265 19933
15726 75 25961 32 22668 91 71447 265 19933
15726 75 25961 32 22668 91 39226 265 19933
15726 75 25961 32 22668 91 40361 265 19933
15726 75 25961 32 22668 91 9678 265 19933
15726 75 25961 32 69092 114 2313 32 19933
15726 75 25961 32 69092 294 20689 356 19933
15726 75 25961 32 69092 294 63370 294 19933
15726 75 25961 32 69092 277 9044 72 19933
15726 75 25961 32 69092 277 9044 369 19933
15726 75 25961 32 38944 315 13437 265 19933
15726 75 25961 32 38944 315 48029 265 19933
15726 75 25961 32 38944 315 40683 265 19933
15726 75 25961 32 38944 315 63414 265 19933
15726 75 25961 32 38944 315 52094 265 19933
15726 75 25961 32 38944 315 48195 265 19933
15726 75 25961 32 38944 315 74833 265 19933
15726 75 25961 32 38944 315 16174 265 19933
15726 75 25961 32 38944 315 70808 265 19933
15726 75 25961 32 38944 315 44022 265 19933
15726 75 25961 32 38944 315 4120 265 19933
15726 75 25961 32 38944 315 69304 265 19933
15726 75 25961 32 38944 315 35347 265 19933
15726 75 25961 32 38944 315 41435 265 19933
15726 75 25961 32 38944 315 36374 265 19933
15726 75 25961 32 38944 315 23721 265 19933
15726 75 25961 32 38944 315 49651 265 19933
15726 75 25961 32 38944 315 56943 265 19933
15726 75 25961 32 38944 315 48284 265 19933
15726 75 25961 32 38944 315 57080 265 19933
15726 75 25961 32 38944 315 8593 265 19933
15726 75 25961 32 38944 315 72371 265 19933
15726 75 25961 32 38944 315 30262 265 19933
15726 75 25961 32 38944 315 29777 265 19933
15726 75 25961 32 38944 315 39066 265 19933
15726 75 25961 32 38944 315 45970 265 19933
15726 75 25961 32 38944 315 22955 265 19933
15726 75 25961 32 38944 315 10797 265 19933
15726 75 25961 32 38944 315 48679 265 19933
15726 75 25961 32 38944 315 50547 265 19933
15726 75 25961 32 38944 315 21419 265 19933
15726 75 25961 32 38944 315 65682 265 19933
15726 75 25961 32 38944 315 17660 265 19933
15726 75 25961 32 38944 315 43370 265 19933
15726 75 25961 32 38944 315 5496 265 19933
15726 75 25961 32 38944 315 50538 265 19933
15726 75 25961 32 38944 315 9852 265 19933
15726 75 25961 32 38944 315 59979 265 19933
15726 75 25961 32 38944 315 43072 265 19933
15726 75 25961 32 38944 315 65877 265 19933
15726 75 25961 32 38944 315 72145 265 19933
15726 75 25961 32 38944 315 70937 265 19933
15726 75 25961 32 38944 315 15495 265 19933
15726 75 25961 32 38944 315 9348 265 19933
15726 75 25961 32 38944 315 6444 265 19933
15726 75 25961 32 38944 315 36746 265 19933
15726 75 25961 32 38944 315 54397 265 19933
15726 75 25961 32 38944 91 17171 265 19933
15726 75 25961 32 38944 91 60675 265 19933
15726 75 25961 32 38944 91 35279 265 19933
15726 75 25961 32 38944 91 67545 265 19933
15726 75 25961 32 38944 91 57982 265 19933
15726 75 25961 32 38944 91 74772 265 19933
15726 75 25961 32 38944 91 56811 265 19933
15726 75 25961 32 38944 369 42789 252 19933
15726 75 25961 151 33054 277 6526 6 19933
15726 75 25961 151 33054 252 51091 252 19933
15726 114 21109 155 60562 75 31768 252 19933
15726 114 21109 155 60562 75 31768 32 19933
15726 114 21109 155 60562 75 31768 151 19933
15726 114 21109 155 60562 75 31768 358 19933
15726 114 21109 155 60562 153 27731 245 19933
15726 114 21109 155 60841 277 71180 252 19933
15726 114 21109 155 67410 272 72785 252 19933
15726 114 21109 155 67410 272 72785 32 19933
15726 114 21109 155 67410 272 72785 369 19933
15726 114 21109 155 67410 272 72785 358 19933
15726 114 21109 155 67410 272 13043 32 19933
15726 114 21109 155 67410 64 45692 265 19933
15726 114 21109 155 67410 75 71417 294 19933
15726 114 21109 155 67410 75 71417 369 19933
15726 114 21109 155 67410 75 47693 32 19933
15726 114 21109 155 27894 231 20039 297 19933
15726 114 21109 155 27894 272 63382 252 19933
15726 114 21109 155 27894 272 63382 32 19933
15726 114 21109 155 27894 272 63382 151 19933
15726 290 72858 155 39260 297 61222 142 9671 104 19933
15726 290 72858 155 39260 297 61222 231 44604 252 19933
15726 290 72858 155 39260 297 61222 231 64669 294 19933
15726 290 72858 155 39260 297 61222 231 64669 369 19933
15726 290 72858 155 51363 101 64632 112 17505 265 19933
15726 290 72858 155 51363 101 64632 112 22868 265 19933
15726 290 72858 155 51363 101 64632 112 15104 265 19933
15726 290 72858 155 51363 101 64632 112 61387 265 19933
15726 290 72858 155 51363 101 64632 112 74368 265 19933
15726 290 72858 155 51363 101 64632 112 20363 265 19933
15726 290 72858 155 51363 101 64632 303 70430 252 19933
15726 290 72858 155 51363 101 64632 303 70430 294 19933
15726 290 72858 155 51363 101 64632 303 70430 369 19933
15726 290 72858 155 40298 332 29065 31 64485 252 19933
15726 290 72858 155 40298 332 29065 31 64485 32 19933
15726 290 72858 155 40298 332 29065 31 64485 358 19933
15726 290 72858 155 20177 8 71989 25 59278 32 19933
15726 290 72858 155 64701 90 11979 157 29811 252 19933
15726 290 72858 155 21455 32 40417 75 5855 252 19933
15726 290 72858 155 21455 32 40417 75 5855 369 19933
15726 290 72858 155 64361 32 31389 75 1125 252 19933
15726 290 72858 155 64361 32 31389 75 1125 32 19933
15726 290 72858 155 64361 369 73831 252 18766 252 19933
15726 290 72858 155 49345 8 32907 25 50524 32 19933
15726 290 72858 155 49345 259 20467 68 38211 252 19933
15726 290 72858 155 49345 259 20467 68 38211 32 19933
15726 290 72858 155 49345 259 20467 68 38211 369 19933
15726 290 72858 155 49345 259 20467 68 38211 358 19933
15726 290 72858 155 3481 151 14859 277 38625 294 19933
15726 290 72858 155 3481 151 14859 277 38625 369 19933
15726 290 72858 155 3481 369 19754 277 8744 294 19933
15726 290 72858 155 3481 369 19754 277 8744 369 19933
15726 290 72858 155 28575 377 10911 238 50989 252 19933
15726 290 72858 155 28575 377 10911 238 50989 294 19933
15726 290 72858 155 28575 377 10911 238 50989 369 19933
15726 290 72858 155 59909 252 48050 277 39031 252 19933
15726 290 72858 155 59909 252 48050 277 39031 32 19933
15726 290 72858 155 59909 252 48050 277 39031 151 19933
15726 290 72858 155 15756 107 24879 91 60456 265 19933
15726 290 72858 155 15756 339 23785 75 27248 252 19933
15726 290 72858 155 15756 339 23785 75 27248 72 19933
15726 290 72858 155 15756 339 23785 75 27248 369 19933
15726 290 72858 155 15756 339 26742 64 34437 265 19933
15726 290 72858 155 15756 339 69954 272 1793 252 19933
15726 290 72858 155 15756 339 69954 272 1793 294 19933
15726 290 72858 155 15756 339 69954 272 1793 369 19933
15726 290 72858 155 15756 339 2168 272 12424 32 19933
15726 290 72858 155 15756 297 64508 75 51868 72 19933
15726 290 72858 155 15756 142 65618 270 12674 202 19933
15726 290 72858 155 1444 297 25986 75 69506 252 19933
15726 290 72858 155 1444 297 482 272 28997 252 19933
15726 290 72858 155 1444 297 482 272 28997 32 19933
15726 290 72858 155 1444 297 482 272 28997 369 19933
15726 290 72858 155 1444 297 482 272 28997 358 19933
15726 290 72858 155 19694 282 69865 100 6843 252 19933
15726 290 72858 155 19694 282 69865 100 6843 294 19933
15726 290 72858 155 19694 282 69865 100 6843 369 19933
15726 290 72858 155 25889 8 75194 25 34446 151 19933
15726 290 72858 155 28162 32 4148 75 36814 252 19933
15726 290 72858 155 28162 32 4148 75 36814 32 19933
15726 290 72858 155 28162 32 4148 75 36814 369 19933
15726 290 72858 155 43304 8 58739 25 73585 294 19933
15726 290 72858 155 43304 8 58739 25 73585 369 19933
15726 290 72858 155 66047 369 66372 256 46890 254 19933
15726 290 72858 155 19847 290 60073 227 3832 32 19933
15726 290 72858 155 19847 290 60073 227 3832 369 19933
15726 290 72858 155 19847 290 49452 100 23772 252 19933
15726 290 72858 155 19847 290 49452 100 23772 72 19933
15726 290 72858 155 19847 290 49452 100 23772 151 19933
15726 290 72858 155 19847 8 24073 25 48507 252 19933
15726 290 72858 155 19847 8 24073 25 48507 32 19933
15726 290 72858 255 49761 155 73048 315 71440 104 19933
15726 290 72858 255 49761 100 180 244 9560 252 19933
15726 290 72858 255 49761 100 180 244 9560 32 19933
15726 290 72858 255 49761 100 180 244 9560 369 19933
15726 290 72858 100 70420 72 58984 272 1049 252 19933
15726 290 72858 100 70420 72 58984 272 1049 32 19933
15726 290 72858 100 70420 72 58984 272 1049 151 19933
15726 290 72858 100 70420 72 58984 75 58154 32 19933
15726 290 72858 100 70420 72 58984 75 58154 369 19933
15726 290 72858 100 42306 72 49249 64 70691 37 19933
15726 290 72858 100 42306 72 49249 64 70691 265 19933
15726 290 72858 100 42306 72 49249 272 19715 252 19933
15726 290 72858 100 42306 72 49249 272 19715 32 19933
15726 290 72858 100 42306 72 49249 272 19715 369 19933
15726 290 72858 100 42306 72 49249 272 19715 358 19933
15726 290 72858 100 39781 8 61259 25 3532 252 19933
15726 290 72858 100 39781 8 61259 25 3532 32 19933
15726 290 72858 100 53797 304 67033 272 13495 252 19933
15726 290 72858 100 22854 369 31621 151 23761 32 19933
15726 290 72858 100 22854 369 31621 272 2493 252 19933
15726 290 72858 100 22854 369 31621 272 2493 294 19933
15726 290 72858 100 22854 369 31621 272 2493 369 19933
15726 290 72858 100 22854 369 31621 272 2493 358 19933
15726 290 72858 100 49302 8 40134 25 63227 252 19933
15726 290 72858 100 49302 8 40134 25 70076 252 19933
15726 290 72858 100 49302 8 40134 25 70076 294 19933
15726 290 72858 100 49302 8 40134 25 70076 369 19933
15726 290 72858 100 54185 8 19838 25 5424 252 19933
15726 290 72858 100 54185 8 19838 25 5424 32 19933
15726 290 72858 100 54185 8 19838 25 5424 151 19933
15726 290 72858 100 28848 290 62289 34 41993 72 19933
15726 290 72858 100 11992 290 68203 21 23192 72 19933
15726 290 72858 100 73343 8 28604 25 21135 252 19933
15726 290 72858 100 73343 8 28604 25 21135 294 19933
15726 290 72858 100 73343 8 28604 25 21135 369 19933
15726 290 72858 397 69083 237 45200 240 44178 252 19933
15726 290 72858 397 69083 237 45200 240 44178 294 19933
15726 290 72858 397 69083 237 45200 240 44178 369 19933
15726 290 72858 397 69083 237 45200 240 44178 358 19933
15726 114 21109 155 60562 383 7637 25 33969 252 19933
15726 114 21109 155 60562 383 7637 25 33969 32 19933
15726 114 21109 155 60562 383 7637 25 33969 151 19933
15726 290 72858 155 51363 147 17373 373 68050 63 38207 32 19933
15726 290 72858 155 51363 101 64632 112 20363 390 16337 265 19933
15726 290 72858 155 51363 256 3890 379 1483 88 47423 265 19933
15726 290 72858 155 51363 256 3890 85 17058 112 8489 265 19933
15726 290 72858 155 51363 369 73592 277 55914 373 20194 369 19933
15726 290 72858 155 40298 229 53497 347 29271 183 51548 245 19933
15726 290 72858 155 69099 91 28573 217 9911 5 46952 265 19933
15726 290 72858 155 15756 75 28376 382 65553 227 4870 252 19933
15726 290 72858 155 15756 75 28376 382 65553 227 4870 32 19933
15726 290 72858 155 15756 75 28376 382 65553 227 4870 358 19933
15726 290 72858 155 16834 75 53751 255 32685 227 63208 252 19933
15726 290 72858 155 16834 75 53751 255 32685 227 63208 32 19933
15726 290 72858 155 16834 75 53751 255 32685 227 63208 369 19933
15726 290 72858 155 16834 75 53751 255 32685 227 63208 358 19933
15726 290 72858 155 19694 24 39045 122 61572 63 62604 252 19933
15726 290 72858 155 19694 24 39045 122 61572 63 62604 72 19933
15726 290 72858 155 19694 24 39045 122 61572 63 62604 369 19933
15726 290 72858 155 19694 322 38784 255 24800 102 37160 252 19933
15726 290 72858 100 2516 290 58402 382 60118 21 74776 252 19933
15726 290 72858 100 2516 290 58402 382 60118 21 74776 72 19933
15726 290 72858 100 2516 290 58402 382 60118 21 74776 369 19933
15726 290 72858 100 2516 290 11701 192 67054 21 64671 252 19933
15726 290 72858 100 2516 290 11701 192 67054 21 64671 294 19933
15726 290 72858 100 2516 290 11701 192 67054 21 64671 369 19933
15726 290 72858 100 70102 5 38086 296 1819 99 56866 265 19933
15726 290 72858 397 3650 124 45395 254 55264 256 40698 254 19933
15726 290 72858 397 3650 124 45395 254 55264 256 40698 35 19933
15726 75 25961 151 33054 277 9782 28 22264 373 6513 32 19933
15726 75 25961 151 33054 277 54310 121 61005 227 14116 252 19933
15726 75 25961 151 33054 277 54310 121 61005 227 14116 32 19933
15726 75 25961 151 33054 277 54310 121 61005 227 14116 151 19933
15726 114 21109 155 60841 75 29309 8 9407 25 46939 294 19933
15726 114 21109 155 60841 75 29309 8 9407 25 46939 369 19933
15726 290 72858 155 18999 114 43617 147 17230 164 29365 34 28595 32 19933
15726 290 72858 155 18999 114 43617 147 17230 164 29365 34 28595 151 19933
15726 290 72858 155 16834 75 53751 255 69443 213 11648 121 53097 100 25104 294 19933
15726 290 72858 155 16834 75 53751 255 69443 213 11648 121 53097 100 25104 369 19933
15726 290 72858 155 39260 297 61222 231 3493 359 41211 194 40943 137 30082 324 8558 19 11312 169 63687 19 9885 169 68446 19 54766 202 19933
