38128 252 21632
38128 151 21632
38128 358 21632
38128 35 21632
38128 15 28376 252 21632
38128 382 8039 6 21632
38128 382 29897 359 21632
38128 382 29897 113 21632
38128 203 60073 342 21632
38128 203 60073 337 21632
38128 15 28376 382 9218 113 21632
38128 382 69443 143 44991 176 21632
38128 382 69443 143 46346 113 21632
38128 382 69443 266 52406 176 21632
38128 382 28772 342 5341 151 21632
38128 382 28772 342 5341 113 21632
38128 382 28772 342 5341 359 21632
38128 85 17058 214 50130 121 21632
38128 203 60073 143 68154 113 21632
38128 203 60073 143 57741 113 21632
38128 203 60073 213 5320 121 21632
38128 203 60073 266 32139 113 21632
38128 203 60073 266 69432 176 21632
38128 203 60073 266 54110 176 21632
38128 203 60073 266 45390 176 21632
38128 203 60073 266 42395 176 21632
38128 203 60073 266 14421 176 21632
38128 15 28376 358 15434 266 12917 176 21632
