41815 151 17726
41815 252 17726
41815 332 65855 31 30109 358 17726
41815 332 65855 31 42969 358 17726
41815 332 65855 369 69092 294 17726
41815 332 65855 369 69092 383 17726
41815 332 65861 151 33054 252 17726
41815 332 65861 151 33054 151 17726
41815 332 65861 369 41897 32 17726
41815 332 29064 31 60639 252 17726
41815 332 29064 31 59433 252 17726
41815 151 37710 252 1581 151 17726
41815 369 40754 277 6824 252 17726
41815 369 40754 277 6824 151 17726
41815 332 65855 31 44925 358 51607 28 17726
41815 332 65855 31 69494 382 44428 358 17726
41815 332 65855 31 42618 252 66347 252 17726
41815 332 65855 31 42618 252 66347 151 17726
41815 332 65855 31 42618 358 38735 28 17726
41815 332 65855 31 51394 102 56080 76 17726
41815 332 65855 31 32357 300 59816 252 17726
41815 332 65855 31 32357 300 59816 151 17726
41815 332 65855 31 59220 5 5496 358 17726
41815 332 65855 31 59220 164 53448 358 17726
41815 332 65855 31 59220 373 5580 358 17726
41815 332 65855 31 24058 196 12419 151 17726
41815 332 65855 31 10715 108 50374 219 17726
41815 332 65855 31 10715 108 61857 219 17726
41815 332 65855 31 10715 108 37394 219 17726
41815 332 65855 31 10715 108 5281 76 17726
41815 332 65855 31 10715 108 5281 219 17726
41815 332 65855 31 10715 235 24309 76 17726
41815 332 65855 31 10715 235 36046 76 17726
41815 332 65855 31 62341 28 19535 358 17726
41815 332 65855 31 58806 252 51402 252 17726
41815 332 65855 31 58806 252 51402 151 17726
41815 332 65855 31 58806 252 96 252 17726
41815 332 65855 31 58806 151 14023 252 17726
41815 332 65855 31 58806 151 14023 151 17726
41815 332 65855 31 58806 358 47757 28 17726
41815 332 65855 31 5604 110 20094 28 17726
41815 332 65855 31 69820 352 52898 358 17726
41815 332 65861 151 33054 277 17168 252 17726
41815 332 65861 151 33054 277 17168 151 17726
41815 332 65861 151 33054 277 66348 151 17726
41815 332 65861 151 33054 277 66349 252 17726
41815 332 65861 151 33054 277 66349 151 17726
41815 369 40754 277 26044 28 60797 358 17726
41815 332 65855 31 34575 358 9577 28 13126 219 17726
41815 332 65855 31 59152 143 67264 358 12638 28 17726
41815 332 65855 31 59152 143 67264 358 72824 28 17726
41815 332 65855 31 59152 143 67264 358 37880 28 17726
41815 332 65855 31 59152 143 67264 358 26235 28 17726
41815 332 65855 31 62341 28 19535 358 13442 28 17726
41815 332 65861 31 14858 382 71009 358 70574 28 17726
41815 332 65861 31 59655 176 69443 143 30178 28 17726
