41815 151 37710
41815 252 37710
41815 332 65855 31 37710
41815 332 23453 31 37710
41815 332 65855 31 24058 196 37710
41815 332 65861 151 33054 277 37710
41815 332 29064 31 59433 252 37710
41815 151 17726 252 1581 252 37710
41815 151 17726 252 1581 151 37710
41815 332 65855 31 12921 332 29065 31 37710
41815 332 65855 31 34575 332 65853 31 37710
41815 332 65855 31 34575 332 29052 31 37710
41815 332 65855 31 15024 332 1705 31 37710
41815 332 65855 31 15024 332 65857 31 37710
41815 332 65855 31 15024 332 65856 31 37710
41815 332 65855 31 15024 332 68334 31 37710
41815 332 65855 31 44925 332 68339 31 37710
41815 332 65855 31 44925 332 68338 31 37710
41815 332 65855 31 72079 332 35877 31 37710
41815 332 65855 31 72079 332 32380 31 37710
41815 332 65855 31 42618 252 50112 151 37710
