41953 151 67704
41953 252 67704
41953 32 61102 75 11625 252 67704
41953 32 61102 75 47169 151 67704
41953 32 61102 75 42361 252 67704
41953 32 61102 75 42361 151 67704
41953 32 61102 75 46818 369 67704
41953 32 61102 75 55267 252 67704
41953 32 61102 75 24108 252 67704
41953 32 61102 75 24108 151 67704
41953 32 61102 385 51155 254 67704
41953 32 61102 385 7603 254 67704
41953 32 61102 75 29427 75 49833 369 67704
41953 32 61102 75 29427 172 17373 164 67704
41953 32 61102 75 29427 172 17373 105 67704
41953 32 61102 75 29427 332 29065 31 67704
41953 32 61102 75 29427 369 53811 252 67704
41953 32 61102 75 11625 358 7995 28 19673 151 67704
41953 32 61102 75 11625 358 7995 28 19673 252 67704
41953 32 61102 75 11625 358 7995 28 22345 252 67704
41953 32 61102 75 11625 358 7995 28 22345 151 67704
41953 32 61102 75 11625 358 7995 28 12785 252 67704
41953 32 61102 75 11625 358 7995 28 12785 369 67704
41953 32 61102 75 11625 358 7995 28 15386 151 67704
41953 32 61102 75 28162 252 41154 277 73911 369 67704
41953 32 61102 75 29427 75 33054 277 71383 369 67704
41953 32 61102 75 29427 151 41897 277 52116 151 58106 369 67704
