50112 151 51394
50112 252 51394
50112 151 33054 277 51394
50112 151 42618 252 66347 252 51394
50112 151 42618 252 66347 151 51394
50112 151 42618 332 10045 31 51394
50112 151 42618 332 1705 31 51394
50112 151 42618 332 65855 31 51394
50112 151 42618 332 65853 31 51394
50112 151 42618 332 65856 31 51394
50112 151 42618 332 29052 31 51394
50112 151 42618 332 29065 31 51394
50112 151 42618 332 29064 31 51394
50112 151 42618 332 23453 31 51394
50112 151 42618 332 29061 31 51394
50112 151 42618 332 32380 31 51394
50112 151 42618 332 68334 31 51394
50112 151 42618 332 68338 31 51394
50112 151 42618 332 68337 31 51394
50112 151 42618 358 9577 28 51394
50112 151 15927 252 62747 151 51394
50112 151 15927 342 45649 342 51394
50112 151 15927 342 45649 303 51394
50112 151 15927 332 65857 31 51394
50112 151 15927 348 15756 75 51394
50112 151 33054 277 1444 114 51394
50112 151 45053 252 5683 151 51394
50112 151 45053 252 5683 252 51394
50112 151 42618 332 10045 31 11961 342 51394
50112 151 42618 332 10045 31 11961 303 51394
50112 151 42618 332 10045 31 62098 342 51394
50112 151 42618 332 10045 31 62098 303 51394
50112 151 33054 277 68072 102 72517 359 51394
50112 151 33054 277 20868 151 59694 252 51394
50112 151 33054 252 41350 235 56080 359 51394
50112 151 33054 252 73217 342 41458 114 51394
50112 151 33054 252 73217 342 47842 114 51394
