50112 151 58806
50112 252 58806
50112 151 33054 32 58806
50112 151 42618 6 72079 373 58806
50112 151 42618 6 18597 373 58806
50112 151 42618 252 66347 252 58806
50112 151 42618 252 1581 252 58806
50112 151 42618 252 1581 151 58806
50112 151 42618 252 11053 151 58806
50112 151 42618 332 1707 31 58806
50112 151 42618 332 10045 31 58806
50112 151 42618 332 1705 31 58806
50112 151 42618 332 65855 31 58806
50112 151 42618 332 65853 31 58806
50112 151 42618 332 65856 31 58806
50112 151 42618 332 65861 31 58806
50112 151 42618 332 29052 31 58806
50112 151 42618 332 29065 31 58806
50112 151 42618 332 29064 31 58806
50112 151 42618 332 23453 31 58806
50112 151 42618 332 29061 31 58806
50112 151 42618 332 32380 31 58806
50112 151 42618 332 68334 31 58806
50112 151 42618 332 68339 31 58806
50112 151 42618 332 68338 31 58806
50112 151 42618 332 68336 31 58806
50112 151 42618 332 68337 31 58806
50112 151 15927 102 46685 359 58806
50112 151 15927 332 65857 31 58806
50112 151 15927 332 65526 31 58806
50112 151 15927 332 12340 31 58806
50112 151 15927 332 40309 31 58806
50112 151 15927 348 15756 364 58806
50112 151 15927 303 1524 268 58806
50112 151 15927 385 54168 254 58806
50112 151 33054 277 36156 359 58806
50112 151 33054 277 5767 359 58806
50112 151 33054 277 14023 252 58806
50112 151 33054 277 30522 6 58806
50112 151 33054 277 11049 151 58806
50112 151 33054 252 40313 31 58806
50112 151 33054 252 23447 31 58806
50112 151 33054 252 51355 31 58806
50112 151 33054 252 51358 31 58806
50112 151 33054 252 51352 31 58806
50112 151 33054 252 51356 31 58806
50112 151 33054 252 15647 277 58806
50112 151 33054 252 53302 252 58806
50112 151 33054 252 53302 151 58806
50112 151 33054 252 66551 252 58806
50112 151 33054 252 66551 151 58806
50112 151 33054 32 75205 196 58806
50112 151 33054 32 60885 359 58806
50112 151 33054 151 62434 211 58806
50112 151 15922 252 18009 151 58806
50112 151 37710 332 35877 31 58806
50112 151 37710 321 24058 196 58806
50112 151 59220 143 69742 113 58806
50112 151 59220 332 17143 31 58806
50112 151 59220 332 40769 31 58806
50112 151 59220 332 12801 31 58806
50112 151 59220 332 34618 31 58806
50112 151 59220 332 60305 31 58806
50112 151 59220 332 60308 31 58806
50112 151 59220 332 43192 31 58806
50112 151 59220 332 74810 31 58806
50112 151 59220 332 56027 31 58806
50112 151 59220 332 64354 31 58806
50112 151 59220 332 49088 31 58806
50112 151 59220 332 32721 31 58806
50112 151 59220 332 40312 31 58806
50112 151 59220 332 54623 31 58806
50112 151 59220 332 7925 31 58806
50112 151 59220 332 74261 31 58806
50112 151 59220 332 36618 31 58806
50112 151 59220 332 32706 31 58806
50112 151 59220 332 66017 31 58806
50112 151 59220 332 759 31 58806
50112 151 59220 332 21166 31 58806
50112 151 59220 332 1723 31 58806
50112 151 59220 332 58045 31 58806
50112 151 59220 332 69354 205 58806
50112 151 59220 332 71984 31 58806
50112 151 59220 332 37605 31 58806
50112 151 59220 332 59840 31 58806
50112 151 59220 151 6977 252 58806
50112 151 59220 151 6977 151 58806
50112 151 35527 252 69092 294 58806
50112 151 35527 75 41897 252 58806
50112 151 35527 332 38173 31 58806
50112 151 35527 332 35071 31 58806
50112 151 35527 332 16793 31 58806
50112 151 42618 6 72079 105 27339 172 58806
50112 151 42618 6 72079 332 60306 31 58806
50112 151 42618 6 72079 332 60031 31 58806
50112 151 42618 6 72079 332 68800 31 58806
50112 151 42618 6 72079 332 23887 31 58806
50112 151 42618 6 72079 332 23446 31 58806
50112 151 42618 6 72079 332 6058 31 58806
50112 151 42618 6 72079 332 31869 31 58806
50112 151 42618 6 72079 332 31874 31 58806
50112 151 42618 6 72079 332 3992 31 58806
50112 151 42618 6 72079 332 10188 31 58806
50112 151 42618 6 72079 332 71061 31 58806
50112 151 42618 6 72079 332 40315 31 58806
50112 151 42618 6 72079 332 40308 31 58806
50112 151 42618 6 72079 271 51246 130 58806
50112 151 42618 6 72079 297 61222 231 58806
50112 151 42618 6 72079 268 63472 249 58806
50112 151 42618 6 46549 151 53811 277 58806
50112 151 42618 252 11053 300 59812 211 58806
50112 151 42618 332 10045 31 13935 28 58806
50112 151 42618 332 65855 31 63276 359 58806
50112 151 42618 332 65855 31 33373 356 58806
50112 151 42618 332 65855 31 66481 113 58806
50112 151 42618 332 65855 31 26159 196 58806
50112 151 42618 332 65853 31 14736 277 58806
50112 151 42618 332 65853 31 14736 28 58806
50112 151 42618 332 29052 31 68644 28 58806
50112 151 42618 332 29065 31 30355 28 58806
50112 151 42618 332 29061 369 45397 272 58806
50112 151 15927 342 45649 332 40318 31 58806
50112 151 15927 348 15756 114 72858 100 58806
50112 151 15927 348 15756 75 6067 151 58806
50112 151 15927 303 1524 102 3052 359 58806
50112 151 15927 303 1524 102 12153 359 58806
50112 151 15927 303 25928 332 12808 31 58806
50112 151 15927 303 25928 332 12802 31 58806
50112 151 15927 303 25928 332 68807 31 58806
50112 151 15927 303 25928 332 68805 31 58806
50112 151 15927 303 25928 332 51359 31 58806
50112 151 15927 303 25928 332 71050 31 58806
50112 151 15927 303 25928 332 23444 31 58806
50112 151 15927 303 25928 332 26181 31 58806
50112 151 15927 303 25928 332 54134 31 58806
50112 151 15927 303 25928 332 6696 31 58806
50112 151 15927 303 25928 332 40316 31 58806
50112 151 15927 385 54168 254 34351 164 58806
50112 151 15927 385 54168 254 34351 15 58806
50112 151 15927 385 54168 254 34351 28 58806
50112 151 15927 385 54168 254 68441 164 58806
50112 151 15927 385 54168 254 68441 28 58806
50112 151 15927 385 54168 254 71850 294 58806
50112 151 51394 155 1444 332 4454 31 58806
50112 151 51394 155 1444 332 60309 31 58806
50112 151 51394 155 1444 332 40770 31 58806
50112 151 51394 155 1444 332 12804 31 58806
50112 151 51394 155 1444 332 23890 31 58806
50112 151 51394 155 1444 332 68803 31 58806
50112 151 51394 155 1444 332 54136 31 58806
50112 151 51394 155 1444 332 14964 31 58806
50112 151 51394 155 1444 332 14966 31 58806
50112 151 51394 155 1444 332 40319 31 58806
50112 151 33054 277 38768 369 3643 277 58806
50112 151 33054 277 70122 332 57026 31 58806
50112 151 33054 277 33922 143 37487 113 58806
50112 151 33054 277 33922 300 62033 211 58806
50112 151 33054 277 6905 332 6858 31 58806
50112 151 33054 277 6905 332 72583 31 58806
50112 151 33054 277 64684 358 62282 28 58806
50112 151 33054 277 41111 143 67171 113 58806
50112 151 33054 277 2313 332 41016 31 58806
50112 151 33054 277 56645 359 57906 102 58806
50112 151 33054 277 69510 172 52734 105 58806
50112 151 33054 277 2527 332 39331 31 58806
50112 151 33054 277 16834 332 40407 31 58806
50112 151 33054 277 14941 358 23336 28 58806
50112 151 33054 277 60779 332 39332 31 58806
50112 151 33054 277 64335 143 34231 113 58806
50112 151 33054 277 66281 358 47757 28 58806
50112 151 33054 277 6534 332 40773 31 58806
50112 151 33054 277 6534 332 71055 31 58806
50112 151 33054 277 11708 332 51803 31 58806
50112 151 33054 277 52667 202 31621 75 58806
50112 151 33054 277 34555 300 38807 211 58806
50112 151 33054 252 70383 143 73813 113 58806
50112 151 33054 252 17726 252 51402 252 58806
50112 151 33054 252 17726 252 51402 151 58806
50112 151 33054 252 17726 151 96 151 58806
50112 151 33054 32 2532 114 31324 32 58806
50112 151 33054 32 2532 114 35200 32 58806
50112 151 33054 32 2532 75 25905 32 58806
50112 151 33054 32 72838 143 39406 113 58806
50112 151 33054 32 34324 102 38570 359 58806
50112 151 33054 32 34324 143 65961 113 58806
50112 151 33054 32 50528 28 50148 31 58806
50112 151 33054 32 32357 332 32344 31 58806
50112 151 33054 32 32357 332 51816 31 58806
50112 151 33054 32 32357 332 31738 31 58806
50112 151 33054 32 32357 57 49474 31 58806
50112 151 33054 32 32357 57 73418 31 58806
50112 151 33054 369 27162 32 12211 277 58806
50112 151 35527 75 41897 277 72050 31 58806
50112 151 35527 75 41897 277 71742 31 58806
50112 151 42618 6 18597 164 29285 143 44490 113 58806
50112 151 42618 6 18597 164 44084 172 32690 172 58806
50112 151 42618 6 18597 373 44741 57 18550 31 58806
50112 151 42618 332 1707 31 33132 332 1210 31 58806
50112 151 42618 332 1707 369 19933 383 180 126 58806
50112 151 42618 332 65855 31 54983 332 38275 31 58806
50112 151 42618 332 65855 31 54983 332 29756 31 58806
50112 151 42618 332 65855 31 54983 332 6652 31 58806
50112 151 42618 332 29052 31 34222 358 15562 6 58806
50112 151 42618 358 9577 28 18032 358 67017 28 58806
50112 151 15927 102 46685 359 623 143 9102 113 58806
50112 151 15927 102 46685 359 19259 143 60142 113 58806
50112 151 33054 277 64684 358 62282 28 46238 28 58806
50112 151 33054 277 14023 151 28611 277 69102 151 58806
50112 151 33054 277 14023 151 28611 277 69102 252 58806
