50112 151 42618
50112 252 42618
50112 151 33054 277 42618
50112 151 33054 151 42618
50112 151 15927 332 1707 31 42618
50112 151 15927 332 10045 31 42618
50112 151 15927 332 1705 31 42618
50112 151 15927 332 65855 31 42618
50112 151 15927 332 65853 31 42618
50112 151 15927 332 65856 31 42618
50112 151 15927 332 65861 31 42618
50112 151 15927 332 29052 31 42618
50112 151 15927 332 29065 31 42618
50112 151 15927 332 29064 31 42618
50112 151 15927 332 23453 31 42618
50112 151 15927 332 29061 31 42618
50112 151 15927 332 32380 31 42618
50112 151 15927 332 68334 31 42618
50112 151 15927 332 68339 31 42618
50112 151 15927 332 68338 31 42618
50112 151 15927 332 68337 31 42618
50112 151 51394 252 66347 252 42618
50112 151 51394 252 66347 151 42618
50112 151 51394 358 9577 28 42618
50112 151 33054 277 66733 382 42618
50112 151 33054 277 11053 252 42618
50112 151 33054 277 11053 151 42618
50112 151 33054 252 1581 252 42618
50112 151 33054 252 1581 151 42618
50112 151 59220 332 68336 31 42618
50112 151 59220 356 72079 382 42618
50112 151 58806 356 18597 382 42618
50112 151 35527 358 51607 28 42618
50112 151 15927 373 61434 356 46549 382 42618
50112 151 15927 102 46685 359 73239 382 42618
50112 151 15927 385 54168 254 8505 382 42618
50112 151 33054 277 32306 358 38735 28 42618
50112 151 33054 277 31724 284 21270 279 42618
50112 151 33054 277 31724 279 29502 284 42618
50112 151 59220 369 73592 277 1949 382 42618
50112 151 15927 332 29052 31 67168 284 21046 279 42618
