50112 151 59220
50112 151 42618 6 72079 373 59220
50112 151 42618 252 11053 252 59220
50112 151 42618 252 11053 151 59220
50112 151 42618 332 1707 31 59220
50112 151 42618 332 10045 31 59220
50112 151 42618 332 1705 31 59220
50112 151 42618 332 65855 31 59220
50112 151 42618 332 65853 31 59220
50112 151 42618 332 65856 31 59220
50112 151 42618 332 65861 31 59220
50112 151 42618 332 29052 31 59220
50112 151 42618 332 29065 31 59220
50112 151 42618 332 29064 31 59220
50112 151 42618 332 23453 31 59220
50112 151 42618 332 29061 31 59220
50112 151 42618 332 32380 31 59220
50112 151 42618 332 68334 31 59220
50112 151 42618 332 68338 31 59220
50112 151 42618 332 68336 31 59220
50112 151 42618 332 68337 31 59220
50112 151 15927 332 65857 31 59220
50112 151 15927 332 65526 31 59220
50112 151 15927 332 12340 31 59220
50112 151 15927 332 40309 31 59220
50112 151 15927 385 54168 254 59220
50112 151 15927 385 54168 141 59220
50112 151 33054 277 44125 217 59220
50112 151 33054 277 48177 217 59220
50112 151 33054 277 52667 217 59220
50112 151 33054 277 11049 252 59220
50112 151 33054 277 11049 151 59220
50112 151 33054 252 40313 31 59220
50112 151 33054 252 23447 31 59220
50112 151 33054 252 53302 252 59220
50112 151 33054 252 53302 151 59220
50112 151 33054 358 30109 6 59220
50112 151 37710 332 35877 31 59220
50112 151 37710 321 24058 196 59220
50112 151 58806 252 6977 252 59220
50112 151 58806 143 69742 113 59220
50112 151 58806 332 58045 31 59220
50112 151 58806 332 759 31 59220
50112 151 58806 332 54623 31 59220
50112 151 58806 332 7925 31 59220
50112 151 58806 332 64354 31 59220
50112 151 58806 332 49088 31 59220
50112 151 58806 332 43192 31 59220
50112 151 58806 332 60305 31 59220
50112 151 58806 332 60308 31 59220
50112 151 58806 332 74261 31 59220
50112 151 58806 332 36618 31 59220
50112 151 58806 332 32706 31 59220
50112 151 58806 332 40769 31 59220
50112 151 58806 332 71984 31 59220
50112 151 58806 332 12801 31 59220
50112 151 58806 332 59840 31 59220
50112 151 58806 332 74810 31 59220
50112 151 58806 332 17143 31 59220
50112 151 58806 332 34618 31 59220
50112 151 58806 332 32721 31 59220
50112 151 58806 332 21166 31 59220
50112 151 58806 332 66017 31 59220
50112 151 58806 332 37605 31 59220
50112 151 58806 332 40312 31 59220
50112 151 58806 332 1723 31 59220
50112 151 58806 332 56027 31 59220
50112 151 58806 57 69354 31 59220
50112 151 42618 6 72079 382 429 6 59220
50112 151 42618 6 72079 256 29063 217 59220
50112 151 42618 6 1949 369 73592 277 59220
50112 151 42618 6 73239 398 4070 217 59220
50112 151 42618 332 1707 31 7164 217 59220
50112 151 42618 332 1707 31 35542 179 59220
50112 151 42618 332 1707 31 8487 179 59220
50112 151 42618 332 1707 31 33377 217 59220
50112 151 42618 332 10045 31 42969 6 59220
50112 151 42618 332 65855 31 69820 179 59220
50112 151 42618 332 65855 31 35110 217 59220
50112 151 42618 332 65855 31 36992 179 59220
50112 151 42618 332 29065 31 39737 217 59220
50112 151 42618 358 9577 28 20626 147 59220
50112 151 15927 332 65857 31 67094 147 59220
50112 151 15927 348 15756 142 54654 179 59220
50112 151 15927 348 15756 142 64351 179 59220
50112 151 15927 348 15756 142 1173 179 59220
50112 151 15927 348 15756 142 55597 179 59220
50112 151 15927 348 15756 142 58242 179 59220
50112 151 15927 348 15756 142 50950 179 59220
50112 151 15927 348 15756 142 70124 179 59220
50112 151 15927 348 15756 142 65618 179 59220
50112 151 15927 348 15756 142 66036 179 59220
50112 151 15927 348 15756 142 21859 179 59220
50112 151 15927 348 15756 222 47100 179 59220
50112 151 15927 348 15756 271 35743 179 59220
50112 151 15927 369 22958 277 5580 356 59220
50112 151 15927 369 22958 277 60827 147 59220
50112 151 15927 303 25928 338 48666 179 59220
50112 151 15927 303 25928 338 54934 179 59220
50112 151 15927 303 25928 338 50031 179 59220
50112 151 15927 303 25928 338 12323 179 59220
50112 151 15927 303 25928 338 35187 179 59220
50112 151 15927 303 25928 338 69085 217 59220
50112 151 15927 303 25928 338 10987 179 59220
50112 151 15927 303 25928 338 21633 179 59220
50112 151 15927 303 25928 338 17545 179 59220
50112 151 15927 303 25928 338 28020 179 59220
50112 151 15927 303 25928 338 21740 179 59220
50112 151 15927 303 25928 338 42657 179 59220
50112 151 15927 303 25928 338 19669 179 59220
50112 151 15927 303 25928 338 10347 179 59220
50112 151 15927 303 25928 338 8925 179 59220
50112 151 15927 303 25928 338 33691 179 59220
50112 151 15927 303 25928 338 32963 217 59220
50112 151 15927 303 25928 338 50070 217 59220
50112 151 15927 303 25928 65 15758 179 59220
50112 151 15927 303 25928 65 18549 179 59220
50112 151 15927 303 25928 65 57213 179 59220
50112 151 15927 385 54168 254 67791 398 59220
50112 151 15927 385 54168 254 73714 147 59220
50112 151 51394 155 1444 142 45355 179 59220
50112 151 51394 155 1444 142 37564 179 59220
50112 151 51394 155 1444 142 58424 179 59220
50112 151 51394 155 1444 142 71632 217 59220
50112 151 51394 155 1444 142 23261 179 59220
50112 151 51394 155 1444 142 9488 179 59220
50112 151 51394 155 1444 142 48160 179 59220
50112 151 51394 155 1444 142 37 179 59220
50112 151 51394 155 1444 142 60345 179 59220
50112 151 51394 155 1444 142 50967 179 59220
50112 151 51394 155 1444 142 29474 179 59220
50112 151 51394 155 1444 142 20210 179 59220
50112 151 51394 155 1444 142 75270 179 59220
50112 151 33054 277 68072 382 480 15 59220
50112 151 33054 277 68072 382 480 147 59220
50112 151 33054 277 68072 382 480 398 59220
50112 151 33054 277 14614 91 27350 217 59220
50112 151 33054 277 44125 15 18045 217 59220
50112 151 33054 277 44125 15 18066 147 59220
50112 151 33054 277 44125 15 34418 217 59220
50112 151 33054 277 44125 15 72687 217 59220
50112 151 33054 277 44125 15 31306 179 59220
50112 151 33054 277 44125 15 59591 179 59220
50112 151 33054 277 72056 332 52204 31 59220
50112 151 33054 277 40846 142 64441 179 59220
50112 151 33054 277 40846 142 53929 179 59220
50112 151 33054 277 11708 123 5496 217 59220
50112 151 33054 277 66729 5 47449 217 59220
50112 151 33054 277 52898 338 16436 179 59220
50112 151 33054 277 52898 338 60743 179 59220
50112 151 33054 277 52898 338 38169 217 59220
50112 151 33054 277 52898 334 55965 217 59220
50112 151 33054 277 52898 65 9624 179 59220
50112 151 33054 277 52898 65 30647 179 59220
50112 151 33054 277 52898 65 37360 179 59220
50112 151 33054 277 52898 65 36669 179 59220
50112 151 33054 277 52898 65 68694 179 59220
50112 151 33054 277 52898 65 23983 179 59220
50112 151 33054 252 17726 28 53448 147 59220
50112 151 33054 252 17726 28 53448 398 59220
50112 151 33054 252 37646 60 65106 22 59220
50112 151 33054 32 38944 315 25116 217 59220
50112 151 33054 32 38944 315 20839 217 59220
50112 151 33054 32 38944 315 40647 217 59220
50112 151 33054 32 38944 315 66688 217 59220
50112 151 33054 32 38944 91 39870 217 59220
50112 151 33054 32 38944 91 67328 217 59220
50112 151 33054 32 38944 91 20058 217 59220
50112 151 33054 32 11565 398 19514 398 59220
50112 151 33054 151 10680 65 8742 179 59220
50112 151 33054 151 62434 211 57936 217 59220
50112 151 58806 383 71850 142 33212 217 59220
50112 151 58806 297 61222 142 44983 179 59220
50112 151 58806 332 40315 31 54038 217 59220
50112 151 42618 6 72079 300 66239 88 50323 217 59220
50112 151 42618 6 72079 300 66239 88 24437 179 59220
50112 151 42618 6 72079 300 66239 88 70739 179 59220
50112 151 42618 6 1949 348 57047 142 489 217 59220
50112 151 42618 6 1949 348 57047 142 47335 179 59220
50112 151 42618 6 18597 147 39108 164 17570 217 59220
50112 151 42618 6 18597 147 39108 164 49145 217 59220
50112 151 42618 6 18597 147 39108 164 33559 217 59220
50112 151 42618 6 18597 147 39108 164 20673 398 59220
50112 151 42618 6 18597 147 39108 164 56573 217 59220
50112 151 42618 6 18597 147 39108 164 48580 217 59220
50112 151 42618 6 18597 147 39108 164 52581 179 59220
50112 151 42618 6 18597 147 39108 164 16177 179 59220
50112 151 42618 6 18597 147 39108 164 10059 179 59220
50112 151 42618 6 18597 147 39108 164 50181 179 59220
50112 151 42618 6 18597 147 39108 164 27348 217 59220
50112 151 42618 6 18597 147 39108 271 32758 179 59220
50112 151 42618 6 18597 101 64632 112 28573 217 59220
50112 151 42618 332 1707 31 75212 361 50120 179 59220
50112 151 42618 332 1707 31 75212 361 59708 179 59220
50112 151 42618 332 1707 31 33377 14 67178 217 59220
50112 151 42618 332 1707 369 23785 222 58710 179 59220
50112 151 42618 332 65855 31 69820 257 33663 179 59220
50112 151 42618 332 65855 31 35110 46 20361 179 59220
50112 151 42618 332 65853 31 14859 142 15688 179 59220
50112 151 42618 332 29065 31 23640 142 29625 179 59220
50112 151 42618 332 29065 31 39737 15 60812 398 59220
50112 151 42618 332 29065 31 39737 15 31219 179 59220
50112 151 42618 332 23453 31 56734 142 23546 179 59220
50112 151 42618 332 29061 369 9132 142 26107 179 59220
50112 151 42618 332 29061 369 9132 142 48355 179 59220
50112 151 15927 342 45649 342 17518 5 2356 179 59220
50112 151 15927 332 65857 31 67094 15 39655 147 59220
50112 151 15927 348 15756 383 22668 91 70303 217 59220
50112 151 15927 348 15756 339 30796 142 60117 179 59220
50112 151 15927 348 15756 142 65618 270 56017 179 59220
50112 151 15927 348 15756 222 47100 46 7424 217 59220
50112 151 15927 369 22958 277 5580 5 68157 179 59220
50112 151 15927 303 25928 338 69085 257 70036 179 59220
50112 151 15927 303 25928 338 3193 270 869 179 59220
50112 151 15927 303 25928 338 3193 257 75119 179 59220
50112 151 51394 155 1444 297 38619 142 66510 179 59220
50112 151 51394 155 1444 142 9488 270 66904 179 59220
50112 151 33054 277 68072 382 480 6 11343 217 59220
50112 151 33054 277 48177 382 42248 6 55477 217 59220
50112 151 33054 277 48177 382 42248 6 56232 217 59220
50112 151 33054 277 48177 382 42248 6 58735 217 59220
50112 151 33054 277 48177 382 42248 6 73475 217 59220
50112 151 33054 277 48177 382 42248 6 16130 217 59220
50112 151 33054 277 40846 142 53929 257 50281 179 59220
50112 151 33054 277 40846 142 53929 257 34911 179 59220
50112 151 33054 277 40846 142 53929 257 57488 179 59220
50112 151 33054 32 11565 398 19514 15 64749 147 59220
50112 151 42618 332 1707 31 33377 14 67178 27 61324 217 59220
50112 151 15927 348 15756 339 51420 75 26154 142 35632 179 59220
50112 151 15927 348 15756 222 47100 46 7424 27 30959 147 59220
50112 151 15927 348 15756 222 47100 46 7424 27 30959 398 59220
50112 151 51394 155 1444 142 34645 386 69685 42 5712 217 59220
