50112 151 35527
50112 252 35527
50112 151 42618 252 1581 252 35527
50112 151 42618 332 65855 31 35527
50112 151 42618 332 29052 31 35527
50112 151 42618 332 29065 31 35527
50112 151 42618 332 23453 31 35527
50112 151 42618 332 32380 31 35527
50112 151 42618 358 51607 28 35527
50112 151 59220 332 17143 31 35527
50112 151 59220 332 34618 31 35527
50112 151 59220 332 43192 31 35527
50112 151 59220 332 74810 31 35527
50112 151 59220 332 56027 31 35527
50112 151 59220 332 49088 31 35527
50112 151 59220 332 32721 31 35527
50112 151 59220 332 54623 31 35527
50112 151 59220 332 74261 31 35527
50112 151 59220 332 36618 31 35527
50112 151 59220 332 66017 31 35527
50112 151 59220 332 759 31 35527
50112 151 59220 332 21166 31 35527
50112 151 59220 332 1723 31 35527
50112 151 59220 332 58045 31 35527
50112 151 59220 332 69354 31 35527
50112 151 59220 332 37605 31 35527
50112 151 58806 383 69092 294 35527
50112 151 58806 383 69092 151 35527
50112 151 58806 383 69092 277 35527
50112 151 58806 332 38173 31 35527
50112 151 58806 332 35071 31 35527
50112 151 58806 332 16793 31 35527
50112 151 58806 151 41897 32 35527
50112 151 42618 332 29052 31 9013 298 35527
