50112 151 15927
50112 252 15927
50112 151 33054 252 15927
50112 151 42618 332 1707 31 15927
50112 151 42618 332 10045 31 15927
50112 151 42618 332 1705 31 15927
50112 151 42618 332 65855 31 15927
50112 151 42618 332 65853 31 15927
50112 151 42618 332 65856 31 15927
50112 151 42618 332 65861 31 15927
50112 151 42618 332 29052 31 15927
50112 151 42618 332 29065 31 15927
50112 151 42618 332 29064 31 15927
50112 151 42618 332 23453 31 15927
50112 151 42618 332 29061 31 15927
50112 151 42618 332 32380 31 15927
50112 151 42618 332 68334 31 15927
50112 151 42618 332 68339 31 15927
50112 151 42618 332 68338 31 15927
50112 151 42618 332 68337 31 15927
50112 151 51394 252 62747 252 15927
50112 151 51394 252 62747 151 15927
50112 151 51394 332 65857 31 15927
50112 151 51394 32 15756 364 15927
50112 151 51394 303 45649 342 15927
50112 151 51394 303 45649 303 15927
50112 151 33054 277 25928 342 15927
50112 151 33054 252 40309 31 15927
50112 151 59220 332 65526 31 15927
50112 151 59220 332 12340 31 15927
50112 151 59220 256 54168 141 15927
50112 151 58806 102 46685 359 15927
50112 151 58806 103 1524 342 15927
50112 151 42618 6 72079 373 61434 356 15927
50112 151 42618 332 65855 31 22772 22 15927
50112 151 33054 277 24797 151 22958 277 15927
