50112 151 37710
50112 151 33054 277 37710
50112 151 42618 252 1581 252 37710
50112 151 42618 252 1581 151 37710
50112 151 42618 332 1705 31 37710
50112 151 42618 332 65855 31 37710
50112 151 42618 332 65853 31 37710
50112 151 42618 332 65856 31 37710
50112 151 42618 332 29052 31 37710
50112 151 42618 332 29065 31 37710
50112 151 42618 332 23453 31 37710
50112 151 42618 332 32380 31 37710
50112 151 42618 332 68334 31 37710
50112 151 42618 332 68339 31 37710
50112 151 42618 332 68338 31 37710
50112 151 15927 332 65857 31 37710
50112 151 33054 277 59433 252 37710
50112 151 59220 332 35877 31 37710
50112 151 59220 321 24058 196 37710
50112 151 42618 332 65855 31 41815 151 37710
50112 151 42618 332 65855 31 41815 252 37710
