55075 151 24578
55075 252 24578
55075 32 38055 75 50577 151 24578
55075 32 38055 75 21109 252 24578
55075 369 33054 277 9441 252 24578
55075 369 33054 277 37820 252 24578
55075 369 33054 277 65403 151 24578
55075 369 33054 277 36560 151 24578
55075 369 33054 277 36560 252 24578
55075 369 33054 277 9782 151 24578
55075 369 33054 277 39329 151 24578
55075 369 33054 277 49964 151 24578
55075 369 33054 277 36558 151 24578
55075 369 33054 277 36558 252 24578
55075 369 33054 277 36350 151 24578
55075 369 33054 277 36350 252 24578
55075 369 33054 277 62357 252 24578
55075 369 33054 277 50817 151 24578
55075 369 33054 277 50817 252 24578
55075 369 33054 277 50679 252 24578
55075 369 33054 277 24546 151 24578
55075 369 33054 277 72056 252 24578
55075 369 33054 277 46978 151 24578
55075 369 33054 277 60079 252 24578
55075 369 33054 277 58175 252 24578
55075 369 33054 277 101 252 24578
55075 369 33054 277 31273 252 24578
55075 369 33054 277 45315 252 24578
55075 369 33054 277 2922 252 24578
55075 369 33054 277 28491 151 24578
55075 369 33054 277 30901 151 24578
55075 369 33054 277 30901 252 24578
55075 369 33054 277 50480 151 24578
55075 369 33054 277 27926 252 24578
55075 369 33054 277 18412 151 24578
55075 369 33054 277 18412 252 24578
55075 369 33054 277 60819 252 24578
55075 369 33054 277 6526 151 24578
55075 369 33054 277 18618 151 24578
55075 369 33054 277 56441 151 24578
55075 369 33054 277 27406 151 24578
55075 369 33054 277 52745 252 24578
55075 369 33054 277 52745 151 24578
55075 369 33054 277 50856 151 24578
55075 369 33054 277 31849 151 24578
55075 369 33054 277 70248 252 24578
55075 369 33054 277 70248 151 24578
55075 369 33054 277 65954 151 24578
55075 369 33054 277 72480 151 24578
55075 369 33054 277 55065 252 24578
55075 369 33054 277 55065 151 24578
55075 369 33054 277 44317 252 24578
55075 369 33054 277 44317 151 24578
55075 369 33054 277 27370 151 24578
55075 369 33054 277 65455 252 24578
55075 369 33054 277 29671 252 24578
55075 369 33054 277 29671 151 24578
55075 369 33054 277 48162 252 24578
55075 369 33054 277 48162 151 24578
55075 369 33054 277 67643 252 24578
55075 369 33054 277 48821 151 24578
55075 369 33054 277 48488 252 24578
55075 369 33054 277 47904 252 24578
55075 369 33054 277 47904 151 24578
55075 369 33054 277 45392 252 24578
55075 369 33054 277 41526 252 24578
55075 369 33054 277 41526 151 24578
55075 369 33054 277 1682 151 24578
55075 369 33054 277 5857 252 24578
55075 369 33054 277 5857 151 24578
55075 369 33054 277 56153 252 24578
55075 369 33054 277 56153 151 24578
55075 369 33054 277 37595 252 24578
55075 369 33054 277 37595 151 24578
55075 369 33054 277 52035 151 24578
55075 369 33054 277 18900 151 24578
55075 369 33054 277 7843 252 24578
55075 369 33054 277 7843 151 24578
55075 369 33054 277 73513 151 24578
55075 369 33054 277 59966 151 24578
55075 369 33054 277 43136 151 24578
55075 369 33054 277 69921 151 24578
55075 369 33054 277 14982 252 24578
55075 369 33054 277 14982 151 24578
55075 369 33054 277 68088 252 24578
55075 369 33054 277 2008 151 24578
55075 369 33054 252 8327 252 24578
55075 369 33054 252 17379 252 24578
55075 369 33054 151 26086 151 24578
55075 369 33054 358 73355 151 24578
55075 369 33054 277 11436 358 37302 252 24578
55075 369 33054 277 11436 358 37302 151 24578
55075 369 33054 252 62747 151 61213 252 24578
55075 369 33054 252 17726 28 5580 151 24578
55075 369 33054 252 17726 28 5580 252 24578
55075 369 33054 252 40313 31 33132 252 24578
55075 369 33054 252 65856 31 31842 252 24578
55075 369 33054 252 65856 31 64471 252 24578
55075 369 33054 252 65856 31 26801 252 24578
55075 369 33054 252 65856 31 26801 151 24578
55075 369 33054 332 29052 31 32723 151 24578
55075 369 33054 277 28650 151 40754 277 44578 151 24578
55075 369 33054 277 28650 6 72079 382 60222 252 24578
55075 369 33054 277 28650 6 72079 382 60222 151 24578
