67512 151 63974
67512 359 57906 373 63489 356 63974
67512 359 57906 102 64053 151 63974
67512 359 57906 102 38570 359 63974
67512 359 57906 102 37487 359 63974
67512 359 57906 102 23809 151 63974
67512 359 57906 102 33805 359 63974
67512 113 69443 6 38128 130 63974
67512 113 69443 6 38128 141 63974
67512 113 69443 15 32655 382 63974
67512 113 69443 15 32655 15 63974
67512 113 69443 15 32655 6 63974
67512 113 69443 357 69567 356 63974
67512 113 69443 357 20150 356 63974
67512 113 69443 357 35617 356 63974
67512 113 69443 255 52103 6 63974
67512 113 69443 396 51813 15 63974
67512 113 69443 266 61575 113 63974
67512 113 69443 266 55711 113 63974
67512 113 69443 372 46142 130 63974
67512 113 69443 372 46142 141 63974
67512 113 69443 372 586 15 63974
67512 113 69443 372 586 130 63974
67512 113 69443 372 586 141 63974
67512 113 69443 372 37617 35 63974
67512 113 69443 372 37617 141 63974
67512 359 57906 373 63489 172 52734 105 63974
67512 359 57906 102 37487 303 58189 342 63974
67512 359 57906 143 65161 28 74735 151 63974
67512 113 69443 54 37476 393 20249 392 63974
67512 113 69443 54 37476 372 13492 358 63974
67512 359 57906 373 63489 147 15434 28 10141 369 63974
67512 359 57906 373 63489 332 65861 31 34541 342 63974
67512 359 57906 373 63489 332 29065 31 13908 359 63974
67512 359 57906 373 33373 332 65853 31 61075 6 63974
67512 359 57906 164 17390 300 62434 211 72687 130 63974
67512 359 57906 164 17390 300 62434 211 72687 141 63974
67512 359 57906 102 66351 369 33054 277 64797 151 63974
67512 359 57906 102 58806 151 41897 277 43025 369 63974
67512 359 57906 102 58806 151 41897 277 43025 358 63974
67512 113 69443 101 72702 337 23834 357 24939 356 63974
