72783 151 21435
72783 211 75367 105 52734 172 59822 60 21435
72783 211 75367 105 52734 105 32357 271 21435
72783 211 75367 143 69742 113 18267 271 21435
72783 211 75367 143 69742 113 17692 60 21435
72783 211 75367 300 62434 211 411 382 21435
72783 211 75367 300 62434 211 1444 60 21435
72783 211 75367 300 62434 211 1444 271 21435
72783 211 75367 300 62434 211 67652 382 21435
72783 211 75367 300 62434 211 31842 151 21435
72783 211 75367 300 62434 211 48726 151 21435
72783 211 75367 300 62434 211 57936 6 21435
72783 211 75367 300 62434 211 40951 151 21435
72783 211 75367 300 62434 211 53927 271 21435
72783 211 75367 300 62434 211 53927 222 21435
72783 211 75367 300 62434 211 33744 60 21435
72783 211 75367 300 62434 211 40314 60 21435
72783 211 75367 300 62434 211 31910 60 21435
72783 211 75367 300 62434 211 54333 60 21435
72783 211 75367 256 54168 254 11652 60 21435
72783 211 75367 256 54168 254 31011 60 21435
72783 211 75367 256 54168 254 32512 60 21435
72783 211 75367 256 54168 254 74887 60 21435
72783 211 75367 256 54168 254 42693 271 21435
72783 211 75367 256 54168 254 42693 60 21435
72783 211 75367 256 54168 254 60011 60 21435
72783 211 75367 256 54168 254 41959 271 21435
72783 211 75367 256 54168 254 39548 271 21435
72783 211 75367 256 54168 254 39548 60 21435
72783 211 75367 256 54168 254 39117 382 21435
72783 211 75367 256 54168 254 14216 60 21435
72783 211 75367 256 54168 254 46549 60 21435
72783 211 75367 256 54168 254 8133 60 21435
72783 211 75367 256 54168 254 69702 60 21435
72783 211 75367 256 54168 254 35781 271 21435
72783 211 75367 105 52734 105 39896 102 44613 151 21435
72783 211 75367 105 52734 105 58806 369 3643 151 21435
72783 211 75367 300 62434 211 72079 382 37878 151 21435
72783 211 75367 300 62434 211 38128 130 10306 271 21435
72783 211 75367 300 62434 211 24058 196 7377 60 21435
72783 211 75367 300 62434 211 24058 196 56660 60 21435
72783 211 75367 300 62434 211 24058 196 50391 151 21435
72783 211 75367 300 62434 211 18597 373 38459 60 21435
72783 211 75367 300 62434 211 53927 365 9667 60 21435
72783 211 75367 300 62434 211 15756 364 52243 60 21435
72783 211 75367 300 62434 252 33054 277 10745 151 21435
72783 211 75367 300 62434 252 33054 277 29174 151 21435
72783 211 75367 300 62434 252 33054 277 66019 271 21435
72783 211 75367 300 62434 252 33054 252 58164 151 21435
72783 211 75367 256 54168 254 29427 126 7937 151 21435
72783 211 75367 256 54168 254 72636 364 67629 60 21435
72783 211 75367 105 52734 172 64690 332 10045 31 1679 60 21435
72783 211 75367 105 52734 172 64690 332 29052 31 68895 151 21435
72783 211 75367 105 52734 172 64690 332 29052 31 68895 60 21435
72783 211 75367 105 52734 172 64690 332 29064 31 7306 151 21435
72783 211 75367 105 52734 172 34351 383 69092 294 37915 60 21435
72783 211 75367 105 52734 172 34351 383 69092 294 3265 271 21435
72783 211 75367 105 52734 172 34351 383 69092 294 61442 60 21435
72783 211 75367 105 52734 172 34351 383 69092 294 58503 60 21435
72783 211 75367 105 52734 172 34351 383 69092 294 8878 60 21435
72783 211 75367 105 52734 172 30973 213 58833 121 55688 271 21435
72783 211 75367 105 52734 172 38680 297 61222 231 10198 60 21435
72783 211 75367 105 52734 172 38680 297 61222 231 15191 60 21435
72783 211 75367 105 52734 105 28376 321 25422 196 26473 60 21435
72783 211 75367 300 62434 211 1444 383 38055 75 10081 151 21435
72783 211 75367 256 54168 254 39548 271 19979 217 25364 60 21435
72783 211 75367 256 54168 254 39548 271 19979 130 30506 60 21435
72783 211 75367 105 52734 172 64690 332 65861 31 25131 358 49648 151 21435
