7377 151 41897
7377 321 24058 75 41897
7377 332 10045 31 72079 75 41897
7377 332 10045 31 30490 75 41897
7377 332 10045 31 72862 151 41897
7377 332 10045 31 4830 151 41897
7377 332 10045 31 43497 75 41897
7377 332 10045 31 35180 151 41897
7377 332 10045 31 74973 75 41897
7377 332 10045 31 1444 75 41897
7377 332 10045 31 1444 28 41897
7377 332 10045 31 10512 151 41897
7377 332 10045 31 72838 151 41897
7377 332 10045 31 731 151 41897
7377 332 10045 31 70024 75 41897
7377 332 10045 31 73755 75 41897
7377 332 10045 31 7747 151 41897
7377 332 10045 31 44612 75 41897
7377 332 10045 31 16834 75 41897
7377 332 10045 31 3644 75 41897
7377 332 10045 31 42693 75 41897
7377 332 10045 31 42166 151 41897
7377 332 10045 31 32357 151 41897
7377 332 10045 31 14729 75 41897
7377 332 10045 31 10715 75 41897
7377 332 10045 31 52683 151 41897
7377 332 10045 31 24988 151 41897
7377 332 10045 31 57341 75 41897
7377 332 10045 31 72693 369 41897
7377 332 10045 31 40951 151 41897
7377 332 10045 31 61103 151 41897
7377 332 10045 31 47039 369 41897
7377 332 10045 31 8765 75 41897
7377 332 10045 31 36156 75 41897
7377 332 10045 31 5850 75 41897
7377 332 10045 31 736 75 41897
7377 332 10045 31 28484 369 41897
7377 332 10045 31 54994 151 41897
7377 332 10045 31 10430 75 41897
7377 332 10045 31 11565 151 41897
7377 332 10045 31 1945 75 41897
7377 332 10045 31 75174 75 41897
7377 332 10045 31 24975 369 41897
7377 332 10045 31 20003 75 41897
7377 332 10045 31 28376 151 41897
7377 332 10045 31 58806 151 41897
7377 332 10045 31 29427 151 41897
7377 332 10045 31 25110 151 41897
7377 332 10045 31 11708 75 41897
7377 332 10045 369 14858 151 41897
7377 332 65855 31 28323 151 41897
7377 332 65855 31 70550 151 41897
7377 332 65855 31 16260 75 41897
7377 332 65855 31 32512 151 41897
7377 332 65855 31 41972 151 41897
7377 332 65855 31 75205 151 41897
7377 332 65855 31 65174 151 41897
7377 332 65855 31 47773 75 41897
7377 332 65855 31 45597 75 41897
7377 332 65855 31 39520 75 41897
7377 332 65855 31 52920 151 41897
7377 332 65855 31 11017 75 41897
7377 332 65855 31 33232 75 41897
7377 332 65855 31 7304 75 41897
7377 332 65855 31 14579 75 41897
7377 332 65855 31 64904 75 41897
7377 332 65855 31 72286 369 41897
7377 332 65855 31 64151 151 41897
7377 332 65855 31 35527 75 41897
7377 332 65855 31 4637 75 41897
7377 332 65855 31 26159 151 41897
7377 321 24058 196 23607 151 41897
7377 321 24058 196 51864 75 41897
7377 321 24058 196 50391 151 41897
7377 321 24058 196 33481 75 41897
7377 321 24058 196 29987 75 41897
7377 321 24058 196 50528 151 41897
7377 321 24058 196 28306 151 41897
7377 321 24058 336 53751 151 41897
7377 321 24058 332 65856 369 41897
7377 321 24058 332 68339 369 41897
7377 369 53811 277 36307 151 41897
7377 369 53811 277 56476 151 41897
7377 369 53811 277 34386 151 41897
7377 369 53811 277 48632 151 41897
7377 369 53811 277 38944 151 41897
7377 369 53811 277 16256 151 41897
7377 369 53811 277 37673 151 41897
7377 369 53811 277 60170 151 41897
7377 369 53811 277 17020 151 41897
7377 369 53811 277 34324 151 41897
7377 369 53811 277 60885 151 41897
7377 369 53811 277 36233 151 41897
7377 369 53811 277 3592 151 41897
7377 369 53811 277 28572 151 41897
7377 369 53811 277 28747 151 41897
7377 369 53811 277 20394 151 41897
7377 369 53811 277 61202 151 41897
7377 369 53811 277 32762 151 41897
7377 369 53811 277 9122 151 41897
7377 369 53811 277 62962 151 41897
7377 369 53811 277 24723 151 41897
7377 369 53811 277 10289 151 41897
7377 369 53811 277 49685 151 41897
7377 369 53811 277 68471 151 41897
7377 369 53811 277 28806 151 41897
7377 369 53811 277 55680 151 41897
7377 369 53811 277 71012 151 41897
7377 369 53811 277 52301 151 41897
7377 369 53811 277 21458 151 41897
7377 369 53811 277 47635 151 41897
7377 369 53811 277 11842 151 41897
7377 369 53811 151 42581 75 41897
7377 358 9577 28 54087 75 41897
7377 358 9577 28 12391 75 41897
7377 358 9577 28 41990 75 41897
7377 358 9577 28 14906 75 41897
7377 358 9577 28 8285 75 41897
7377 358 9577 28 33616 369 41897
7377 358 9577 28 16804 358 41897
7377 358 9577 28 55224 75 41897
7377 358 9577 28 36224 75 41897
7377 358 51607 28 33251 75 41897
7377 358 51607 28 58490 75 41897
7377 358 51607 28 28007 75 41897
7377 358 51607 28 17726 75 41897
7377 358 51607 28 27835 75 41897
7377 358 51607 28 3248 75 41897
7377 358 51607 28 28651 369 41897
7377 383 69092 75 14614 75 41897
7377 383 69092 75 3594 369 41897
7377 383 69092 75 57918 369 41897
7377 383 69092 75 42194 369 41897
7377 383 69092 75 29539 75 41897
7377 383 69092 75 3466 75 41897
7377 383 69092 75 16150 369 41897
7377 383 69092 114 2313 151 41897
7377 383 69092 294 2760 75 41897
7377 383 69092 294 6793 75 41897
7377 383 69092 294 74609 75 41897
7377 383 69092 294 61410 75 41897
7377 383 69092 294 39924 75 41897
7377 383 69092 294 59328 75 41897
7377 383 69092 294 6397 75 41897
7377 383 69092 294 59167 75 41897
7377 383 69092 294 25645 75 41897
7377 383 69092 294 31481 75 41897
7377 383 69092 294 32394 75 41897
7377 383 69092 294 48488 75 41897
7377 383 69092 294 17575 75 41897
7377 383 69092 294 65513 75 41897
7377 383 69092 294 73595 75 41897
7377 383 69092 294 5565 75 41897
7377 383 69092 294 66076 75 41897
7377 383 69092 294 30416 75 41897
7377 383 69092 294 38824 75 41897
7377 383 69092 294 57256 75 41897
7377 383 69092 294 2188 75 41897
7377 383 69092 294 26349 75 41897
7377 383 69092 294 1727 75 41897
7377 383 69092 294 69699 75 41897
7377 383 69092 294 42051 75 41897
7377 383 69092 294 8178 75 41897
7377 383 69092 294 66706 75 41897
7377 383 69092 294 26318 75 41897
7377 383 69092 294 29335 75 41897
7377 383 69092 294 25061 75 41897
7377 383 69092 294 60927 75 41897
7377 383 69092 294 12248 75 41897
7377 383 69092 294 38893 75 41897
7377 383 69092 294 53499 75 41897
7377 383 69092 294 27833 75 41897
7377 383 69092 294 36354 75 41897
7377 383 69092 294 4103 75 41897
7377 383 69092 294 42019 75 41897
7377 383 69092 294 3265 75 41897
7377 383 69092 294 8666 75 41897
7377 383 69092 294 12490 75 41897
7377 383 69092 294 12880 75 41897
7377 383 69092 294 66628 75 41897
7377 383 69092 294 40466 75 41897
7377 383 69092 294 63370 75 41897
7377 383 69092 294 16966 75 41897
7377 383 69092 294 65304 75 41897
7377 383 69092 294 1763 75 41897
7377 383 69092 294 65757 75 41897
7377 383 69092 294 65970 75 41897
7377 383 69092 294 8454 75 41897
7377 383 69092 294 56275 75 41897
7377 383 69092 294 6589 75 41897
7377 383 69092 294 16562 75 41897
7377 383 69092 294 16041 75 41897
7377 383 69092 294 74548 75 41897
7377 383 69092 294 55509 75 41897
7377 383 69092 294 53437 75 41897
7377 383 69092 294 74978 75 41897
7377 383 69092 294 41987 75 41897
7377 383 69092 294 47886 75 41897
7377 383 69092 294 284 75 41897
7377 383 69092 294 59001 75 41897
7377 383 69092 294 3359 75 41897
7377 383 69092 294 6431 75 41897
7377 383 69092 294 35963 75 41897
7377 383 69092 294 33939 75 41897
7377 383 69092 294 50595 75 41897
7377 383 69092 294 24013 75 41897
7377 383 69092 294 7687 75 41897
7377 383 69092 294 48546 75 41897
7377 383 69092 294 54285 75 41897
7377 383 69092 294 19426 75 41897
7377 383 69092 294 364 75 41897
7377 383 69092 294 48620 75 41897
7377 383 69092 294 46520 75 41897
7377 383 69092 294 9500 75 41897
7377 383 69092 294 57065 75 41897
7377 383 69092 294 42058 75 41897
7377 383 69092 294 13795 75 41897
7377 383 69092 294 60888 75 41897
7377 383 69092 294 55385 75 41897
7377 383 69092 294 61590 75 41897
7377 383 69092 294 17786 75 41897
7377 383 69092 294 65746 75 41897
7377 383 69092 294 57331 75 41897
7377 383 69092 294 16363 75 41897
7377 383 69092 294 44741 75 41897
7377 383 69092 294 60035 75 41897
7377 383 69092 294 58090 75 41897
7377 383 69092 294 25989 75 41897
7377 383 69092 294 21534 75 41897
7377 383 69092 294 26375 75 41897
7377 383 69092 294 12040 75 41897
7377 383 69092 294 43038 75 41897
7377 383 69092 294 14032 75 41897
7377 383 69092 294 31393 75 41897
7377 383 69092 294 37041 75 41897
7377 383 69092 294 46720 75 41897
7377 383 69092 294 41350 75 41897
7377 383 69092 294 35363 75 41897
7377 383 69092 294 61680 75 41897
7377 383 69092 294 45199 75 41897
7377 383 69092 294 43168 75 41897
7377 383 69092 294 59433 75 41897
7377 383 69092 294 74723 75 41897
7377 383 69092 294 65697 151 41897
7377 383 69092 294 47606 75 41897
7377 383 69092 294 9479 75 41897
7377 383 69092 294 31415 75 41897
7377 383 69092 294 10268 75 41897
7377 383 69092 294 52838 75 41897
7377 383 69092 294 53842 75 41897
7377 383 69092 294 71764 75 41897
7377 383 69092 294 74038 75 41897
7377 383 69092 294 14633 75 41897
7377 383 69092 294 44610 75 41897
7377 383 69092 294 18845 75 41897
7377 383 69092 294 36116 75 41897
7377 383 69092 294 44310 75 41897
7377 383 69092 294 36329 75 41897
7377 383 69092 294 11528 75 41897
7377 383 69092 294 64021 75 41897
7377 383 69092 294 1493 75 41897
7377 383 69092 294 7556 75 41897
7377 383 69092 294 47067 75 41897
7377 383 69092 294 10190 75 41897
7377 383 69092 294 65194 75 41897
7377 383 69092 294 60622 75 41897
7377 383 69092 294 59091 75 41897
7377 383 69092 294 56149 75 41897
7377 383 69092 294 17356 75 41897
7377 383 69092 294 34594 75 41897
7377 383 69092 294 69164 75 41897
7377 383 69092 294 16003 75 41897
7377 383 69092 294 72445 75 41897
7377 383 69092 294 40841 75 41897
7377 383 69092 294 15237 75 41897
7377 383 69092 294 25707 75 41897
7377 383 69092 294 64640 75 41897
7377 383 69092 294 55966 75 41897
7377 383 69092 294 1214 75 41897
7377 383 69092 294 32680 75 41897
7377 383 69092 294 65456 75 41897
7377 383 69092 294 63526 75 41897
7377 383 69092 294 55510 75 41897
7377 383 69092 294 54177 75 41897
7377 383 69092 294 25629 75 41897
7377 383 69092 294 4277 75 41897
7377 383 69092 294 30666 75 41897
7377 383 69092 294 35574 75 41897
7377 383 69092 294 52190 75 41897
7377 383 69092 294 3929 75 41897
7377 383 69092 294 70554 75 41897
7377 383 69092 294 70049 75 41897
7377 383 69092 294 14161 75 41897
7377 383 69092 294 21687 75 41897
7377 383 69092 294 23846 75 41897
7377 383 69092 294 740 75 41897
7377 383 69092 294 40420 75 41897
7377 383 69092 294 13001 75 41897
7377 383 69092 294 74537 75 41897
7377 383 69092 294 11179 75 41897
7377 383 69092 294 52289 75 41897
7377 383 69092 294 75218 75 41897
7377 383 69092 294 4320 75 41897
7377 383 69092 294 65215 75 41897
7377 383 69092 294 41811 75 41897
7377 383 69092 294 31776 75 41897
7377 383 69092 294 12051 75 41897
7377 383 69092 294 44240 75 41897
7377 383 69092 294 52344 75 41897
7377 383 69092 294 33856 75 41897
7377 383 69092 294 8054 75 41897
7377 383 69092 294 72025 75 41897
7377 383 69092 294 55702 75 41897
7377 383 69092 294 24360 75 41897
7377 383 69092 294 73846 75 41897
7377 383 69092 294 11027 151 41897
7377 383 69092 294 49579 75 41897
7377 383 69092 294 59774 75 41897
7377 383 69092 294 28548 75 41897
7377 383 69092 294 2920 75 41897
7377 383 69092 294 5591 75 41897
7377 383 69092 294 16262 75 41897
7377 383 69092 294 49090 75 41897
7377 383 69092 294 39532 75 41897
7377 383 69092 294 47971 75 41897
7377 383 69092 294 32008 75 41897
7377 383 69092 294 31762 75 41897
7377 383 69092 294 19931 75 41897
7377 383 69092 294 23742 75 41897
7377 383 69092 294 16325 75 41897
7377 383 69092 294 33573 75 41897
7377 383 69092 294 47063 75 41897
7377 383 69092 294 58669 75 41897
7377 383 69092 294 40408 75 41897
7377 383 69092 294 63142 75 41897
7377 383 69092 294 23732 75 41897
7377 383 69092 294 71316 75 41897
7377 383 69092 294 46106 75 41897
7377 383 69092 294 39141 75 41897
7377 383 69092 294 16547 75 41897
7377 383 69092 294 11932 75 41897
7377 383 69092 294 44575 75 41897
7377 383 69092 294 993 75 41897
7377 383 69092 294 71668 75 41897
7377 383 69092 294 32506 75 41897
7377 383 69092 294 24515 75 41897
7377 383 69092 294 13652 75 41897
7377 383 69092 294 17486 75 41897
7377 383 69092 294 40104 75 41897
7377 383 69092 294 65981 75 41897
7377 383 69092 294 11794 75 41897
7377 383 69092 294 64220 75 41897
7377 383 69092 294 12115 75 41897
7377 383 69092 294 25921 75 41897
7377 383 69092 294 54887 75 41897
7377 383 69092 294 61234 75 41897
7377 383 69092 294 45391 75 41897
7377 383 69092 294 69383 75 41897
7377 383 69092 294 64024 75 41897
7377 383 69092 294 66942 75 41897
7377 383 69092 294 59758 75 41897
7377 383 69092 294 33187 75 41897
7377 383 69092 294 1771 75 41897
7377 383 69092 294 16098 75 41897
7377 383 69092 294 46970 75 41897
7377 383 69092 294 16018 75 41897
7377 383 69092 294 53387 75 41897
7377 383 69092 294 54446 75 41897
7377 383 69092 294 24014 75 41897
7377 383 69092 294 37788 75 41897
7377 383 69092 294 68331 75 41897
7377 383 69092 294 50260 75 41897
7377 383 69092 294 60088 75 41897
7377 383 69092 294 69841 75 41897
7377 383 69092 294 44784 75 41897
7377 383 69092 294 70253 75 41897
7377 383 69092 294 61302 75 41897
7377 383 69092 294 71197 75 41897
7377 383 69092 294 34298 75 41897
7377 383 69092 294 4658 75 41897
7377 383 69092 294 23669 75 41897
7377 383 69092 294 69338 75 41897
7377 383 69092 294 15433 75 41897
7377 383 69092 151 32706 28 41897
7377 383 69092 277 5726 75 41897
7377 75 33054 277 25616 75 41897
7377 75 33054 277 50434 151 41897
7377 75 33054 277 25328 151 41897
7377 75 33054 277 1861 75 41897
7377 75 33054 277 39113 151 41897
7377 75 33054 277 45482 151 41897
7377 75 33054 277 51990 75 41897
7377 75 33054 277 21994 151 41897
7377 75 33054 277 20580 151 41897
7377 75 33054 252 21316 369 41897
7377 75 33054 252 41154 369 41897
7377 75 33054 252 48149 369 41897
7377 75 33054 252 63182 369 41897
7377 75 33054 252 69155 369 41897
7377 75 33054 252 40313 369 41897
7377 75 33054 252 40309 369 41897
7377 75 33054 252 68338 369 41897
7377 75 33054 252 23447 369 41897
7377 75 33054 252 51355 369 41897
7377 75 33054 252 51358 369 41897
7377 75 33054 252 51352 369 41897
7377 75 33054 252 51356 369 41897
7377 75 33054 252 28802 369 41897
7377 75 33054 252 26362 75 41897
7377 75 33054 252 74683 369 41897
7377 75 33054 252 65593 369 41897
7377 75 33054 252 10882 369 41897
7377 75 33054 252 2297 369 41897
7377 75 33054 252 65861 369 41897
7377 75 33054 252 65857 369 41897
7377 75 33054 252 7329 369 41897
7377 75 33054 252 6463 369 41897
7377 75 33054 252 26826 75 41897
7377 75 33054 252 31354 369 41897
7377 75 33054 252 8873 369 41897
7377 75 33054 252 40338 369 41897
7377 75 33054 252 11736 369 41897
7377 75 33054 151 47784 75 41897
7377 75 33054 151 49654 75 41897
7377 75 33054 151 49654 151 41897
7377 252 6067 151 73831 151 41897
7377 332 10045 31 72079 332 23887 369 41897
7377 332 10045 31 72079 332 23446 369 41897
7377 332 10045 31 72079 332 31869 369 41897
7377 332 10045 31 73627 332 12804 369 41897
7377 332 10045 31 64690 359 65917 75 41897
7377 332 10045 31 17625 114 33504 369 41897
7377 332 10045 31 6905 332 6858 369 41897
7377 332 10045 31 5454 332 65526 369 41897
7377 332 10045 31 37109 332 12801 369 41897
7377 332 10045 31 37109 332 68803 369 41897
7377 332 10045 31 30490 249 65931 75 41897
7377 332 10045 31 4830 383 71850 75 41897
7377 332 10045 31 68049 332 40769 369 41897
7377 332 10045 31 30109 342 64632 369 41897
7377 332 10045 31 73217 332 4454 369 41897
7377 332 10045 31 1444 75 33630 151 41897
7377 332 10045 31 72056 332 52204 369 41897
7377 332 10045 31 24854 332 50162 369 41897
7377 332 10045 31 32357 332 23444 369 41897
7377 332 10045 31 32357 332 14973 369 41897
7377 332 10045 31 32357 332 23892 369 41897
7377 332 10045 31 33132 332 71742 369 41897
7377 332 10045 31 72693 252 50148 369 41897
7377 332 10045 31 27960 332 42998 369 41897
7377 332 10045 31 73556 294 57760 75 41897
7377 332 10045 31 11032 219 22183 75 41897
7377 332 10045 31 43961 75 13417 75 41897
7377 332 10045 31 6346 32 61365 75 41897
7377 332 10045 31 58806 332 72050 369 41897
7377 332 10045 31 19847 298 58689 75 41897
7377 321 24058 196 50528 75 47616 151 41897
7377 321 24058 262 63515 326 30135 75 41897
7377 321 24058 336 53751 28 48531 369 41897
7377 321 24058 336 53751 28 31299 358 41897
7377 321 24058 102 46685 359 16381 369 41897
7377 321 24058 300 62434 211 29320 369 41897
7377 321 24058 332 65853 31 49845 369 41897
7377 321 24058 332 65853 31 627 369 41897
7377 321 24058 332 65856 31 24679 369 41897
7377 321 24058 332 29052 31 67316 369 41897
7377 321 24058 332 29052 31 72996 369 41897
7377 321 24058 332 29052 31 28505 369 41897
7377 321 24058 332 29052 31 66305 358 41897
7377 321 24058 114 33951 114 25683 369 41897
7377 321 24058 28 73592 151 15985 75 41897
7377 369 53811 277 38944 28 27602 358 41897
7377 383 69092 75 25961 32 42460 75 41897
7377 383 69092 142 39737 85 10314 369 41897
7377 383 69092 32 57047 364 47384 369 41897
7377 383 69092 294 47724 282 60008 75 41897
7377 75 33054 277 50963 277 26736 369 41897
7377 75 33054 277 34485 252 72595 369 41897
7377 75 33054 277 39078 114 3076 369 41897
7377 75 33054 277 47235 332 34953 369 41897
7377 75 33054 277 71931 369 20392 369 41897
7377 75 33054 252 41154 277 29337 369 41897
7377 60 21435 252 3643 32 49576 75 41897
7377 332 10045 31 37109 332 68803 31 55366 369 41897
7377 332 10045 31 42633 332 39331 31 56995 369 41897
7377 332 10045 31 61075 6 63974 277 43025 369 41897
7377 332 10045 31 9105 180 28577 71 14702 75 41897
7377 332 10045 31 6346 32 61365 114 36274 369 41897
7377 332 10045 31 58932 229 53497 1 46923 75 41897
7377 321 24058 196 14859 272 17404 298 43478 75 41897
7377 321 24058 262 65297 43 48613 326 34144 369 41897
7377 369 53811 252 67704 277 58106 252 52116 369 41897
