10831 356 18597
10831 300 62434 211 18597
10831 105 52734 172 41975 356 18597
10831 105 52734 172 63685 356 18597
10831 105 52734 172 74935 356 18597
10831 105 52734 172 51172 356 18597
10831 105 52734 172 38680 356 18597
10831 105 52734 172 14146 356 18597
10831 105 52734 172 44084 147 18597
10831 105 52734 172 19869 147 18597
10831 105 52734 105 13588 356 18597
10831 105 52734 105 28376 356 18597
10831 105 52734 105 58806 356 18597
10831 105 52734 105 7747 356 18597
10831 105 52734 105 17020 356 18597
10831 105 52734 105 52920 356 18597
10831 143 69742 113 29285 147 18597
10831 143 69742 113 60170 356 18597
10831 143 69742 113 18267 147 18597
10831 143 69742 113 23105 356 18597
10831 143 69742 113 48963 356 18597
10831 143 69742 113 17478 356 18597
10831 143 69742 113 11257 356 18597
10831 143 69742 113 49565 356 18597
10831 143 69742 113 59061 356 18597
10831 143 69742 113 63472 356 18597
10831 300 62434 211 19219 6 18597
10831 300 62434 211 12203 356 18597
10831 300 62434 211 45140 356 18597
10831 300 62434 211 6781 356 18597
10831 300 62434 211 1444 114 18597
10831 300 62434 211 26496 356 18597
10831 300 62434 211 58140 356 18597
10831 300 62434 211 30439 356 18597
10831 300 62434 211 8266 147 18597
10831 300 62434 211 49910 147 18597
10831 300 62434 211 11909 356 18597
10831 300 62434 211 4848 356 18597
10831 300 62434 211 5065 356 18597
10831 300 62434 211 26494 356 18597
10831 300 62434 211 36865 356 18597
10831 300 62434 211 44741 356 18597
10831 300 62434 211 61481 356 18597
10831 300 62434 211 62852 356 18597
10831 300 62434 211 61434 356 18597
10831 300 62434 211 19747 356 18597
10831 300 62434 211 36278 147 18597
10831 300 62434 211 17630 114 18597
10831 300 62434 211 73239 356 18597
10831 300 62434 211 65931 356 18597
10831 300 62434 211 40844 356 18597
10831 300 62434 211 54333 356 18597
10831 300 62434 211 34555 356 18597
10831 300 62434 211 11484 356 18597
10831 300 62434 211 28306 356 18597
10831 300 32266 211 21710 356 18597
10831 105 52734 172 58853 256 54168 254 18597
10831 105 52734 172 34351 359 1771 6 18597
10831 105 52734 172 41975 373 20689 356 18597
10831 105 52734 172 41975 164 6526 147 18597
10831 105 52734 172 30973 356 46549 356 18597
10831 105 52734 172 14736 396 54516 35 18597
10831 105 52734 105 28376 103 1524 356 18597
10831 105 52734 105 28376 101 19766 356 18597
10831 105 52734 105 54091 102 5850 6 18597
10831 143 69742 113 4394 155 63370 114 18597
10831 143 69742 113 57906 102 7938 6 18597
10831 143 69742 113 3710 300 66239 211 18597
10831 143 69742 113 63472 268 4598 356 18597
10831 143 69742 113 21356 155 69841 114 18597
10831 300 62434 211 14691 300 17629 211 18597
10831 300 62434 211 72079 382 42618 6 18597
10831 300 62434 211 72079 382 22663 6 18597
10831 300 62434 211 72079 382 37504 6 18597
10831 300 62434 211 72079 373 75385 356 18597
10831 300 62434 211 72079 373 66233 356 18597
10831 300 62434 211 72079 373 21330 356 18597
10831 300 62434 211 72079 373 64382 356 18597
10831 300 62434 211 72079 164 41538 147 18597
10831 300 62434 211 72079 164 4443 147 18597
10831 300 62434 211 38128 85 64632 249 18597
10831 300 62434 211 12011 147 39108 164 18597
10831 300 62434 211 73460 303 7846 114 18597
10831 300 62434 211 70550 303 45649 6 18597
10831 300 62434 211 45079 151 22411 6 18597
10831 300 62434 211 73900 28 18424 356 18597
10831 300 62434 211 1444 164 9367 6 18597
10831 300 62434 211 53751 28 59913 356 18597
10831 300 62434 211 24058 196 45127 356 18597
10831 300 62434 211 24058 196 72480 6 18597
10831 300 62434 211 24058 196 38148 6 18597
10831 300 62434 211 57936 254 30026 356 18597
10831 300 62434 211 14858 382 71009 6 18597
10831 300 62434 211 3650 124 16435 147 18597
10831 300 62434 211 15756 364 3291 356 18597
10831 300 62434 252 33054 277 46683 6 18597
10831 300 62434 252 33054 277 22873 6 18597
10831 300 62434 252 33054 277 36558 6 18597
10831 300 62434 252 33054 277 65653 6 18597
10831 300 62434 252 33054 277 15303 6 18597
10831 300 62434 252 33054 277 16260 6 18597
10831 300 62434 252 33054 277 4266 6 18597
10831 300 62434 252 33054 277 69276 356 18597
10831 300 62434 252 33054 277 25328 101 18597
10831 300 62434 252 33054 277 56112 356 18597
10831 300 62434 252 33054 277 14941 6 18597
10831 300 62434 252 33054 277 56966 6 18597
10831 300 62434 252 33054 277 18412 6 18597
10831 300 62434 252 33054 277 69019 6 18597
10831 300 62434 252 33054 277 22711 356 18597
10831 300 62434 252 33054 277 34238 6 18597
10831 300 62434 252 33054 277 69592 6 18597
10831 300 62434 252 33054 277 68997 6 18597
10831 300 62434 252 33054 277 36689 147 18597
10831 300 62434 252 33054 277 14666 6 18597
10831 300 62434 252 33054 277 73597 6 18597
10831 300 62434 252 33054 277 59966 6 18597
10831 300 62434 252 33054 252 8203 6 18597
10831 300 62434 252 33054 252 7332 6 18597
10831 300 62434 252 33054 32 10289 356 18597
10831 300 62434 252 33054 32 62962 356 18597
10831 300 62434 252 33054 32 731 356 18597
10831 373 63489 102 46685 359 366 356 18597
10831 373 63489 102 46685 359 37549 356 18597
10831 373 63489 102 46685 359 75020 356 18597
10831 373 63489 102 46685 359 52577 356 18597
10831 373 63489 102 46685 359 56934 147 18597
10831 373 63489 143 37487 113 21315 356 18597
10831 373 63489 143 37487 113 23440 356 18597
10831 373 63489 332 65861 31 64433 356 18597
10831 373 63489 332 29052 31 44399 356 18597
10831 373 63489 332 29052 31 74887 356 18597
10831 373 63489 332 29065 31 38459 356 18597
10831 373 63489 332 29065 31 43055 6 18597
10831 373 33373 332 65853 31 12994 6 18597
10831 373 33373 332 65853 31 69360 6 18597
10831 373 33373 332 65855 31 70588 6 18597
10831 373 33373 332 29061 31 38271 6 18597
10831 105 52734 172 58853 256 54168 254 27479 356 18597
10831 105 52734 172 58853 256 54168 254 49424 398 18597
10831 105 52734 172 58853 256 54168 254 42205 356 18597
10831 105 52734 172 58853 256 54168 254 69702 356 18597
10831 105 52734 172 58853 256 54168 254 34139 356 18597
10831 105 52734 172 58853 256 54168 254 20846 356 18597
10831 105 52734 172 34351 383 69092 294 41777 356 18597
10831 105 52734 172 34351 383 69092 294 32680 356 18597
10831 105 52734 172 34351 383 69092 294 1756 356 18597
10831 105 52734 172 34351 383 69092 294 39141 114 18597
10831 105 52734 172 51172 151 53811 277 71359 356 18597
10831 105 52734 172 51172 369 73592 277 68889 356 18597
10831 105 52734 172 51172 358 32958 28 16804 6 18597
10831 105 52734 172 51172 358 51607 28 15785 6 18597
10831 105 52734 172 51172 358 51607 28 24250 356 18597
10831 105 52734 172 51172 358 51607 28 10405 6 18597
10831 105 52734 172 51172 358 9577 28 33755 6 18597
10831 105 52734 172 51172 358 9577 28 52973 356 18597
10831 105 52734 172 51172 358 9577 28 7857 356 18597
10831 105 52734 172 12511 102 72517 359 12919 147 18597
10831 105 52734 172 19869 15 4070 15 73635 147 18597
10831 105 52734 172 19869 15 4070 379 6584 211 18597
10831 105 52734 172 19869 15 4070 379 68161 211 18597
10831 105 52734 172 59152 348 57047 364 64863 356 18597
10831 105 52734 105 58806 290 72858 155 11302 114 18597
10831 105 52734 105 58806 271 51246 130 41918 147 18597
10831 143 69742 113 59220 382 429 6 4884 147 18597
10831 143 69742 113 11257 356 14417 373 15038 356 18597
10831 300 62434 211 38128 217 9911 111 74693 101 18597
10831 300 62434 211 30439 194 70065 239 52370 147 18597
10831 300 62434 211 36865 356 66016 164 55737 147 18597
10831 300 62434 211 36865 356 66016 164 55737 398 18597
10831 300 62434 211 36865 356 66016 164 55737 15 18597
10831 300 62434 252 33054 277 1497 149 7352 6 18597
10831 300 62434 252 33054 277 59966 149 24085 6 18597
10831 300 62434 211 38128 85 64632 249 5294 256 58998 254 18597
10831 300 62434 211 38128 85 64632 249 5294 256 58998 217 18597
10831 300 62434 211 4603 300 50253 110 12972 256 73208 254 18597
10831 300 62434 211 4603 300 50253 110 12972 256 73208 217 18597
