25341 356 65917
25341 359 46062 102 72517 359 29913 147 65917
25341 359 46062 102 72517 359 63111 147 65917
25341 359 46062 102 72517 359 68072 143 69742 113 65917
25341 359 46062 102 72517 359 66962 102 6934 359 65917
25341 359 46062 102 72517 359 66962 102 6934 356 65917
25341 359 46062 102 72517 359 66962 102 71279 359 65917
25341 359 46062 102 72517 359 22173 102 3052 359 65917
25341 359 46062 102 72517 359 22173 102 12153 359 65917
25341 359 46062 102 72517 359 29913 398 23305 15 63489 356 65917
25341 359 46062 102 72517 359 29913 398 23305 15 39939 356 65917
25341 359 46062 102 72517 359 29913 398 23305 15 14740 359 65917
25341 359 46062 102 72517 359 29913 398 23305 15 14740 356 65917
25341 359 46062 102 72517 359 29913 398 23305 15 74109 147 65917
25341 359 46062 102 72517 359 29913 398 23305 15 57783 147 65917
25341 359 46062 102 72517 359 68072 143 69742 113 64690 359 65917
25341 359 46062 102 72517 359 68072 143 69742 113 21694 356 65917
25341 359 46062 102 72517 359 68072 143 69742 113 1151 356 65917
25341 359 46062 102 72517 359 68072 143 69742 113 37542 359 65917
25341 359 46062 102 72517 359 68072 143 69742 113 33373 356 65917
25341 359 46062 102 72517 359 68072 143 69742 113 49761 356 65917
25341 359 46062 102 72517 359 68072 369 33054 277 57958 359 65917
25341 359 46062 102 72517 359 68072 369 33054 277 31724 359 65917
25341 359 46062 102 72517 359 68072 369 33054 277 25942 359 65917
25341 359 46062 102 72517 359 68072 369 33054 277 30234 359 65917
25341 359 46062 102 72517 359 68072 369 33054 277 36156 359 65917
25341 359 46062 102 72517 359 68072 369 33054 277 5767 359 65917
25341 359 46062 102 72517 359 68072 369 33054 252 23807 359 65917
25341 359 46062 102 72517 359 68072 369 33054 252 26028 359 65917
25341 359 46062 102 72517 359 68072 369 33054 32 60885 359 65917
25341 359 46062 102 72517 359 68072 369 33054 32 52920 359 65917
25341 359 46062 102 72517 359 6228 332 29065 31 65294 359 65917
25341 359 46062 102 72517 359 6228 332 29065 31 11363 359 65917
25341 359 46062 102 72517 359 6228 332 23453 31 567 359 65917
25341 359 46062 102 72517 359 59046 6 72079 382 30430 359 65917
25341 359 46062 102 72517 359 59046 6 72079 373 36865 356 65917
25341 359 46062 102 72517 359 59046 6 72079 75 41897 32 65917
25341 359 46062 102 72517 359 53154 332 65855 31 63276 359 65917
25341 359 46062 102 72517 359 66962 102 6934 102 41857 359 65917
25341 359 46062 102 72517 359 66962 102 6934 102 46685 359 65917
25341 359 46062 102 72517 359 51394 332 29052 31 41086 359 65917
25341 359 46062 102 72517 359 22173 102 3052 359 50586 356 65917
25341 359 46062 102 72517 359 29913 398 23305 15 63489 164 1193 147 65917
25341 359 46062 102 72517 359 29913 398 23305 15 63489 102 38570 359 65917
25341 359 46062 102 72517 359 68072 143 69742 113 18645 172 63771 172 65917
25341 359 46062 102 72517 359 68072 143 69742 113 18645 172 63771 105 65917
25341 359 46062 102 72517 359 68072 143 69742 113 30973 102 26709 359 65917
25341 359 46062 102 72517 359 68072 143 69742 113 30973 102 58630 359 65917
25341 359 46062 102 72517 359 68072 143 69742 113 30973 102 11695 359 65917
25341 359 46062 102 72517 359 68072 143 69742 113 69590 102 33824 359 65917
25341 359 46062 102 72517 359 68072 143 69742 113 57906 102 2424 359 65917
25341 359 46062 102 72517 359 68072 143 69742 113 54091 102 7585 359 65917
25341 359 46062 102 72517 359 68072 143 69742 113 54091 102 52011 359 65917
25341 359 46062 102 72517 359 68072 143 69742 113 54091 102 12886 359 65917
25341 359 46062 102 72517 359 68072 143 69742 113 64978 102 61433 359 65917
25341 359 46062 102 72517 359 68072 143 37487 113 74935 102 26906 359 65917
25341 359 46062 102 72517 359 6228 332 29065 31 5850 359 13769 359 65917
25341 359 46062 102 72517 359 6228 332 29065 31 5850 359 13769 356 65917
25341 359 46062 102 72517 359 6228 332 29065 369 69092 294 61680 359 65917
25341 359 46062 102 72517 359 68072 143 69742 113 18645 172 63771 172 66077 356 65917
25341 359 46062 102 72517 359 68072 369 33054 277 24403 29 42543 306 48083 359 65917
