62143 356 6576
62143 358 43972 28 6532 356 6576
62143 358 43972 28 37900 356 6576
62143 358 43972 28 7327 356 6576
62143 358 43972 28 55354 356 6576
62143 358 43972 28 25540 356 6576
62143 358 43972 28 44456 6 6576
62143 358 43972 28 52584 6 6576
62143 358 43972 28 12879 147 6576
62143 358 43972 28 12879 398 6576
62143 358 43972 28 65040 6 6576
62143 358 43972 28 28055 6 6576
62143 358 43972 28 56578 356 6576
62143 358 43972 28 31461 6 6576
62143 358 43972 28 7051 6 6576
62143 358 43972 28 11214 6 6576
62143 358 43972 28 67012 356 6576
62143 358 43972 28 44982 6 6576
62143 358 43972 28 14339 6 6576
62143 358 43972 28 5356 6 6576
62143 358 43972 28 35578 6 6576
62143 358 43972 28 471 356 6576
62143 358 43972 28 57610 356 6576
62143 358 43972 28 17749 6 6576
62143 358 43972 28 41498 6 6576
62143 358 43972 28 47049 356 6576
62143 358 43972 28 39721 356 6576
62143 358 43972 28 35224 356 6576
62143 358 43972 28 64796 6 6576
62143 358 43972 28 64731 356 6576
62143 358 43972 28 31346 356 6576
62143 358 43972 28 30352 356 6576
62143 358 43972 28 29731 356 6576
62143 358 43972 28 57098 356 6576
62143 358 43972 28 22478 15 6576
62143 358 43972 28 22478 141 6576
62143 358 43972 28 22228 15 6576
62143 358 43972 28 22228 141 6576
62143 358 43972 28 50083 147 6576
62143 358 43972 28 50083 398 6576
62143 358 43972 28 70423 6 6576
62143 358 43972 28 70423 398 6576
62143 358 43972 28 65003 6 6576
62143 358 43972 28 65003 398 6576
62143 358 43972 28 33865 6 6576
62143 358 43972 28 33865 398 6576
62143 358 43972 28 25434 6 6576
62143 358 43972 28 26948 15 6576
62143 358 43972 28 26948 141 6576
62143 358 43972 28 11519 356 6576
62143 358 43972 358 51094 373 6576
62143 358 43972 6 6060 28 6576
62143 358 43972 6 62272 35 6576
62143 358 43972 6 62272 130 6576
62143 358 43972 6 58036 130 6576
62143 358 43972 6 58036 141 6576
62143 358 43972 6 6060 35 51294 373 6576
62143 358 43972 6 58036 258 13480 373 6576
62143 358 43972 6 58036 203 25809 373 6576
62143 358 43972 28 72106 129 486 372 69629 130 6576
62143 358 43972 28 72106 129 486 372 69629 141 6576
62143 358 43972 28 72106 129 486 372 24488 130 6576
62143 358 43972 28 72106 129 486 372 24488 141 6576
62143 358 43972 28 72106 129 486 372 75191 130 6576
62143 358 43972 28 72106 129 486 372 75191 141 6576
62143 358 43972 28 72106 129 486 192 33163 356 6576
62143 358 43972 28 72106 129 486 192 47448 356 6576
62143 358 43972 28 72106 129 486 227 32131 126 6576
62143 358 43972 28 37380 6 58402 382 12181 356 6576
62143 358 43972 28 37380 6 58402 256 54168 254 6576
62143 358 43972 28 22228 217 69112 385 53615 141 6576
62143 358 43972 28 22228 217 69112 385 53615 15 6576
62143 358 43972 28 22228 217 69112 385 59392 141 6576
62143 358 43972 28 22228 217 69112 385 59392 15 6576
62143 358 43972 28 22228 217 69112 5 52290 15 6576
62143 358 43972 28 22228 217 69112 5 52290 141 6576
62143 358 43972 28 22228 141 2680 385 74220 15 6576
62143 358 43972 28 22228 141 2680 385 74220 141 6576
62143 358 43972 28 22228 141 2680 385 62473 141 6576
62143 358 43972 28 22228 141 2680 385 3239 141 6576
62143 358 43972 28 26948 141 51543 385 10157 15 6576
62143 358 43972 28 26948 141 51543 385 10157 141 6576
62143 358 43972 28 47049 100 70102 383 69092 277 29052 31 6576
62143 358 43972 28 72106 129 486 100 29427 290 49431 6 6576
62143 358 43972 28 57610 100 55556 259 53540 68 2851 290 28442 356 6576
62143 358 43972 28 57610 100 55556 259 53540 68 49302 290 51370 356 6576
62143 358 43972 28 57610 100 55556 259 53540 68 15060 290 56406 356 6576
62143 358 43972 28 57610 100 55556 259 53540 68 66920 290 54085 147 6576
62143 358 43972 28 57610 100 55556 259 53540 68 66920 290 54085 398 6576
62143 358 43972 28 57610 100 55556 259 53540 68 5505 126 42903 398 6576
62143 358 43972 28 57610 100 55556 259 53540 68 9490 125 42754 356 6576
62143 358 43972 28 47049 100 70102 75 25961 32 136 290 31319 356 6576
62143 358 43972 28 47049 100 70102 290 72858 255 49761 336 29499 356 6576
62143 358 43972 28 47049 100 70102 290 72858 255 49761 230 50247 141 6576
62143 358 43972 28 47049 100 70102 290 72858 100 2832 290 60915 356 6576
62143 358 43972 28 47049 100 70102 172 17373 373 39113 256 1127 141 6576
62143 358 43972 28 6137 34 30762 332 65855 31 58961 385 24632 141 6576
62143 358 43972 28 37380 6 58402 256 54168 254 58862 385 19038 217 6576
