11625 32 61102
11625 358 7995 28 47169 32 61102
11625 358 7995 28 42361 32 61102
11625 358 7995 28 55267 32 61102
11625 358 7995 28 24108 32 61102
11625 252 67704 252 41953 32 61102
11625 252 67704 277 46818 32 61102
11625 252 67704 256 51155 141 61102
11625 252 67704 256 7603 141 61102
11625 358 7995 28 49833 32 29427 32 61102
11625 252 67704 172 17373 373 16308 155 61102
11625 252 67704 332 29065 31 1444 383 61102
11625 358 7995 28 49833 369 41154 151 28162 32 61102
11625 252 67704 277 71383 369 73831 252 4174 32 61102
11625 252 67704 277 71383 369 73831 213 43450 121 61102
11625 252 67704 277 71383 369 73831 213 58833 121 61102
11625 252 67704 277 46818 32 56734 75 60078 32 61102
11625 252 67704 172 17373 28 54994 28 14080 32 61102
11625 252 67704 172 17373 373 25328 252 2038 32 61102
11625 252 67704 172 17373 373 14858 75 61497 32 61102
11625 252 67704 172 17373 373 50528 75 31045 32 61102
11625 252 67704 277 71383 369 33054 277 23798 75 322 32 61102
11625 252 67704 332 29065 31 6346 32 61365 75 59985 32 61102
