2030 32 66047
2030 356 17373 373 60841 383 66047
2030 356 17373 373 60841 277 66047
2030 356 17373 373 60841 28 66047
2030 356 17373 373 60841 151 66047
2030 356 17373 382 32264 32 66047
2030 356 17373 28 24856 369 33054 32 66047
2030 356 17373 28 42979 332 29065 31 66047
2030 356 17373 28 54994 369 55666 277 66047
2030 356 17373 28 54994 369 73592 277 66047
2030 356 17373 28 21458 290 72858 155 66047
2030 356 17373 28 21458 252 6067 151 66047
2030 356 17373 28 21458 75 27067 32 66047
2030 356 17373 373 67997 332 65861 31 66047
2030 356 17373 373 67997 297 61222 231 66047
2030 356 17373 373 14858 75 25961 32 66047
2030 356 17373 373 14858 383 69092 294 66047
2030 356 17373 373 14858 114 21109 155 66047
2030 356 17373 373 14858 321 24058 196 66047
2030 356 17373 373 14858 294 72636 383 66047
2030 356 17373 373 14858 222 29063 202 66047
2030 356 17373 373 74024 222 22878 202 66047
2030 356 17373 373 29427 126 21356 155 66047
2030 356 17373 373 66837 96 66372 277 66047
2030 356 17373 373 36304 96 74047 277 66047
2030 356 17373 373 36304 96 32662 277 66047
2030 356 17373 82 2759 106 3749 277 66047
2030 356 48207 164 61067 82 11544 106 6517 277 66047
2030 356 48207 164 61067 82 11544 106 6517 358 66047
2030 356 17373 28 24856 300 59812 211 27332 277 66047
2030 356 17373 373 14858 28 30480 358 66417 277 66047
2030 356 17373 373 60841 272 20503 290 42681 155 66047
2030 356 17373 373 60841 272 20503 36 11698 277 66047
2030 356 17373 373 60841 272 20503 36 45854 32 66047
2030 356 17373 373 60841 272 20503 36 32799 32 66047
2030 356 17373 373 60841 272 20503 36 10094 32 66047
2030 356 17373 373 60841 272 20503 36 40906 277 66047
2030 356 17373 373 60841 272 20503 36 40906 32 66047
2030 356 17373 373 60841 272 20503 278 55145 32 66047
2030 356 17373 373 60841 272 20503 75 29242 254 66047
2030 356 17373 373 60841 272 20503 75 29242 217 66047
2030 356 17373 373 60841 272 20503 75 29242 202 66047
2030 356 17373 373 60841 272 20503 75 29242 22 66047
2030 356 17373 373 29427 321 32357 332 51816 31 66047
2030 356 17373 373 30991 82 18017 106 75260 277 66047
2030 356 17373 373 66837 96 66372 256 7121 254 66047
2030 356 17373 373 66837 96 66372 256 7121 141 66047
2030 356 17373 373 66837 96 66372 256 8004 254 66047
2030 356 17373 373 29427 385 54168 254 72579 256 50414 254 66047
2030 356 17373 373 29427 385 54168 254 72579 256 50414 217 66047
