35454 32 59627
35454 358 59627
35454 369 41154 277 43908 332 29052 31 59627
35454 369 41154 151 33054 277 60841 277 59627
35454 369 41154 151 33054 277 60841 75 59627
35454 369 41154 151 33054 252 65856 31 59627
35454 369 41154 151 33054 252 65857 31 59627
35454 369 41154 369 41897 32 71850 294 59627
35454 369 41154 342 30109 332 65855 31 59627
35454 369 41154 342 30109 332 1705 31 59627
35454 369 41154 277 9782 321 24058 332 29065 31 59627
35454 369 41154 277 9782 321 24058 332 23453 31 59627
35454 369 41154 277 43908 32 9132 277 29061 31 59627
