35913 32 56734
35913 290 72858 155 1444 383 56734
35913 290 72858 100 8120 252 56734
35913 290 72858 100 8120 32 56734
35913 290 72858 100 8120 369 56734
35913 290 72858 100 8120 358 56734
35913 290 72858 100 15251 32 56734
35913 290 72858 100 13327 32 56734
35913 290 72858 100 20271 32 56734
35913 290 72858 100 29427 32 56734
35913 290 72858 100 50753 32 56734
35913 290 72858 100 7272 32 56734
35913 290 72858 100 41108 294 56734
35913 290 72858 100 6385 32 56734
35913 290 72858 100 6783 32 56734
35913 290 72858 100 72968 32 56734
35913 290 72858 100 17524 252 56734
35913 290 72858 100 17524 32 56734
35913 290 72858 100 17524 369 56734
35913 290 72858 100 37970 358 56734
35913 290 72858 100 33360 32 56734
35913 290 72858 100 39122 310 56734
35913 290 72858 100 43916 252 56734
35913 290 72858 100 43916 32 56734
35913 290 72858 100 43916 369 56734
35913 290 72858 100 15973 32 56734
35913 290 72858 155 40298 332 23453 31 56734
35913 290 72858 155 20177 321 24058 196 56734
35913 290 72858 155 705 222 29063 202 56734
35913 290 72858 155 57305 383 71850 294 56734
35913 290 72858 155 15756 222 31537 202 56734
35913 290 72858 155 15756 222 31537 104 56734
35913 290 72858 155 50528 358 72636 383 56734
35913 290 72858 155 39260 383 69092 277 32022 252 56734
35913 290 72858 155 39260 383 69092 277 32022 294 56734
35913 290 72858 155 39260 383 69092 277 32022 369 56734
35913 290 72858 155 39260 383 69092 277 32022 358 56734
35913 290 72858 155 39260 297 61222 142 37360 104 56734
35913 290 72858 155 64361 32 59204 75 41125 32 56734
35913 290 72858 155 64361 32 31389 75 24484 32 56734
35913 290 72858 155 64361 32 31389 272 6811 32 56734
35913 290 72858 155 49345 8 32907 25 33761 32 56734
35913 290 72858 155 3481 151 14859 277 74397 32 56734
35913 290 72858 155 59909 252 48050 383 69574 32 56734
35913 290 72858 155 1444 383 61102 75 46818 32 56734
35913 290 72858 155 1444 383 61102 75 60078 32 56734
35913 290 72858 155 19694 322 14429 68 45207 32 56734
35913 290 72858 213 58833 121 54994 252 23558 32 56734
35913 290 72858 213 58833 121 54994 252 70289 294 56734
35913 290 72858 213 58833 121 54994 252 58636 32 56734
35913 290 72858 213 58833 121 54994 252 23093 32 56734
35913 290 72858 213 58833 121 54994 252 13196 32 56734
35913 290 72858 100 8120 369 37675 277 23111 252 56734
35913 290 72858 100 8120 369 37675 277 23111 32 56734
35913 290 72858 100 8120 369 37675 277 23111 369 56734
35913 290 72858 100 5838 8 35712 25 6415 32 56734
35913 290 72858 100 5838 8 35712 25 6415 358 56734
35913 290 72858 100 67791 398 59220 361 23546 104 56734
35913 290 72858 100 20271 8 61565 25 36681 32 56734
35913 290 72858 100 39122 8 52187 25 56196 32 56734
35913 290 72858 100 35186 315 3193 270 35861 104 56734
35913 290 72858 155 51363 147 17373 373 70892 277 50000 32 56734
35913 290 72858 155 51363 147 17373 373 70892 277 27346 32 56734
35913 290 72858 155 51363 147 17373 373 70892 151 20694 32 56734
35913 290 72858 155 51363 147 17373 373 70892 28 1212 32 56734
