42934 32 36301
42934 114 21109 155 36301
42934 369 56774 277 28426 294 36301
42934 369 56774 277 28426 358 36301
42934 369 56774 277 28426 252 36301
42934 369 56774 277 39820 32 36301
42934 369 56774 277 58579 32 36301
42934 369 56774 277 21756 32 36301
42934 369 56774 277 60138 252 36301
42934 369 56774 277 60138 294 36301
42934 369 56774 277 38303 294 36301
42934 114 21109 155 70420 75 25961 32 36301
42934 114 21109 155 60562 383 69092 294 36301
42934 114 21109 155 60562 383 71850 294 36301
42934 114 21109 155 60562 236 72636 383 36301
42934 114 21109 155 60562 236 72636 28 36301
42934 114 21109 155 60562 231 57047 383 36301
42934 114 21109 155 60562 297 61222 231 36301
42934 114 21109 155 60562 222 29063 202 36301
42934 114 21109 155 69099 321 24058 196 36301
42934 114 21109 155 17624 332 65861 31 36301
42934 114 21109 155 17624 369 73592 277 36301
42934 114 21109 155 60841 252 6067 151 36301
42934 369 56774 277 38303 72 58984 272 11688 310 36301
42934 369 56774 277 38303 72 58984 272 74381 310 36301
42934 369 56774 277 38303 72 58984 272 3577 310 36301
42934 114 21109 155 5838 332 29064 31 51183 294 36301
42934 114 21109 155 67410 75 38944 91 9767 32 36301
42934 369 56774 277 38303 72 58984 272 18261 114 27126 155 36301
