42964 32 38055
42964 369 73831 252 41248 32 38055
42964 369 73831 252 53369 32 38055
42964 369 73831 252 63307 32 38055
42964 369 73831 252 7276 32 38055
42964 369 73831 252 71684 358 38055
42964 369 73831 252 51653 32 38055
42964 369 73831 252 4174 32 38055
42964 369 73831 277 61208 32 38055
42964 369 73831 277 61208 358 38055
42964 369 73831 277 5792 32 38055
42964 369 73831 277 5792 358 38055
42964 369 73831 277 71383 358 38055
42964 369 73831 277 74526 32 38055
42964 369 73831 277 29524 294 38055
42964 369 73831 277 11183 32 38055
42964 369 73831 277 11232 32 38055
42964 369 73831 277 11232 358 38055
42964 369 73831 277 28401 358 38055
42964 369 73831 277 50577 32 38055
42964 369 73831 277 60708 32 38055
42964 369 73831 252 34931 75 21109 155 38055
42964 369 73831 252 34931 75 21109 32 38055
42964 369 73831 252 68322 369 33054 32 38055
42964 369 73831 252 3682 383 71850 294 38055
42964 369 73831 277 29427 310 1444 383 38055
42964 369 73831 151 41897 32 44240 358 38055
42964 369 73831 252 61059 369 19754 277 1236 151 38055
42964 369 73831 252 30855 32 61365 75 10037 32 38055
42964 369 73831 252 6067 369 22017 28 46479 358 38055
42964 369 73831 252 68322 369 33054 277 55075 32 38055
42964 369 73831 252 68322 369 33054 277 55075 358 38055
42964 369 73831 252 68322 369 33054 277 71931 358 38055
42964 369 73831 252 68322 369 33054 277 38099 32 38055
42964 369 73831 252 68322 369 33054 277 38099 151 38055
42964 369 73831 252 68322 369 33054 277 38099 358 38055
42964 369 73831 252 6067 151 32512 60 21435 252 10081 32 38055
