48546 32 47635
48546 32 14858 277 47635
48546 32 14858 28 47635
48546 32 14858 383 47635
48546 32 14858 151 47635
48546 75 41897 252 47635
48546 383 69092 294 47635
48546 32 47372 114 60924 155 47635
48546 32 47372 297 61222 231 47635
48546 32 12129 75 25961 32 47635
48546 32 12129 75 27067 32 47635
48546 32 12129 290 72858 100 47635
48546 32 12129 114 21109 155 47635
48546 32 14858 252 6067 151 47635
48546 32 14858 300 59812 211 47635
48546 32 14858 369 53811 277 47635
48546 94 9013 8 16686 25 47635
48546 32 14858 277 43916 259 20467 68 47635
48546 32 14858 300 59812 211 22748 172 47635
48546 32 14858 300 59812 110 25313 63 47635
48546 383 69092 75 3650 124 8056 217 47635
48546 383 69092 294 20794 114 13414 100 47635
48546 383 69092 294 67410 392 58063 63 47635
48546 32 14858 75 33054 277 66729 385 36806 254 47635
48546 32 14858 75 33054 277 66729 385 36806 217 47635
48546 32 14858 75 33054 277 66729 385 12473 254 47635
48546 32 14858 75 33054 277 66729 382 48475 6 47635
48546 32 14858 75 33054 277 66729 275 24713 63 47635
48546 32 14858 75 33054 277 25720 387 32516 41 47635
48546 32 14858 300 59812 110 64063 363 8384 41 47635
48546 32 14858 300 59812 110 25313 382 63065 217 47635
48546 32 14858 300 59812 110 67459 267 46807 254 47635
48546 32 14858 300 59812 110 67459 5 63648 254 47635
48546 32 14858 300 59812 110 67459 5 63648 141 47635
48546 75 41897 32 34298 131 13360 387 34295 41 47635
48546 32 14858 75 33054 277 27332 147 14472 382 43725 217 47635
48546 32 14858 75 33054 277 22834 224 62938 375 58514 141 47635
48546 32 14858 75 33054 277 66729 275 24713 256 52194 254 47635
48546 32 14858 75 57941 125 32325 129 67873 373 53967 34 47635
48546 32 14858 75 57941 125 32325 129 67873 373 53967 21 47635
48546 32 14858 300 59812 110 64063 363 8384 316 64681 254 47635
48546 383 69092 294 2851 125 69136 129 66696 192 18282 34 47635
48546 383 69092 294 2851 125 69136 129 66696 192 18282 21 47635
