50000 32 56734
50000 369 70892 277 23558 32 56734
50000 369 70892 277 70289 294 56734
50000 369 70892 277 58636 32 56734
50000 369 70892 277 27346 32 56734
50000 369 70892 277 56196 32 56734
50000 369 70892 277 45207 32 56734
50000 369 70892 277 23093 32 56734
50000 369 70892 277 24484 32 56734
50000 369 70892 277 13196 32 56734
50000 369 70892 151 20694 32 56734
50000 369 70892 28 1212 32 56734
50000 369 70892 356 51755 373 29427 32 56734
50000 369 70892 277 23558 151 54994 252 17524 252 56734
50000 369 70892 277 23558 151 54994 252 17524 32 56734
50000 369 70892 277 23558 151 54994 252 17524 369 56734
50000 369 70892 277 14531 369 44233 32 1444 383 56734
50000 369 70892 277 14283 114 53904 63 33761 32 56734
50000 369 70892 277 5841 301 30762 332 23453 31 56734
50000 369 70892 277 5841 294 14858 277 43916 252 56734
50000 369 70892 277 5841 294 14858 277 43916 32 56734
50000 369 70892 277 5841 294 14858 277 43916 369 56734
50000 369 70892 277 5841 294 14858 383 71850 294 56734
50000 369 70892 277 5841 294 14858 321 24058 196 56734
50000 369 70892 277 5841 294 14858 294 72636 383 56734
50000 369 70892 277 5841 294 14858 222 29063 202 56734
50000 369 70892 277 7641 310 4148 75 37970 358 56734
50000 369 70892 277 7641 310 4148 383 41125 32 56734
50000 369 70892 277 7641 72 60841 75 6385 32 56734
50000 369 70892 277 56196 8 52187 25 6415 32 56734
50000 369 70892 277 56196 8 52187 25 6415 358 56734
50000 369 70892 277 56196 8 52187 25 39122 310 56734
50000 369 70892 277 23093 72 43547 272 32022 252 56734
50000 369 70892 277 23093 72 43547 272 32022 294 56734
50000 369 70892 277 23093 72 43547 272 32022 369 56734
50000 369 70892 277 23093 72 43547 272 32022 358 56734
50000 369 70892 277 23093 369 37675 277 41108 294 56734
50000 369 70892 277 23093 369 37675 277 8120 252 56734
50000 369 70892 277 23093 369 37675 277 8120 32 56734
50000 369 70892 277 23093 369 37675 277 8120 369 56734
50000 369 70892 277 23093 369 37675 277 8120 358 56734
50000 369 70892 277 23093 369 37675 277 23111 252 56734
50000 369 70892 277 23093 369 37675 277 23111 32 56734
50000 369 70892 277 23093 369 37675 277 23111 369 56734
50000 369 70892 277 24484 252 31389 272 6811 32 56734
50000 369 70892 356 51755 373 27894 151 15973 32 56734
50000 369 70892 356 17373 373 48050 383 69574 32 56734
50000 369 70892 356 17373 373 19933 277 50753 32 56734
50000 369 70892 356 17373 164 67704 277 46818 32 56734
50000 369 70892 356 17373 164 69931 75 72968 32 56734
50000 369 70892 252 6067 32 15756 222 31537 202 56734
50000 369 70892 252 6067 32 15756 222 31537 104 56734
50000 369 70892 277 14531 369 33054 277 21109 155 15251 32 56734
50000 369 70892 277 14531 369 33054 277 21109 155 33360 32 56734
50000 369 70892 277 14531 369 33054 277 52898 65 37360 104 56734
50000 369 70892 277 5841 301 30762 290 72858 100 13327 32 56734
50000 369 70892 277 5841 301 30762 290 72858 100 20271 32 56734
50000 369 70892 277 5841 301 30762 290 72858 100 7272 32 56734
50000 369 70892 277 5841 301 30762 290 72858 100 35913 32 56734
50000 369 70892 277 5841 301 30762 290 72858 100 6783 32 56734
50000 369 70892 356 51755 373 16308 155 61102 75 60078 32 56734
50000 369 70892 356 17373 28 21458 32 14859 277 74397 32 56734
50000 369 70892 356 17373 332 1705 31 59220 361 23546 104 56734
50000 369 70892 277 14531 379 34828 88 33377 398 3193 270 35861 104 56734
50000 369 70892 277 24484 252 31389 75 64607 8 61565 25 36681 32 56734
