55075 32 38055
55075 358 38055
55075 369 33054 32 38055
55075 151 24578 252 50577 32 38055
55075 151 24578 151 21109 155 38055
55075 151 24578 151 21109 32 38055
55075 369 33054 277 1444 383 38055
55075 369 33054 277 71383 358 38055
55075 369 33054 277 29524 294 38055
55075 369 33054 277 71684 358 38055
55075 369 33054 277 71931 358 38055
55075 369 33054 277 38099 32 38055
55075 369 33054 277 38099 151 38055
55075 369 33054 277 38099 358 38055
55075 151 24578 252 9782 252 10037 32 38055
55075 151 24578 252 6526 147 71850 294 38055
55075 151 24578 151 21109 155 4174 32 38055
55075 369 33054 277 51781 28 46479 358 38055
55075 151 24578 252 52745 32 69092 294 44240 358 38055
55075 151 24578 252 50577 369 73831 252 41248 32 38055
55075 151 24578 252 50577 369 73831 252 53369 32 38055
55075 151 24578 252 50577 369 73831 252 63307 32 38055
55075 151 24578 252 50577 369 73831 252 7276 32 38055
55075 151 24578 252 50577 369 73831 252 51653 32 38055
55075 151 24578 252 50577 369 73831 277 42964 32 38055
55075 151 24578 252 50577 369 73831 277 61208 32 38055
55075 151 24578 252 50577 369 73831 277 61208 358 38055
55075 151 24578 252 50577 369 73831 277 5792 32 38055
55075 151 24578 252 50577 369 73831 277 5792 358 38055
55075 151 24578 252 50577 369 73831 277 74526 32 38055
55075 151 24578 252 50577 369 73831 277 11183 32 38055
55075 151 24578 252 50577 369 73831 277 11232 32 38055
55075 151 24578 252 50577 369 73831 277 11232 358 38055
55075 151 24578 252 50577 369 73831 277 28401 358 38055
55075 151 24578 252 50577 369 73831 277 60708 32 38055
55075 151 24578 151 31842 151 21435 252 10081 32 38055
55075 369 33054 32 29427 369 19754 277 1236 151 38055
