58344 32 31621
58344 290 72858 100 22854 369 31621
58344 290 72858 100 22854 358 31621
58344 290 72858 100 33323 294 31621
58344 290 72858 100 20679 252 31621
58344 290 72858 100 20679 32 31621
58344 290 72858 100 20679 369 31621
58344 290 72858 100 20679 358 31621
58344 290 72858 100 22859 72 31621
58344 290 72858 100 66409 294 31621
58344 290 72858 100 33333 32 31621
58344 290 72858 100 52101 32 31621
58344 290 72858 100 34718 32 31621
58344 290 72858 100 42392 32 31621
58344 290 72858 100 36853 252 31621
58344 290 72858 100 36853 72 31621
58344 290 72858 100 36853 369 31621
58344 290 72858 100 4323 32 31621
58344 290 72858 100 21573 32 31621
58344 290 72858 100 28877 32 31621
58344 290 72858 100 58806 32 31621
58344 290 72858 100 59845 72 31621
58344 290 72858 155 39260 383 69092 32 31621
58344 290 72858 155 39260 297 61222 231 31621
58344 290 72858 155 20177 321 24058 196 31621
58344 290 72858 155 705 222 29063 37 31621
58344 290 72858 155 705 222 29063 202 31621
58344 290 72858 155 69099 294 57047 297 31621
58344 290 72858 155 57305 383 71850 294 31621
58344 290 72858 155 31636 252 19933 161 31621
58344 290 72858 155 15756 339 23785 161 31621
58344 290 72858 155 15756 339 69954 161 31621
58344 290 72858 155 15756 339 69954 20 31621
58344 290 72858 155 50528 222 52667 202 31621
58344 290 72858 155 50528 358 72636 339 31621
58344 290 72858 155 19694 322 19407 159 31621
58344 290 72858 155 19694 322 33554 159 31621
58344 290 72858 155 19694 322 53540 159 31621
58344 290 72858 155 19694 322 21531 159 31621
58344 290 72858 155 19694 322 51480 159 31621
58344 290 72858 100 70420 72 58984 161 31621
58344 290 72858 100 70420 72 58984 20 31621
58344 290 72858 397 1274 123 15252 202 31621
58344 290 72858 155 63758 369 2218 277 57988 32 31621
58344 290 72858 155 63758 369 2218 277 63679 294 31621
58344 290 72858 155 63758 369 2218 277 25949 32 31621
58344 290 72858 155 63758 369 2218 277 39176 32 31621
58344 290 72858 155 63758 369 2218 277 52046 72 31621
58344 290 72858 155 57305 383 71850 142 22059 104 31621
58344 290 72858 155 31636 252 19933 383 2493 72 31621
58344 290 72858 155 31636 252 19933 75 23761 252 31621
58344 290 72858 155 31636 252 19933 75 23761 72 31621
58344 290 72858 155 31636 252 19933 75 23761 369 31621
58344 290 72858 155 72997 8 16686 25 65494 32 31621
58344 290 72858 155 72997 8 16686 25 63905 32 31621
58344 290 72858 155 25099 75 34480 240 11792 72 31621
58344 290 72858 100 69744 8 40963 25 11433 32 31621
58344 290 72858 100 36853 8 37285 25 32949 294 31621
58344 290 72858 100 70102 278 62223 385 58887 254 31621
58344 290 72858 155 39260 383 69092 142 28020 257 53902 104 31621
58344 290 72858 155 19847 26 15433 336 48286 357 10224 159 31621
58344 290 72858 100 67791 398 59220 373 5580 5 33357 202 31621
58344 290 72858 100 54856 278 9976 256 27959 254 75387 32 31621
