6774 32 23798
6774 369 23798
6774 142 46583 257 65618 270 69820 104 69092 294 23798
6774 142 46583 257 65618 117 52898 252 33054 277 23798
6774 142 46583 257 65618 104 10289 252 6067 32 23798
6774 142 46583 257 65618 104 10289 252 6067 151 23798
6774 142 46583 257 65618 104 10289 252 6067 358 23798
6774 142 46583 257 65618 270 69820 104 69092 75 40450 32 23798
6774 142 46583 257 65618 270 31306 104 6003 75 59705 369 23798
6774 142 46583 257 65618 270 31306 104 6003 75 59705 358 23798
6774 142 46583 257 65618 270 31306 104 6003 75 30914 294 23798
6774 142 46583 257 65618 270 31306 104 6003 75 30914 369 23798
6774 142 46583 257 65618 270 31306 104 6003 75 31243 252 23798
6774 142 46583 257 65618 270 31306 104 6003 75 31243 369 23798
6774 142 46583 257 65618 270 31306 104 6003 272 29887 252 23798
6774 142 46583 257 65618 270 31306 104 6003 272 29887 151 23798
6774 142 46583 257 65618 270 31306 104 6003 272 29887 358 23798
6774 142 46583 257 65618 270 47100 202 60841 75 21109 155 23798
6774 142 46583 257 65618 270 47100 104 12051 383 48288 252 23798
6774 142 46583 257 65618 270 47100 104 12051 383 48288 32 23798
6774 142 46583 257 65618 270 47100 104 12051 383 48288 369 23798
6774 142 46583 257 65618 270 20541 104 67410 114 33504 155 23798
6774 142 46583 257 65618 270 30244 104 59204 75 59390 32 23798
6774 142 46583 257 65618 270 30244 104 59204 75 59390 369 23798
6774 142 46583 257 65618 270 12674 202 19933 64 35279 32 23798
6774 142 46583 257 65618 270 12674 202 19933 64 35279 369 23798
6774 142 46583 257 65618 270 12674 202 19933 64 35279 358 23798
6774 142 46583 257 65618 379 1483 88 38128 15 322 252 23798
6774 142 46583 257 65618 379 1483 88 38128 15 322 32 23798
6774 142 46583 257 65618 379 1483 88 38128 15 322 369 23798
6774 142 46583 257 65618 117 52898 252 33054 277 32752 32 23798
6774 142 46583 257 65618 117 52898 252 33054 277 5303 358 23798
6774 142 46583 257 65618 104 10289 151 41897 252 20394 252 23798
6774 142 46583 257 65618 104 10289 151 41897 252 20394 32 23798
6774 142 46583 257 65618 104 10289 151 41897 252 20394 369 23798
6774 142 46583 257 65618 104 61222 231 14858 75 67226 32 23798
6774 142 46583 257 65618 104 61222 231 14858 75 67226 369 23798
6774 142 46583 257 65618 104 15756 114 72858 155 28575 358 23798
6774 142 46583 257 65618 104 15756 383 22668 91 22156 151 23798
6774 142 46583 257 65618 104 15756 383 22668 91 22156 358 23798
6774 142 46583 257 65618 104 15756 75 27067 32 12421 369 23798
6774 142 46583 257 65618 104 15756 75 27067 32 21798 358 23798
6774 142 46583 257 65618 104 15756 75 27067 32 4174 32 23798
6774 142 46583 257 65618 270 69820 332 29064 31 15053 96 24916 369 23798
6774 142 46583 257 65618 270 69820 332 29052 31 9025 277 11067 358 23798
6774 142 46583 257 65618 270 12323 104 72636 322 20467 68 5189 369 23798
6774 142 46583 257 65618 117 52898 252 33054 277 34485 277 13888 32 23798
6774 142 46583 257 65618 292 25928 303 29427 369 73831 252 28322 32 23798
6774 142 46583 257 65618 104 61222 231 51420 272 60277 298 61230 32 23798
6774 142 46583 257 65618 104 61222 231 51420 272 60277 298 61230 358 23798
