8156 32 14858
8156 369 73592 358 14858
8156 383 69092 294 14858
8156 75 33054 32 14858
8156 369 73592 277 51363 294 14858
8156 369 73592 277 51363 369 14858
8156 369 73592 277 51363 358 14858
8156 369 73592 277 51363 252 14858
8156 369 73592 277 50376 32 14858
8156 369 73592 358 72636 383 14858
8156 369 73592 358 72636 28 14858
8156 369 73592 358 24058 196 14858
8156 114 72858 155 39260 294 14858
8156 114 72858 155 38318 294 14858
8156 114 72858 155 38318 369 14858
8156 114 72858 155 38318 252 14858
8156 114 72858 155 1180 369 14858
8156 114 72858 100 30762 310 14858
8156 114 72858 100 30762 294 14858
8156 114 72858 100 47635 252 14858
8156 114 72858 100 47635 294 14858
8156 114 72858 100 47635 369 14858
8156 114 72858 100 47635 358 14858
8156 114 72858 100 13075 310 14858
8156 114 72858 100 57241 369 14858
8156 114 72858 100 26402 32 14858
8156 114 72858 100 51925 32 14858
8156 114 72858 100 57941 32 14858
8156 114 72858 100 7481 32 14858
8156 114 72858 100 43916 369 14858
8156 383 69092 75 25961 32 14858
8156 383 69092 114 2313 369 14858
8156 383 69092 294 48546 32 14858
8156 383 69092 294 43038 32 14858
8156 383 69092 294 43038 369 14858
8156 383 69092 294 43038 358 14858
8156 383 69092 294 61222 231 14858
8156 383 69092 294 39532 294 14858
8156 383 69092 151 10045 369 14858
8156 383 69092 151 68336 369 14858
8156 383 69092 151 68337 369 14858
8156 383 69092 151 32706 369 14858
8156 383 69092 151 43192 369 14858
8156 383 69092 151 68334 369 14858
8156 383 69092 151 49088 369 14858
8156 383 69092 277 21752 252 14858
8156 383 69092 277 21752 294 14858
8156 383 69092 277 21752 369 14858
8156 383 69092 277 21752 358 14858
8156 383 69092 277 45546 252 14858
8156 383 69092 277 45546 32 14858
8156 383 69092 277 45546 369 14858
8156 383 69092 277 45546 358 14858
8156 383 69092 277 22715 252 14858
8156 383 69092 277 22715 310 14858
8156 383 69092 277 22715 369 14858
8156 383 69092 277 40407 31 14858
8156 383 69092 277 71984 369 14858
8156 383 69092 277 29052 31 14858
8156 383 69092 277 29061 369 14858
8156 75 33054 277 29549 358 14858
8156 75 33054 277 43452 32 14858
8156 75 33054 277 43452 358 14858
8156 75 33054 277 43452 252 14858
8156 75 33054 277 30480 358 14858
8156 75 33054 277 20556 32 14858
8156 75 33054 277 20556 369 14858
8156 75 33054 277 20556 358 14858
8156 75 33054 277 20556 252 14858
8156 75 33054 277 21109 155 14858
8156 75 33054 277 54871 252 14858
8156 75 33054 277 54871 294 14858
8156 75 33054 277 54871 369 14858
8156 75 33054 277 36335 202 14858
8156 75 33054 252 65861 31 14858
8156 75 33054 252 65856 369 14858
8156 75 33054 252 65857 369 14858
8156 75 33054 151 62434 211 14858
8156 369 73592 277 44399 151 53811 277 14858
8156 369 73592 277 51574 300 59812 211 14858
8156 369 73592 277 51574 252 6067 151 14858
8156 369 73592 277 17624 222 29063 202 14858
8156 369 73592 277 51363 147 17373 373 14858
8156 369 73592 277 51363 147 17373 105 14858
8156 369 73592 277 53751 277 24605 32 14858
8156 369 73592 277 53751 151 41897 252 14858
8156 369 73592 277 58804 332 68803 31 14858
8156 369 73592 277 36301 383 71850 294 14858
8156 369 73592 277 4445 114 24640 155 14858
8156 369 73592 277 19766 249 65931 15 14858
8156 369 73592 277 73831 252 15993 252 14858
8156 369 73592 277 73831 252 15993 32 14858
8156 369 73592 277 73831 252 15993 369 14858
8156 369 73592 277 73831 252 15993 358 14858
8156 369 73592 277 5319 256 57846 254 14858
8156 369 73592 277 5319 256 24621 254 14858
8156 369 73592 358 50528 75 71009 6 14858
8156 369 73592 358 72636 297 2168 392 14858
8156 114 72858 100 61235 278 49212 155 14858
8156 114 72858 100 30762 146 5841 294 14858
8156 114 72858 397 22368 240 37729 252 14858
8156 114 72858 397 22368 240 37729 294 14858
8156 114 72858 397 22368 240 37729 369 14858
8156 114 72858 397 22368 240 37729 358 14858
8156 383 69092 75 38944 315 52109 32 14858
8156 383 69092 75 38944 315 52109 151 14858
8156 383 69092 75 24854 332 50162 369 14858
8156 383 69092 75 25961 32 9565 32 14858
8156 383 69092 294 23798 75 67226 32 14858
8156 383 69092 294 13525 227 27503 310 14858
8156 383 69092 294 40417 75 69873 32 14858
8156 383 69092 294 27894 75 28517 32 14858
8156 383 69092 294 27894 75 28517 369 14858
8156 383 69092 294 42634 75 20466 32 14858
8156 383 69092 294 59204 277 40729 310 14858
8156 383 69092 294 9013 298 9053 32 14858
8156 383 69092 151 10045 31 9313 32 14858
8156 383 69092 151 1705 31 55620 32 14858
8156 383 69092 151 1705 31 55620 369 14858
8156 383 69092 151 1705 31 55620 252 14858
8156 383 69092 277 4148 383 64247 32 14858
8156 383 69092 277 38619 385 7885 141 14858
8156 383 69092 277 38619 385 7885 254 14858
8156 383 69092 277 38619 385 39116 254 14858
8156 383 69092 277 38619 385 39116 217 14858
8156 383 69092 277 38619 277 5354 32 14858
8156 383 69092 277 29064 31 41065 294 14858
8156 383 69092 277 29064 31 41065 369 14858
8156 383 69092 252 60841 256 53156 254 14858
8156 383 69092 252 60841 256 53156 217 14858
8156 75 33054 277 39113 277 10475 32 14858
8156 75 33054 277 39113 277 10475 369 14858
8156 75 33054 277 21109 155 49800 294 14858
8156 75 33054 277 21109 155 49800 369 14858
8156 75 33054 277 21109 155 49800 358 14858
8156 75 33054 277 21109 155 49800 252 14858
8156 75 33054 252 65857 31 57736 32 14858
8156 75 33054 252 65857 31 57736 369 14858
8156 75 33054 252 65857 31 57736 252 14858
8156 369 73592 277 43908 32 9132 272 1909 32 14858
8156 369 73592 277 43908 32 9132 272 1909 369 14858
8156 369 73592 277 43908 75 27067 32 13691 294 14858
8156 369 73592 277 43908 75 27067 32 13691 151 14858
8156 369 73592 277 43908 75 27067 32 13691 252 14858
8156 369 73592 277 51363 222 32648 22 47926 252 14858
8156 369 73592 277 51363 222 32648 22 47926 294 14858
8156 369 73592 277 51363 222 32648 22 47926 369 14858
8156 369 73592 277 51363 222 32648 22 47926 358 14858
8156 369 73592 277 51363 222 32648 252 75242 294 14858
8156 369 73592 277 51363 222 32648 252 75242 369 14858
8156 369 73592 277 51363 222 32648 252 75242 252 14858
8156 369 73592 277 53751 255 5301 305 13247 252 14858
8156 369 73592 277 53751 255 5301 305 13247 294 14858
8156 369 73592 277 53751 255 5301 305 13247 369 14858
8156 369 73592 277 53751 255 5301 305 13247 358 14858
8156 369 73592 358 29427 32 61102 75 61497 32 14858
8156 369 73592 358 50528 75 33590 256 9251 254 14858
8156 369 73592 358 50528 75 33590 256 9251 217 14858
8156 369 73592 358 72636 339 482 272 46579 32 14858
8156 369 73592 358 72636 339 482 272 46579 358 14858
8156 369 73592 358 72636 339 482 272 51662 32 14858
8156 369 73592 358 72636 339 482 272 51662 369 14858
8156 369 73592 358 72636 339 482 272 62597 294 14858
8156 369 73592 358 72636 339 482 272 14611 32 14858
8156 369 73592 358 72636 339 482 272 14611 369 14858
8156 369 73592 358 72636 339 482 272 14845 32 14858
8156 369 73592 358 72636 339 482 272 14845 369 14858
8156 369 73592 358 72636 339 482 272 45608 369 14858
8156 369 73592 358 72636 339 482 75 6109 369 14858
8156 369 73592 358 72636 339 482 142 27597 202 14858
8156 369 73592 358 72636 339 482 142 27597 130 14858
8156 369 73592 358 72636 339 40933 272 11102 252 14858
8156 369 73592 358 72636 339 40933 272 11102 294 14858
8156 369 73592 358 72636 339 40933 272 11102 369 14858
8156 369 73592 358 72636 339 40933 272 11102 358 14858
8156 114 72858 155 20177 8 71989 25 50693 32 14858
8156 114 72858 155 49345 8 32907 25 19513 252 14858
8156 114 72858 155 49345 8 32907 25 19513 32 14858
8156 114 72858 155 49345 8 32907 25 19513 369 14858
8156 114 72858 155 49345 8 32907 25 19513 358 14858
8156 114 72858 155 28575 377 10911 238 68918 32 14858
8156 114 72858 155 28575 377 10911 238 14 32 14858
8156 114 72858 100 30762 126 6137 385 18201 141 14858
8156 114 72858 100 57241 8 6498 25 18707 252 14858
8156 114 72858 100 57241 8 6498 25 18707 294 14858
8156 114 72858 100 57241 8 6498 25 18707 369 14858
8156 114 72858 100 57241 8 6498 25 18707 358 14858
8156 75 33054 277 14531 369 70892 28 35274 294 14858
8156 75 33054 277 14531 369 70892 28 35274 252 14858
8156 369 73592 358 72636 322 20467 255 68455 102 63654 32 14858
8156 369 73592 358 72636 322 20467 255 68455 102 63654 369 14858
8156 383 69092 294 59204 75 55056 8 32925 25 47912 32 14858
8156 369 73592 277 51363 222 32648 22 39211 298 15344 301 60643 369 14858
