9441 32 69092
9441 369 33054 277 71316 383 69092
9441 369 33054 277 49298 383 69092
9441 369 33054 277 59774 383 69092
9441 369 33054 277 25645 383 69092
9441 369 33054 277 4658 383 69092
9441 369 33054 277 11637 383 69092
9441 369 33054 277 18845 383 69092
9441 369 33054 277 30490 383 69092
9441 369 33054 277 31481 383 69092
9441 369 33054 277 45515 383 69092
9441 369 33054 277 58490 383 69092
9441 369 33054 277 37500 383 69092
9441 369 33054 277 25655 383 69092
9441 369 33054 277 17486 383 69092
9441 369 33054 277 2313 155 69092
9441 369 33054 277 11436 155 69092
9441 369 33054 277 11436 32 69092
9441 369 33054 277 24478 383 69092
9441 369 33054 277 51510 383 69092
9441 369 33054 277 31776 383 69092
9441 369 33054 277 68788 383 69092
9441 369 33054 277 71680 32 69092
9441 369 33054 277 71680 383 69092
9441 369 33054 277 23798 383 69092
9441 369 33054 277 48319 383 69092
9441 369 33054 277 38824 383 69092
9441 369 33054 277 12248 383 69092
9441 369 33054 277 35574 383 69092
9441 369 33054 277 1499 383 69092
9441 369 33054 277 7419 383 69092
9441 369 33054 277 3027 32 69092
9441 369 33054 277 1214 383 69092
9441 369 33054 277 14614 155 69092
9441 369 33054 277 14614 32 69092
9441 369 33054 277 40983 383 69092
9441 369 33054 277 55966 383 69092
9441 369 33054 277 47781 383 69092
9441 369 33054 277 18151 32 69092
9441 369 33054 277 9110 383 69092
9441 369 33054 277 60088 383 69092
9441 369 33054 277 60919 383 69092
9441 369 33054 277 73848 383 69092
9441 369 33054 277 62728 383 69092
9441 369 33054 277 40466 383 69092
9441 369 33054 277 60742 383 69092
9441 369 33054 277 46970 383 69092
9441 369 33054 277 993 383 69092
9441 369 33054 277 46720 383 69092
9441 369 33054 277 12115 383 69092
9441 369 33054 277 65697 383 69092
9441 369 33054 277 42726 383 69092
9441 369 33054 277 74973 383 69092
9441 369 33054 277 14032 383 69092
9441 369 33054 277 30416 383 69092
9441 369 33054 277 69841 383 69092
9441 369 33054 277 22140 383 69092
9441 369 33054 277 28720 383 69092
9441 369 33054 277 43038 383 69092
9441 369 33054 277 53842 383 69092
9441 369 33054 277 71469 383 69092
9441 369 33054 277 1444 383 69092
9441 369 33054 277 69208 383 69092
9441 369 33054 277 16260 383 69092
9441 369 33054 277 16913 32 69092
9441 369 33054 277 70027 32 69092
9441 369 33054 277 19581 383 69092
9441 369 33054 277 45366 383 69092
9441 369 33054 277 25575 32 69092
9441 369 33054 277 62675 383 69092
9441 369 33054 277 2527 383 69092
9441 369 33054 277 38865 155 69092
9441 369 33054 277 38865 32 69092
9441 369 33054 277 44610 383 69092
9441 369 33054 277 48048 32 69092
9441 369 33054 277 34680 383 69092
9441 369 33054 277 63526 383 69092
9441 369 33054 277 16834 383 69092
9441 369 33054 277 8454 383 69092
9441 369 33054 277 69956 383 69092
9441 369 33054 277 50298 383 69092
9441 369 33054 277 7236 155 69092
9441 369 33054 277 72445 383 69092
9441 369 33054 277 27613 383 69092
9441 369 33054 277 55509 383 69092
9441 369 33054 277 70150 155 69092
9441 369 33054 277 53499 383 69092
9441 369 33054 277 47773 383 69092
9441 369 33054 277 23732 383 69092
9441 369 33054 277 33481 383 69092
9441 369 33054 277 45597 383 69092
9441 369 33054 277 29174 32 69092
9441 369 33054 277 7714 383 69092
9441 369 33054 277 63695 383 69092
9441 369 33054 277 69624 383 69092
9441 369 33054 277 69624 32 69092
9441 369 33054 277 10481 155 69092
9441 369 33054 277 10481 32 69092
9441 369 33054 277 14729 383 69092
9441 369 33054 277 5591 383 69092
9441 369 33054 277 24013 383 69092
9441 369 33054 277 20226 383 69092
9441 369 33054 277 3484 383 69092
9441 369 33054 277 66345 383 69092
9441 369 33054 277 27465 383 69092
9441 369 33054 277 12880 383 69092
9441 369 33054 277 71197 383 69092
9441 369 33054 277 16547 383 69092
9441 369 33054 277 25629 383 69092
9441 369 33054 277 58269 32 69092
9441 369 33054 277 10190 383 69092
9441 369 33054 277 68238 383 69092
9441 369 33054 277 14630 383 69092
9441 369 33054 277 12419 383 69092
9441 369 33054 277 6016 383 69092
9441 369 33054 277 8666 383 69092
9441 369 33054 277 55510 383 69092
9441 369 33054 277 65970 383 69092
9441 369 33054 277 25921 383 69092
9441 369 33054 277 55951 383 69092
9441 369 33054 277 52309 383 69092
9441 369 33054 277 45391 383 69092
9441 369 33054 277 16966 383 69092
9441 369 33054 277 33576 383 69092
9441 369 33054 277 48923 383 69092
9441 369 33054 277 42051 383 69092
9441 369 33054 277 57341 383 69092
9441 369 33054 277 39173 383 69092
9441 369 33054 277 53598 383 69092
9441 369 33054 277 41990 383 69092
9441 369 33054 277 54285 383 69092
9441 369 33054 277 65513 383 69092
9441 369 33054 277 47886 383 69092
9441 369 33054 277 70625 383 69092
9441 369 33054 277 70909 32 69092
9441 369 33054 277 53437 383 69092
9441 369 33054 277 24014 383 69092
9441 369 33054 277 7556 383 69092
9441 369 33054 277 12003 383 69092
9441 369 33054 277 66076 383 69092
9441 369 33054 277 19084 383 69092
9441 369 33054 277 8765 383 69092
9441 369 33054 277 30234 383 69092
9441 369 33054 277 47063 383 69092
9441 369 33054 277 48069 383 69092
9441 369 33054 277 68288 383 69092
9441 369 33054 277 61301 32 69092
9441 369 33054 277 71863 32 69092
9441 369 33054 277 36156 383 69092
9441 369 33054 277 28518 32 69092
9441 369 33054 277 52745 32 69092
9441 369 33054 277 5986 383 69092
9441 369 33054 277 35363 383 69092
9441 369 33054 277 33232 383 69092
9441 369 33054 277 21687 383 69092
9441 369 33054 277 1727 383 69092
9441 369 33054 277 59317 383 69092
9441 369 33054 277 64947 383 69092
9441 369 33054 277 7304 383 69092
9441 369 33054 277 13054 383 69092
9441 369 33054 277 18592 383 69092
9441 369 33054 277 64335 383 69092
9441 369 33054 277 59433 383 69092
9441 369 33054 277 46106 383 69092
9441 369 33054 277 32298 383 69092
9441 369 33054 277 11932 383 69092
9441 369 33054 277 29539 32 69092
9441 369 33054 277 12040 383 69092
9441 369 33054 277 21282 383 69092
9441 369 33054 277 5565 383 69092
9441 369 33054 277 36356 383 69092
9441 369 33054 277 35145 383 69092
9441 369 33054 277 44310 383 69092
9441 369 33054 277 6589 383 69092
9441 369 33054 277 25316 383 69092
9441 369 33054 277 40905 383 69092
9441 369 33054 277 60622 383 69092
9441 369 33054 277 73570 383 69092
9441 369 33054 277 31931 383 69092
9441 369 33054 277 3359 383 69092
9441 369 33054 277 40846 383 69092
9441 369 33054 277 73559 383 69092
9441 369 33054 277 40104 383 69092
9441 369 33054 277 14579 383 69092
9441 369 33054 277 14579 294 69092
9441 369 33054 277 10430 383 69092
9441 369 33054 277 55385 383 69092
9441 369 33054 277 31723 383 69092
9441 369 33054 277 64986 383 69092
9441 369 33054 277 11398 383 69092
9441 369 33054 277 6346 383 69092
9441 369 33054 277 1945 383 69092
9441 369 33054 277 75174 383 69092
9441 369 33054 277 9368 383 69092
9441 369 33054 277 43168 383 69092
9441 369 33054 277 74609 383 69092
9441 369 33054 277 64904 383 69092
9441 369 33054 277 40136 383 69092
9441 369 33054 277 48488 383 69092
9441 369 33054 277 70554 383 69092
9441 369 33054 277 68142 383 69092
9441 369 33054 277 60898 383 69092
9441 369 33054 277 71764 383 69092
9441 369 33054 277 23855 383 69092
9441 369 33054 277 11027 383 69092
9441 369 33054 277 10552 383 69092
9441 369 33054 277 45946 32 69092
9441 369 33054 277 14640 383 69092
9441 369 33054 277 33187 383 69092
9441 369 33054 277 1771 383 69092
9441 369 33054 277 51105 383 69092
9441 369 33054 277 33164 383 69092
9441 369 33054 277 24720 383 69092
9441 369 33054 277 60841 151 69092
9441 369 33054 277 42581 383 69092
9441 369 33054 277 31762 383 69092
9441 369 33054 277 47971 383 69092
9441 369 33054 277 11699 383 69092
9441 369 33054 277 40298 383 69092
9441 369 33054 277 40298 151 69092
9441 369 33054 277 11708 32 69092
9441 369 33054 277 12956 383 69092
9441 369 33054 277 41869 32 69092
9441 369 33054 277 23740 32 69092
9441 369 33054 277 46030 32 69092
9441 369 33054 277 22252 32 69092
9441 369 33054 277 18660 277 69092
9441 369 33054 277 32929 32 69092
9441 369 33054 277 20174 252 69092
9441 369 33054 277 20174 151 69092
9441 369 33054 277 6431 383 69092
9441 369 33054 277 6431 151 69092
9441 369 33054 277 68088 277 69092
9441 369 33054 277 68088 155 69092
9441 369 33054 277 68088 32 69092
9441 369 33054 277 63142 383 69092
9441 369 33054 277 22504 383 69092
9441 369 33054 277 66942 383 69092
9441 369 33054 277 45700 383 69092
9441 369 33054 277 55404 151 69092
9441 369 33054 277 32201 155 69092
9441 369 33054 277 32201 32 69092
9441 369 33054 277 61302 383 69092
9441 369 33054 277 9813 155 69092
9441 369 33054 277 9813 32 69092
9441 369 33054 277 24341 155 69092
9441 369 33054 277 24341 32 69092
9441 369 33054 277 41003 155 69092
9441 369 33054 277 41003 32 69092
9441 369 33054 277 37371 32 69092
9441 369 33054 277 27946 383 69092
9441 369 33054 277 21106 383 69092
9441 369 33054 277 72624 383 69092
9441 369 33054 277 21890 383 69092
9441 369 33054 277 13031 383 69092
9441 369 33054 277 33701 155 69092
9441 369 33054 277 33701 32 69092
9441 369 33054 277 48778 383 69092
9441 369 33054 277 19327 383 69092
9441 369 33054 277 36224 383 69092
9441 369 33054 277 49272 383 69092
9441 369 33054 277 60035 383 69092
9441 369 33054 277 31040 32 69092
9441 369 33054 252 41350 383 69092
9441 369 33054 252 33251 383 69092
9441 369 33054 252 47094 383 69092
9441 369 33054 252 5256 383 69092
9441 369 33054 252 52207 32 69092
9441 369 33054 252 19515 32 69092
9441 369 33054 252 17726 383 69092
9441 369 33054 252 17726 294 69092
9441 369 33054 252 37646 383 69092
9441 369 33054 252 74819 32 69092
9441 369 33054 252 3594 155 69092
9441 369 33054 252 3594 32 69092
9441 369 33054 252 57918 32 69092
9441 369 33054 252 66706 383 69092
9441 369 33054 252 27835 383 69092
9441 369 33054 252 16370 32 69092
9441 369 33054 252 29673 383 69092
9441 369 33054 252 22017 32 69092
9441 369 33054 252 42194 155 69092
9441 369 33054 252 42194 32 69092
9441 369 33054 252 14906 383 69092
9441 369 33054 252 37253 32 69092
9441 369 33054 252 62920 383 69092
9441 369 33054 252 34525 155 69092
9441 369 33054 252 34525 32 69092
9441 369 33054 252 25961 32 69092
9441 369 33054 252 8285 383 69092
9441 369 33054 252 7687 383 69092
9441 369 33054 252 11528 383 69092
9441 369 33054 252 6943 32 69092
9441 369 33054 252 20596 32 69092
9441 369 33054 252 11956 32 69092
9441 369 33054 252 34894 32 69092
9441 369 33054 252 57256 383 69092
9441 369 33054 252 66324 32 69092
9441 369 33054 252 52838 383 69092
9441 369 33054 252 3248 383 69092
9441 369 33054 332 29052 369 69092
9441 369 33054 32 28806 383 69092
9441 369 33054 32 36540 383 69092
9441 369 33054 32 32512 383 69092
9441 369 33054 32 5115 383 69092
9441 369 33054 32 2532 383 69092
9441 369 33054 32 24057 383 69092
9441 369 33054 32 488 383 69092
9441 369 33054 32 58239 383 69092
9441 369 33054 32 43157 383 69092
9441 369 33054 32 3592 383 69092
9441 369 33054 32 10289 383 69092
9441 369 33054 32 70186 383 69092
9441 369 33054 32 49232 383 69092
9441 369 33054 32 72838 383 69092
9441 369 33054 32 70550 383 69092
9441 369 33054 32 42166 383 69092
9441 369 33054 32 73168 383 69092
9441 369 33054 32 50078 383 69092
9441 369 33054 32 23002 383 69092
9441 369 33054 32 19681 383 69092
9441 369 33054 32 25480 383 69092
9441 369 33054 32 62962 383 69092
9441 369 33054 32 4445 383 69092
9441 369 33054 32 70727 32 69092
9441 369 33054 32 48225 383 69092
9441 369 33054 32 34765 383 69092
9441 369 33054 32 34809 383 69092
9441 369 33054 32 1017 383 69092
9441 369 33054 32 11107 383 69092
9441 369 33054 32 3291 383 69092
9441 369 33054 32 1162 383 69092
9441 369 33054 32 31377 383 69092
9441 369 33054 32 8870 383 69092
9441 369 33054 32 65545 383 69092
9441 369 33054 32 65545 155 69092
9441 369 33054 32 50305 383 69092
9441 369 33054 32 25075 383 69092
9441 369 33054 32 68471 383 69092
9441 369 33054 32 8156 383 69092
9441 369 33054 32 731 383 69092
9441 369 33054 32 72854 383 69092
9441 369 33054 32 28572 383 69092
9441 369 33054 32 10512 383 69092
9441 369 33054 32 61500 383 69092
9441 369 33054 32 28747 383 69092
9441 369 33054 32 54811 383 69092
9441 369 33054 32 66552 383 69092
9441 369 33054 32 65174 383 69092
9441 369 33054 32 71354 383 69092
9441 369 33054 32 10102 383 69092
9441 369 33054 32 35180 383 69092
9441 369 33054 32 28376 383 69092
9441 369 33054 32 47062 383 69092
9441 369 33054 32 23607 383 69092
9441 369 33054 32 75205 383 69092
9441 369 33054 32 61076 383 69092
9441 369 33054 32 10333 383 69092
9441 369 33054 32 10333 252 69092
9441 369 33054 32 10333 369 69092
9441 369 33054 32 64939 383 69092
9441 369 33054 32 60885 383 69092
9441 369 33054 32 72233 383 69092
9441 369 33054 32 56476 383 69092
9441 369 33054 32 24701 383 69092
9441 369 33054 32 34324 383 69092
9441 369 33054 32 24723 383 69092
9441 369 33054 32 48898 383 69092
9441 369 33054 32 62925 383 69092
9441 369 33054 32 50528 383 69092
9441 369 33054 32 68695 383 69092
9441 369 33054 32 53151 383 69092
9441 369 33054 32 58604 383 69092
9441 369 33054 32 44658 383 69092
9441 369 33054 32 28306 383 69092
9441 369 33054 32 68791 383 69092
9441 369 33054 32 17084 383 69092
9441 369 33054 32 34427 383 69092
9441 369 33054 32 12284 383 69092
9441 369 33054 32 63499 383 69092
9441 369 33054 32 47306 383 69092
9441 369 33054 32 14858 383 69092
9441 369 33054 32 23636 383 69092
9441 369 33054 32 52301 155 69092
9441 369 33054 32 52301 32 69092
9441 369 33054 32 58806 383 69092
9441 369 33054 32 558 383 69092
9441 369 33054 32 66434 383 69092
9441 369 33054 32 16256 383 69092
9441 369 33054 32 38944 155 69092
9441 369 33054 32 38944 32 69092
9441 369 33054 32 7747 383 69092
9441 369 33054 32 37001 383 69092
9441 369 33054 32 3680 383 69092
9441 369 33054 32 9241 383 69092
9441 369 33054 32 32357 383 69092
9441 369 33054 32 47884 383 69092
9441 369 33054 32 11565 383 69092
9441 369 33054 32 55158 383 69092
9441 369 33054 32 26627 383 69092
9441 369 33054 32 73096 383 69092
9441 369 33054 32 72855 383 69092
9441 369 33054 32 50391 155 69092
9441 369 33054 32 50391 32 69092
9441 369 33054 32 52683 383 69092
9441 369 33054 32 9122 383 69092
9441 369 33054 32 22574 383 69092
9441 369 33054 32 23045 383 69092
9441 369 33054 32 73556 383 69092
9441 369 33054 32 1901 383 69092
9441 369 33054 32 72740 383 69092
9441 369 33054 32 41972 383 69092
9441 369 33054 32 66047 383 69092
9441 369 33054 32 48053 383 69092
9441 369 33054 32 19796 383 69092
9441 369 33054 32 9823 383 69092
9441 369 33054 32 17020 383 69092
9441 369 33054 32 10338 383 69092
9441 369 33054 32 6541 383 69092
9441 369 33054 32 26612 383 69092
9441 369 33054 32 52920 383 69092
9441 369 33054 32 47795 383 69092
9441 369 33054 32 37673 383 69092
9441 369 33054 32 2215 383 69092
9441 369 33054 32 45409 383 69092
9441 369 33054 32 36233 383 69092
9441 369 33054 32 9252 383 69092
9441 369 33054 32 29427 383 69092
9441 369 33054 32 7377 383 69092
9441 369 33054 32 50290 383 69092
9441 369 33054 32 40450 155 69092
9441 369 33054 32 40450 32 69092
9441 369 33054 151 33939 383 69092
9441 369 33054 151 32819 383 69092
9441 369 33054 151 1711 383 69092
9441 369 33054 151 58308 383 69092
9441 369 33054 151 31059 155 69092
9441 369 33054 151 31059 32 69092
9441 369 33054 369 27162 32 69092
9441 369 33054 369 40409 32 69092
9441 369 33054 358 4394 155 69092
9441 369 33054 358 24854 32 69092
9441 369 33054 358 44612 383 69092
9441 28 73592 277 43908 383 69092
9441 28 73592 277 65235 383 69092
9441 28 73592 277 55989 383 69092
9441 28 73592 277 53751 155 69092
9441 28 73592 277 53751 32 69092
9441 28 73592 277 65157 383 69092
9441 28 73592 277 36301 383 69092
9441 28 73592 277 20794 383 69092
9441 28 73592 277 38911 383 69092
9441 28 73592 277 21330 383 69092
9441 28 73592 277 16003 383 69092
9441 28 73592 277 40049 383 69092
9441 28 73592 277 43961 383 69092
9441 28 73592 277 33361 294 69092
9441 28 73592 277 45084 252 69092
9441 28 73592 358 59413 383 69092
9441 28 73592 358 59413 369 69092
9441 28 73592 358 9561 155 69092
9441 28 73592 358 75101 383 69092
9441 28 73592 358 75101 252 69092
9441 28 73592 358 75101 155 69092
9441 28 73592 358 75101 32 69092
9441 28 73592 358 75101 369 69092
9441 28 73592 358 72636 383 69092
9441 28 73592 358 72636 252 69092
9441 28 73592 358 72636 369 69092
9441 28 73592 358 17630 383 69092
9441 28 73592 358 17630 252 69092
9441 28 73592 358 17630 369 69092
9441 28 73592 358 24058 383 69092
9441 28 73592 358 24058 277 69092
9441 28 73592 358 24058 369 69092
9441 28 73592 358 42302 383 69092
9441 28 73592 358 42302 369 69092
9441 28 73592 358 41173 383 69092
9441 28 73592 358 41173 369 69092
9441 369 33054 277 34575 332 65855 369 69092
9441 369 33054 277 34575 332 65853 369 69092
9441 369 33054 277 34575 332 23453 369 69092
9441 369 33054 277 34575 332 29065 369 69092
9441 369 33054 277 86 332 29064 369 69092
9441 369 33054 277 28650 6 72079 383 69092
9441 369 33054 277 46683 332 68334 252 69092
9441 369 33054 277 46683 332 68334 369 69092
9441 369 33054 277 68356 332 10045 252 69092
9441 369 33054 277 68356 332 10045 369 69092
9441 369 33054 277 68356 332 74810 252 69092
9441 369 33054 277 68356 332 74810 369 69092
9441 369 33054 277 24403 332 29061 369 69092
9441 369 33054 277 73627 332 1705 252 69092
9441 369 33054 277 73627 332 1705 369 69092
9441 369 33054 277 73627 332 1707 252 69092
9441 369 33054 277 73627 332 1707 369 69092
9441 369 33054 277 73627 332 32380 252 69092
9441 369 33054 277 73627 332 32380 369 69092
9441 369 33054 277 73627 332 68336 252 69092
9441 369 33054 277 73627 332 68336 369 69092
9441 369 33054 277 73627 332 68337 252 69092
9441 369 33054 277 73627 332 68337 369 69092
9441 369 33054 277 73627 332 40318 252 69092
9441 369 33054 277 73627 332 40318 369 69092
9441 369 33054 277 72637 332 68807 369 69092
9441 369 33054 277 72637 332 6058 369 69092
9441 369 33054 277 71935 332 12805 369 69092
9441 369 33054 277 71935 332 40308 369 69092
9441 369 33054 277 11637 297 61222 383 69092
9441 369 33054 277 11637 52 22368 383 69092
9441 369 33054 277 11637 52 73560 383 69092
9441 369 33054 277 11637 52 5466 383 69092
9441 369 33054 277 6905 332 35071 369 69092
9441 369 33054 277 6905 332 7925 252 69092
9441 369 33054 277 6905 332 7925 369 69092
9441 369 33054 277 6905 332 43192 252 69092
9441 369 33054 277 6905 332 43192 369 69092
9441 369 33054 277 6905 332 36618 252 69092
9441 369 33054 277 6905 332 36618 369 69092
9441 369 33054 277 6905 332 32706 252 69092
9441 369 33054 277 6905 332 32706 369 69092
9441 369 33054 277 6905 332 21166 252 69092
9441 369 33054 277 6905 332 21166 369 69092
9441 369 33054 277 6905 332 1723 252 69092
9441 369 33054 277 6905 332 1723 369 69092
9441 369 33054 277 6905 332 64354 252 69092
9441 369 33054 277 6905 332 64354 369 69092
9441 369 33054 277 6905 332 49088 252 69092
9441 369 33054 277 6905 332 49088 369 69092
9441 369 33054 277 6905 332 69354 252 69092
9441 369 33054 277 6905 332 69354 369 69092
9441 369 33054 277 6905 332 71984 369 69092
9441 369 33054 277 6905 332 12340 252 69092
9441 369 33054 277 6905 332 12340 369 69092
9441 369 33054 277 6905 332 40315 252 69092
9441 369 33054 277 6905 332 40315 369 69092
9441 369 33054 277 66245 385 38128 104 69092
9441 369 33054 277 66733 382 5850 383 69092
9441 369 33054 277 12741 332 51359 369 69092
9441 369 33054 277 12741 332 6696 369 69092
9441 369 33054 277 12741 332 40312 369 69092
9441 369 33054 277 10514 32 59204 383 69092
9441 369 33054 277 10514 32 59204 369 69092
9441 369 33054 277 2313 32 19933 383 69092
9441 369 33054 277 2313 32 19933 252 69092
9441 369 33054 277 2313 32 19933 369 69092
9441 369 33054 277 11436 32 12051 383 69092
9441 369 33054 277 8623 393 67410 383 69092
9441 369 33054 277 7419 52 40496 383 69092
9441 369 33054 277 7419 52 29284 383 69092
9441 369 33054 277 7419 52 32937 383 69092
9441 369 33054 277 7419 52 53755 383 69092
9441 369 33054 277 7419 52 34480 75 69092
9441 369 33054 277 7419 52 34480 252 69092
9441 369 33054 277 7419 52 34480 155 69092
9441 369 33054 277 7419 52 34480 32 69092
9441 369 33054 277 7419 52 34480 369 69092
9441 369 33054 277 7419 52 62831 383 69092
9441 369 33054 277 36558 151 1524 252 69092
9441 369 33054 277 36558 151 1524 369 69092
9441 369 33054 277 2588 28 29987 383 69092
9441 369 33054 277 2588 28 56438 383 69092
9441 369 33054 277 18151 32 63370 383 69092
9441 369 33054 277 19143 83 3650 75 69092
9441 369 33054 277 19143 83 3650 252 69092
9441 369 33054 277 19143 83 3650 155 69092
9441 369 33054 277 19143 83 3650 32 69092
9441 369 33054 277 19143 83 3650 369 69092
9441 369 33054 277 53912 332 35877 252 69092
9441 369 33054 277 53912 332 35877 369 69092
9441 369 33054 277 18822 32 61370 383 69092
9441 369 33054 277 69841 75 61959 32 69092
9441 369 33054 277 69841 114 7253 155 69092
9441 369 33054 277 69841 114 60924 155 69092
9441 369 33054 277 69841 114 64073 155 69092
9441 369 33054 277 69841 114 48302 155 69092
9441 369 33054 277 69841 114 72087 155 69092
9441 369 33054 277 69841 114 59259 383 69092
9441 369 33054 277 69841 114 21356 155 69092
9441 369 33054 277 43038 94 9013 383 69092
9441 369 33054 277 60218 277 69900 383 69092
9441 369 33054 277 1444 383 54177 383 69092
9441 369 33054 277 1444 383 39260 383 69092
9441 369 33054 277 1444 383 69931 151 69092
9441 369 33054 277 1444 383 38500 369 69092
9441 369 33054 277 1444 383 42634 383 69092
9441 369 33054 277 1444 383 25110 383 69092
9441 369 33054 277 1444 107 44477 369 69092
9441 369 33054 277 1444 107 24879 75 69092
9441 369 33054 277 1444 332 60306 369 69092
9441 369 33054 277 1444 332 60031 369 69092
9441 369 33054 277 1444 332 60309 369 69092
9441 369 33054 277 1444 332 12808 369 69092
9441 369 33054 277 1444 332 12802 252 69092
9441 369 33054 277 1444 332 12802 369 69092
9441 369 33054 277 1444 332 54139 369 69092
9441 369 33054 277 1444 332 54136 369 69092
9441 369 33054 277 1444 332 14964 369 69092
9441 369 33054 277 1444 332 40319 252 69092
9441 369 33054 277 1444 332 40319 369 69092
9441 369 33054 277 1444 297 40417 383 69092
9441 369 33054 277 1444 297 25986 383 69092
9441 369 33054 277 1444 297 40455 383 69092
9441 369 33054 277 1444 297 33297 369 69092
9441 369 33054 277 1444 297 38619 369 69092
9441 369 33054 277 1444 297 74024 383 69092
9441 369 33054 277 1444 297 74024 151 69092
9441 369 33054 277 1444 249 63472 383 69092
9441 369 33054 277 1444 142 9488 104 69092
9441 369 33054 277 1444 142 55302 104 69092
9441 369 33054 277 16913 32 22668 75 69092
9441 369 33054 277 16913 32 22668 252 69092
9441 369 33054 277 16913 32 22668 155 69092
9441 369 33054 277 16913 32 22668 32 69092
9441 369 33054 277 16913 32 22668 369 69092
9441 369 33054 277 44125 15 69820 104 69092
9441 369 33054 277 22024 52 19694 383 69092
9441 369 33054 277 50866 348 15756 383 69092
9441 369 33054 277 48048 32 14621 383 69092
9441 369 33054 277 71383 358 48279 383 69092
9441 369 33054 277 16834 383 62180 383 69092
9441 369 33054 277 16834 332 60305 369 69092
9441 369 33054 277 16834 332 40407 369 69092
9441 369 33054 277 39113 397 47724 383 69092
9441 369 33054 277 17512 332 60308 252 69092
9441 369 33054 277 17512 332 60308 369 69092
9441 369 33054 277 30480 32 42058 383 69092
9441 369 33054 277 30480 32 16570 383 69092
9441 369 33054 277 30480 358 3169 383 69092
9441 369 33054 277 30480 358 49243 383 69092
9441 369 33054 277 30480 358 49243 369 69092
9441 369 33054 277 53065 277 64361 383 69092
9441 369 33054 277 42051 51 32131 155 69092
9441 369 33054 277 70625 332 59840 252 69092
9441 369 33054 277 70625 332 59840 369 69092
9441 369 33054 277 43655 28 23029 383 69092
9441 369 33054 277 43655 28 68895 383 69092
9441 369 33054 277 43655 28 73769 369 69092
9441 369 33054 277 56620 6 26378 155 69092
9441 369 33054 277 36156 359 71837 383 69092
9441 369 33054 277 21109 155 60562 383 69092
9441 369 33054 277 21109 155 5838 383 69092
9441 369 33054 277 21109 155 68151 369 69092
9441 369 33054 277 21109 155 2516 369 69092
9441 369 33054 277 21109 155 2851 383 69092
9441 369 33054 277 21109 155 2851 369 69092
9441 369 33054 277 21109 155 71753 369 69092
9441 369 33054 277 21109 155 53005 383 69092
9441 369 33054 277 21109 155 8516 369 69092
9441 369 33054 277 21109 155 30762 383 69092
9441 369 33054 277 21109 155 19847 75 69092
9441 369 33054 277 21109 155 19847 252 69092
9441 369 33054 277 21109 155 19847 32 69092
9441 369 33054 277 21109 155 19847 369 69092
9441 369 33054 277 21109 155 41756 383 69092
9441 369 33054 277 21109 155 41756 155 69092
9441 369 33054 277 21109 155 41756 369 69092
9441 369 33054 277 21109 155 15570 252 69092
9441 369 33054 277 21109 155 15570 369 69092
9441 369 33054 277 21109 155 47635 383 69092
9441 369 33054 277 21109 155 39520 383 69092
9441 369 33054 277 21109 155 37213 369 69092
9441 369 33054 277 21109 155 43304 369 69092
9441 369 33054 277 21109 155 66920 383 69092
9441 369 33054 277 21109 155 2909 383 69092
9441 369 33054 277 21109 155 39532 383 69092
9441 369 33054 277 21109 155 36853 369 69092
9441 369 33054 277 21109 155 5668 369 69092
9441 369 33054 277 21109 155 34193 383 69092
9441 369 33054 277 21109 155 34193 252 69092
9441 369 33054 277 21109 155 34193 369 69092
9441 369 33054 277 21109 155 31485 383 69092
9441 369 33054 277 21109 155 31485 252 69092
9441 369 33054 277 21109 155 31485 369 69092
9441 369 33054 277 21109 155 57941 369 69092
9441 369 33054 277 21109 155 65139 383 69092
9441 369 33054 277 21109 155 19215 383 69092
9441 369 33054 277 21109 155 37041 383 69092
9441 369 33054 277 21109 155 27894 383 69092
9441 369 33054 277 21109 155 27894 369 69092
9441 369 33054 277 21109 155 72997 369 69092
9441 369 33054 277 21109 155 9490 369 69092
9441 369 33054 277 21109 155 43916 369 69092
9441 369 33054 277 21109 155 70102 383 69092
9441 369 33054 277 21109 155 70102 369 69092
9441 369 33054 277 59599 32 64021 383 69092
9441 369 33054 277 15730 114 49761 155 69092
9441 369 33054 277 40846 142 53929 104 69092
9441 369 33054 277 73559 383 59909 383 69092
9441 369 33054 277 25928 358 32415 383 69092
9441 369 33054 277 25928 338 50552 104 69092
9441 369 33054 277 25928 338 28020 104 69092
9441 369 33054 277 25928 338 39737 104 69092
9441 369 33054 277 25928 338 39737 369 69092
9441 369 33054 277 6534 332 68800 369 69092
9441 369 33054 277 1771 102 34351 383 69092
9441 369 33054 277 51105 151 48050 369 69092
9441 369 33054 277 60841 236 57047 75 69092
9441 369 33054 277 11699 93 73838 383 69092
9441 369 33054 277 40298 107 50171 383 69092
9441 369 33054 277 40298 93 47974 383 69092
9441 369 33054 277 11708 93 26002 383 69092
9441 369 33054 277 11708 93 31910 383 69092
9441 369 33054 277 25762 363 20621 383 69092
9441 369 33054 277 25762 363 20621 369 69092
9441 369 33054 277 6452 122 24535 252 69092
9441 369 33054 277 6452 122 4056 369 69092
9441 369 33054 277 6452 122 41494 252 69092
9441 369 33054 277 6452 122 41494 155 69092
9441 369 33054 277 6452 2 65907 383 69092
9441 369 33054 277 6452 2 37792 383 69092
9441 369 33054 277 6452 2 29452 383 69092
9441 369 33054 277 6452 2 1427 383 69092
9441 369 33054 277 6452 234 73840 383 69092
9441 369 33054 277 6452 234 73840 369 69092
9441 369 33054 277 6452 234 64701 383 69092
9441 369 33054 277 6452 234 33744 383 69092
9441 369 33054 277 37839 234 43314 383 69092
9441 369 33054 277 37839 234 45200 383 69092
9441 369 33054 277 37839 234 7314 369 69092
9441 369 33054 277 32929 157 21051 383 69092
9441 369 33054 277 30522 369 38893 383 69092
9441 369 33054 277 52667 202 31621 75 69092
9441 369 33054 277 36335 202 51420 75 69092
9441 369 33054 277 36335 202 51420 252 69092
9441 369 33054 277 36335 202 51420 369 69092
9441 369 33054 277 25720 155 10663 383 69092
9441 369 33054 277 25720 155 10663 369 69092
9441 369 33054 277 11053 252 16008 383 69092
9441 369 33054 277 11053 252 16008 369 69092
9441 369 33054 277 68850 32 9034 383 69092
9441 369 33054 252 13476 358 61234 383 69092
9441 369 33054 252 65814 342 68560 383 69092
9441 369 33054 252 50112 151 35527 252 69092
9441 369 33054 252 50112 151 35527 383 69092
9441 369 33054 252 50112 151 35527 369 69092
9441 369 33054 252 42789 32 48546 383 69092
9441 369 33054 252 24865 303 4637 383 69092
9441 369 33054 252 24865 303 4637 252 69092
9441 369 33054 252 24865 303 4637 369 69092
9441 369 33054 252 17726 28 53448 252 69092
9441 369 33054 252 17726 28 53448 369 69092
9441 369 33054 252 40309 31 65908 383 69092
9441 369 33054 252 40309 31 56770 383 69092
9441 369 33054 252 40309 31 20003 383 69092
9441 369 33054 252 68338 31 4830 383 69092
9441 369 33054 252 68338 31 23705 32 69092
9441 369 33054 252 68338 31 23705 383 69092
9441 369 33054 252 68338 31 73755 383 69092
9441 369 33054 252 68338 31 3042 369 69092
9441 369 33054 252 68338 31 64590 383 69092
9441 369 33054 252 68338 31 64590 252 69092
9441 369 33054 252 68338 31 64590 369 69092
9441 369 33054 252 68338 31 25233 369 69092
9441 369 33054 252 68339 31 70024 383 69092
9441 369 33054 252 68339 31 26159 383 69092
9441 369 33054 252 51352 31 42693 383 69092
9441 369 33054 252 15647 32 60927 383 69092
9441 369 33054 252 65861 31 69013 383 69092
9441 369 33054 252 65861 31 30464 383 69092
9441 369 33054 252 65861 31 14740 383 69092
9441 369 33054 252 65861 31 55164 383 69092
9441 369 33054 252 65861 31 55164 369 69092
9441 369 33054 252 65861 31 63843 369 69092
9441 369 33054 252 65861 31 40314 383 69092
9441 369 33054 252 65856 31 43497 383 69092
9441 369 33054 252 65856 31 57305 383 69092
9441 369 33054 252 65856 31 29358 383 69092
9441 369 33054 252 65856 31 10715 383 69092
9441 369 33054 252 65856 31 74876 383 69092
9441 369 33054 252 65856 31 36170 383 69092
9441 369 33054 252 65856 31 1600 383 69092
9441 369 33054 252 65856 31 52243 383 69092
9441 369 33054 252 65856 31 49502 383 69092
9441 369 33054 252 65856 31 36323 369 69092
9441 369 33054 252 65856 31 56435 369 69092
9441 369 33054 252 65856 31 36752 369 69092
9441 369 33054 252 65856 31 73103 383 69092
9441 369 33054 252 65857 31 20689 383 69092
9441 369 33054 252 65857 31 65294 383 69092
9441 369 33054 252 65857 31 40951 383 69092
9441 369 33054 252 65857 31 26869 383 69092
9441 369 33054 252 65857 31 40637 383 69092
9441 369 33054 252 65857 31 35214 383 69092
9441 369 33054 252 65857 31 48420 369 69092
9441 369 33054 252 65857 31 61962 383 69092
9441 369 33054 252 65857 31 61962 252 69092
9441 369 33054 252 65857 31 61962 369 69092
9441 369 33054 252 65857 31 74555 369 69092
9441 369 33054 252 65857 31 38079 383 69092
9441 369 33054 252 44233 32 39141 383 69092
9441 369 33054 252 40338 31 34618 369 69092
9441 369 33054 252 1929 211 64545 383 69092
9441 369 33054 252 19535 358 13416 32 69092
9441 369 33054 332 29052 31 56944 383 69092
9441 369 33054 332 29052 31 35880 383 69092
9441 369 33054 332 29052 31 66509 383 69092
9441 369 33054 332 29052 31 736 383 69092
9441 369 33054 332 29052 31 5280 383 69092
9441 369 33054 332 29052 31 47067 383 69092
9441 369 33054 332 29052 31 16618 369 69092
9441 369 33054 332 29052 31 21752 369 69092
9441 369 33054 332 29052 31 26700 383 69092
9441 369 33054 332 29052 31 2953 383 69092
9441 369 33054 332 29052 31 51637 369 69092
9441 369 33054 332 29052 31 65397 369 69092
9441 369 33054 332 29052 31 65456 383 69092
9441 369 33054 32 28806 6 6313 383 69092
9441 369 33054 32 65545 383 59167 383 69092
9441 369 33054 32 38055 28 44240 383 69092
9441 369 33054 32 28376 382 54887 383 69092
9441 369 33054 32 1963 75 27425 32 69092
9441 369 33054 32 14858 75 45546 369 69092
9441 369 33054 32 14858 277 22715 369 69092
9441 369 33054 32 58806 147 68441 383 69092
9441 369 33054 32 38944 383 40134 383 69092
9441 369 33054 32 38944 383 17575 383 69092
9441 369 33054 32 38944 383 17575 294 69092
9441 369 33054 32 38944 133 18442 294 69092
9441 369 33054 32 38944 133 73694 294 69092
9441 369 33054 32 32357 332 51821 369 69092
9441 369 33054 32 26627 52 29008 383 69092
9441 369 33054 32 29427 126 16864 155 69092
9441 369 33054 32 29427 126 24837 383 69092
9441 369 33054 32 29427 290 70836 155 69092
9441 369 33054 32 29427 290 70836 32 69092
9441 369 33054 32 29427 290 46461 155 69092
9441 369 33054 32 29427 32 4148 369 69092
9441 369 33054 32 29427 294 64349 383 69092
9441 369 33054 151 62434 211 65612 155 69092
9441 369 33054 151 62434 211 18471 155 69092
9441 369 33054 151 62434 211 2871 383 69092
9441 369 33054 151 62434 211 34594 383 69092
9441 369 33054 151 62434 211 38680 383 69092
9441 369 33054 151 62434 211 6717 383 69092
9441 369 33054 151 62434 211 71647 383 69092
9441 369 33054 151 62434 211 44741 383 69092
9441 369 33054 151 62434 211 11794 383 69092
9441 369 33054 151 62434 211 2060 383 69092
9441 369 33054 151 62434 211 31627 155 69092
9441 369 33054 151 62434 211 10875 155 69092
9441 369 33054 151 62434 211 71653 383 69092
9441 369 33054 151 62434 211 30666 383 69092
9441 369 33054 369 27162 32 16872 75 69092
9441 369 33054 358 30109 28 12576 75 69092
9441 369 33054 358 30109 28 12576 155 69092
9441 369 33054 358 30109 28 12576 32 69092
9441 369 33054 358 30109 28 12576 369 69092
9441 28 73592 277 59390 32 67033 383 69092
9441 28 73592 277 53751 255 11352 155 69092
9441 28 73592 277 53751 255 11352 32 69092
9441 28 73592 277 60073 54 15433 383 69092
9441 28 73592 277 59220 164 60827 252 69092
9441 28 73592 277 59220 164 60827 151 69092
9441 28 73592 277 43961 75 48632 383 69092
9441 28 73592 358 75101 75 53846 383 69092
9441 28 73592 358 72636 297 9510 151 69092
9441 28 73592 358 17630 277 10417 383 69092
9441 28 73592 358 17630 277 10417 369 69092
9441 28 73592 358 17630 277 57505 383 69092
9441 28 73592 358 17630 277 20177 383 69092
9441 28 73592 358 17630 393 34784 383 69092
9441 28 73592 358 24058 196 33689 383 69092
9441 28 73592 358 24058 196 45127 383 69092
9441 28 73592 358 24058 196 11615 383 69092
9441 28 73592 358 24058 196 21749 383 69092
9441 28 73592 358 24058 196 51864 383 69092
9441 28 73592 358 24058 196 42278 383 69092
9441 28 73592 358 24058 196 11495 369 69092
9441 28 73592 358 24058 196 22800 383 69092
9441 32 4703 75 51781 28 46479 358 15811 32 69092
9441 32 4703 75 51781 28 46479 358 32489 252 69092
9441 32 4703 75 51781 28 46479 358 32489 369 69092
9441 369 33054 277 71316 75 41897 252 36307 383 69092
9441 369 33054 277 71316 75 41897 277 16150 32 69092
9441 369 33054 277 71316 75 41897 32 65194 383 69092
9441 369 33054 277 71316 75 41897 32 54087 383 69092
9441 369 33054 277 71316 75 41897 32 2760 383 69092
9441 369 33054 277 71316 75 41897 32 35963 383 69092
9441 369 33054 277 71316 75 41897 32 50595 383 69092
9441 369 33054 277 71316 75 41897 32 6793 383 69092
9441 369 33054 277 71316 75 41897 32 59091 383 69092
9441 369 33054 277 71316 75 41897 32 61410 383 69092
9441 369 33054 277 71316 75 41897 32 28548 383 69092
9441 369 33054 277 71316 75 41897 32 3466 32 69092
9441 369 33054 277 71316 75 41897 32 2920 383 69092
9441 369 33054 277 71316 75 41897 32 2920 252 69092
9441 369 33054 277 71316 75 41897 32 39924 383 69092
9441 369 33054 277 71316 75 41897 32 16262 383 69092
9441 369 33054 277 71316 75 41897 32 49090 383 69092
9441 369 33054 277 71316 75 41897 32 59328 383 69092
9441 369 33054 277 71316 75 41897 32 56149 383 69092
9441 369 33054 277 71316 75 41897 32 17356 383 69092
9441 369 33054 277 71316 75 41897 32 6397 383 69092
9441 369 33054 277 71316 75 41897 32 32008 383 69092
9441 369 33054 277 71316 75 41897 32 19426 383 69092
9441 369 33054 277 71316 75 41897 32 19931 383 69092
9441 369 33054 277 71316 75 41897 32 364 383 69092
9441 369 33054 277 71316 75 41897 32 69164 383 69092
9441 369 33054 277 71316 75 41897 32 48620 383 69092
9441 369 33054 277 71316 75 41897 32 46520 383 69092
9441 369 33054 277 71316 75 41897 32 23742 383 69092
9441 369 33054 277 71316 75 41897 32 16325 383 69092
9441 369 33054 277 71316 75 41897 32 32394 383 69092
9441 369 33054 277 71316 75 41897 32 9500 383 69092
9441 369 33054 277 71316 75 41897 32 33573 383 69092
9441 369 33054 277 71316 75 41897 32 57065 383 69092
9441 369 33054 277 71316 75 41897 32 40841 383 69092
9441 369 33054 277 71316 75 41897 32 58669 383 69092
9441 369 33054 277 71316 75 41897 32 40408 383 69092
9441 369 33054 277 71316 75 41897 32 15237 383 69092
9441 369 33054 277 71316 75 41897 32 73595 383 69092
9441 369 33054 277 71316 75 41897 32 13795 383 69092
9441 369 33054 277 71316 75 41897 32 25707 383 69092
9441 369 33054 277 71316 75 41897 32 60888 383 69092
9441 369 33054 277 71316 75 41897 32 64640 383 69092
9441 369 33054 277 71316 75 41897 32 61590 383 69092
9441 369 33054 277 71316 75 41897 32 55224 383 69092
9441 369 33054 277 71316 75 41897 32 17786 383 69092
9441 369 33054 277 71316 75 41897 32 2188 383 69092
9441 369 33054 277 71316 75 41897 32 65746 383 69092
9441 369 33054 277 71316 75 41897 32 57331 383 69092
9441 369 33054 277 71316 75 41897 32 32680 383 69092
9441 369 33054 277 71316 75 41897 32 16363 383 69092
9441 369 33054 277 71316 75 41897 32 26349 383 69092
9441 369 33054 277 71316 75 41897 32 26349 369 69092
9441 369 33054 277 71316 75 41897 32 44575 383 69092
9441 369 33054 277 71316 75 41897 32 69699 383 69092
9441 369 33054 277 71316 75 41897 32 71668 383 69092
9441 369 33054 277 71316 75 41897 32 8178 383 69092
9441 369 33054 277 71316 75 41897 32 58090 383 69092
9441 369 33054 277 71316 75 41897 32 32506 383 69092
9441 369 33054 277 71316 75 41897 32 4277 383 69092
9441 369 33054 277 71316 75 41897 32 26318 383 69092
9441 369 33054 277 71316 75 41897 32 29335 383 69092
9441 369 33054 277 71316 75 41897 32 25061 383 69092
9441 369 33054 277 71316 75 41897 32 25989 383 69092
9441 369 33054 277 71316 75 41897 32 21534 383 69092
9441 369 33054 277 71316 75 41897 32 26375 383 69092
9441 369 33054 277 71316 75 41897 32 24515 383 69092
9441 369 33054 277 71316 75 41897 32 52190 383 69092
9441 369 33054 277 71316 75 41897 32 13652 383 69092
9441 369 33054 277 71316 75 41897 32 65981 383 69092
9441 369 33054 277 71316 75 41897 32 3929 383 69092
9441 369 33054 277 71316 75 41897 32 3929 252 69092
9441 369 33054 277 71316 75 41897 32 3929 369 69092
9441 369 33054 277 71316 75 41897 32 27833 383 69092
9441 369 33054 277 71316 75 41897 32 36354 383 69092
9441 369 33054 277 71316 75 41897 32 5726 369 69092
9441 369 33054 277 71316 75 41897 32 4103 383 69092
9441 369 33054 277 71316 75 41897 32 70049 383 69092
9441 369 33054 277 71316 75 41897 32 42019 383 69092
9441 369 33054 277 71316 75 41897 32 3265 383 69092
9441 369 33054 277 71316 75 41897 32 12490 383 69092
9441 369 33054 277 71316 75 41897 32 64220 383 69092
9441 369 33054 277 71316 75 41897 32 31393 383 69092
9441 369 33054 277 71316 75 41897 32 14161 383 69092
9441 369 33054 277 71316 75 41897 32 23846 383 69092
9441 369 33054 277 71316 75 41897 32 740 383 69092
9441 369 33054 277 71316 75 41897 32 40420 383 69092
9441 369 33054 277 71316 75 41897 32 13001 383 69092
9441 369 33054 277 71316 75 41897 32 69383 383 69092
9441 369 33054 277 71316 75 41897 32 64024 383 69092
9441 369 33054 277 71316 75 41897 32 61680 383 69092
9441 369 33054 277 71316 75 41897 32 74537 383 69092
9441 369 33054 277 71316 75 41897 32 11179 383 69092
9441 369 33054 277 71316 75 41897 32 45199 383 69092
9441 369 33054 277 71316 75 41897 32 52289 383 69092
9441 369 33054 277 71316 75 41897 32 75218 383 69092
9441 369 33054 277 71316 75 41897 32 66628 383 69092
9441 369 33054 277 71316 75 41897 32 59758 383 69092
9441 369 33054 277 71316 75 41897 32 16098 383 69092
9441 369 33054 277 71316 75 41897 32 74723 383 69092
9441 369 33054 277 71316 75 41897 32 4320 383 69092
9441 369 33054 277 71316 75 41897 32 65215 383 69092
9441 369 33054 277 71316 75 41897 32 47606 383 69092
9441 369 33054 277 71316 75 41897 32 41811 383 69092
9441 369 33054 277 71316 75 41897 32 9479 383 69092
9441 369 33054 277 71316 75 41897 32 31415 383 69092
9441 369 33054 277 71316 75 41897 32 10268 383 69092
9441 369 33054 277 71316 75 41897 32 16018 383 69092
9441 369 33054 277 71316 75 41897 32 65304 383 69092
9441 369 33054 277 71316 75 41897 32 1763 383 69092
9441 369 33054 277 71316 75 41897 32 53387 383 69092
9441 369 33054 277 71316 75 41897 32 52344 383 69092
9441 369 33054 277 71316 75 41897 32 54446 383 69092
9441 369 33054 277 71316 75 41897 32 11017 383 69092
9441 369 33054 277 71316 75 41897 32 74038 383 69092
9441 369 33054 277 71316 75 41897 32 65757 383 69092
9441 369 33054 277 71316 75 41897 32 14633 383 69092
9441 369 33054 277 71316 75 41897 32 33856 383 69092
9441 369 33054 277 71316 75 41897 32 8054 383 69092
9441 369 33054 277 71316 75 41897 32 28007 383 69092
9441 369 33054 277 71316 75 41897 32 72025 383 69092
9441 369 33054 277 71316 75 41897 32 37788 383 69092
9441 369 33054 277 71316 75 41897 32 36116 383 69092
9441 369 33054 277 71316 75 41897 32 68331 383 69092
9441 369 33054 277 71316 75 41897 32 50260 383 69092
9441 369 33054 277 71316 75 41897 32 36329 383 69092
9441 369 33054 277 71316 75 41897 32 36329 252 69092
9441 369 33054 277 71316 75 41897 32 36329 369 69092
9441 369 33054 277 71316 75 41897 32 56275 383 69092
9441 369 33054 277 71316 75 41897 32 16562 383 69092
9441 369 33054 277 71316 75 41897 32 44784 383 69092
9441 369 33054 277 71316 75 41897 32 16041 383 69092
9441 369 33054 277 71316 75 41897 32 70253 383 69092
9441 369 33054 277 71316 75 41897 32 74548 383 69092
9441 369 33054 277 71316 75 41897 32 55702 383 69092
9441 369 33054 277 71316 75 41897 32 74978 383 69092
9441 369 33054 277 71316 75 41897 32 24360 383 69092
9441 369 33054 277 71316 75 41897 32 41987 383 69092
9441 369 33054 277 71316 75 41897 32 1493 383 69092
9441 369 33054 277 71316 75 41897 32 34298 383 69092
9441 369 33054 277 71316 75 41897 32 34298 369 69092
9441 369 33054 277 71316 75 41897 32 284 383 69092
9441 369 33054 277 71316 75 41897 32 59001 383 69092
9441 369 33054 277 71316 75 41897 32 23669 383 69092
9441 369 33054 277 71316 75 41897 32 23669 369 69092
9441 369 33054 277 71316 75 41897 32 73846 383 69092
9441 369 33054 277 71316 75 41897 32 49579 383 69092
9441 369 33054 277 71316 75 41897 32 69338 383 69092
9441 369 33054 277 34575 332 65855 31 41945 383 69092
9441 369 33054 277 34575 332 65855 31 1654 383 69092
9441 369 33054 277 34575 332 65855 31 13763 383 69092
9441 369 33054 277 34575 332 65855 31 60871 383 69092
9441 369 33054 277 34575 332 65853 31 55412 383 69092
9441 369 33054 277 34575 332 65853 31 69544 383 69092
9441 369 33054 277 34575 332 65853 31 69544 369 69092
9441 369 33054 277 34575 332 65853 31 23889 369 69092
9441 369 33054 277 34575 332 65853 31 33667 383 69092
9441 369 33054 277 34575 332 65853 31 12601 383 69092
9441 369 33054 277 34575 332 65853 31 12601 369 69092
9441 369 33054 277 34575 332 65853 31 75173 369 69092
9441 369 33054 277 34575 332 65853 31 75274 383 69092
9441 369 33054 277 34575 332 23453 31 10088 155 69092
9441 369 33054 277 34575 332 23453 31 10088 32 69092
9441 369 33054 277 34575 332 23453 31 62418 383 69092
9441 369 33054 277 34575 332 23453 31 47739 383 69092
9441 369 33054 277 34575 332 29065 31 64025 383 69092
9441 369 33054 277 34575 332 29065 31 21479 383 69092
9441 369 33054 277 34575 358 9577 28 33490 383 69092
9441 369 33054 277 34575 358 9577 28 66943 383 69092
9441 369 33054 277 34575 358 9577 28 64149 383 69092
9441 369 33054 277 34575 358 9577 28 64803 383 69092
9441 369 33054 277 34575 358 9577 28 73737 383 69092
9441 369 33054 277 86 332 29064 31 4350 383 69092
9441 369 33054 277 86 332 29064 31 28547 155 69092
9441 369 33054 277 28650 6 72079 382 55330 383 69092
9441 369 33054 277 46683 6 18597 373 41777 383 69092
9441 369 33054 277 46683 6 18597 373 1756 383 69092
9441 369 33054 277 24403 332 29061 31 31909 75 69092
9441 369 33054 277 24403 180 10392 71 6714 383 69092
9441 369 33054 277 44571 252 6067 32 26120 383 69092
9441 369 33054 277 44571 252 6067 32 9820 383 69092
9441 369 33054 277 44571 252 6067 32 1995 383 69092
9441 369 33054 277 44571 252 6067 32 46503 383 69092
9441 369 33054 277 44571 252 6067 32 28291 383 69092
9441 369 33054 277 44571 252 6067 32 22380 383 69092
9441 369 33054 277 44571 252 6067 32 69372 383 69092
9441 369 33054 277 44571 252 6067 32 6947 383 69092
9441 369 33054 277 44571 252 6067 32 19452 383 69092
9441 369 33054 277 44571 252 6067 32 46913 383 69092
9441 369 33054 277 44571 252 6067 32 18100 383 69092
9441 369 33054 277 44571 252 6067 32 53479 383 69092
9441 369 33054 277 44571 252 6067 32 8663 383 69092
9441 369 33054 277 44571 252 6067 32 9689 383 69092
9441 369 33054 277 44571 252 6067 32 73219 383 69092
9441 369 33054 277 44571 252 6067 32 66824 383 69092
9441 369 33054 277 44571 252 6067 151 66756 383 69092
9441 369 33054 277 72637 332 68807 31 68470 383 69092
9441 369 33054 277 72637 332 26184 31 71006 383 69092
9441 369 33054 277 19642 300 59812 110 29779 369 69092
9441 369 33054 277 11637 297 61222 231 12620 383 69092
9441 369 33054 277 11637 297 61222 231 21380 383 69092
9441 369 33054 277 11637 297 61222 231 37915 383 69092
9441 369 33054 277 11637 297 61222 231 29164 383 69092
9441 369 33054 277 11637 297 61222 231 52270 383 69092
9441 369 33054 277 11637 297 61222 231 13299 383 69092
9441 369 33054 277 11637 297 61222 231 64446 383 69092
9441 369 33054 277 11637 297 61222 231 18197 383 69092
9441 369 33054 277 11637 297 61222 231 61526 383 69092
9441 369 33054 277 11637 297 61222 231 36710 383 69092
9441 369 33054 277 11637 297 61222 231 1883 383 69092
9441 369 33054 277 11637 297 61222 231 64582 383 69092
9441 369 33054 277 11637 297 61222 231 32024 383 69092
9441 369 33054 277 11637 297 61222 231 16934 383 69092
9441 369 33054 277 11637 52 5466 93 14057 383 69092
9441 369 33054 277 6905 332 64354 205 72960 369 69092
9441 369 33054 277 18845 108 61857 219 18771 383 69092
9441 369 33054 277 18845 108 37394 219 20849 383 69092
9441 369 33054 277 18845 108 37394 219 39174 383 69092
9441 369 33054 277 66245 147 57560 336 37269 383 69092
9441 369 33054 277 66245 143 69742 113 43817 383 69092
9441 369 33054 277 30490 102 46685 359 3533 155 69092
9441 369 33054 277 705 114 72858 155 74191 383 69092
9441 369 33054 277 705 114 72858 155 70105 383 69092
9441 369 33054 277 705 114 72858 100 15037 383 69092
9441 369 33054 277 705 114 72858 397 71399 383 69092
9441 369 33054 277 705 75 27067 32 60678 383 69092
9441 369 33054 277 10514 32 59204 75 9044 369 69092
9441 369 33054 277 2313 32 19933 272 16625 369 69092
9441 369 33054 277 8623 393 67410 75 1638 32 69092
9441 369 33054 277 8623 393 67410 75 49030 369 69092
9441 369 33054 277 8623 393 67410 75 49836 252 69092
9441 369 33054 277 8623 393 67410 75 49836 369 69092
9441 369 33054 277 8623 393 67410 75 5939 104 69092
9441 369 33054 277 42618 279 29502 284 29099 383 69092
9441 369 33054 277 7419 52 32937 277 19447 155 69092
9441 369 33054 277 14614 114 53782 155 68794 75 69092
9441 369 33054 277 14614 114 53782 155 68794 155 69092
9441 369 33054 277 14614 114 53782 155 68794 32 69092
9441 369 33054 277 14614 114 53782 155 68794 369 69092
9441 369 33054 277 44613 151 21435 22 8878 383 69092
9441 369 33054 277 44613 151 21435 22 61442 383 69092
9441 369 33054 277 44613 151 21435 22 58503 383 69092
9441 369 33054 277 55966 235 24309 76 68872 383 69092
9441 369 33054 277 60088 383 71850 294 29767 383 69092
9441 369 33054 277 43038 94 9013 383 19921 383 69092
9441 369 33054 277 43038 94 9013 84 7071 383 69092
9441 369 33054 277 43038 94 9013 298 56067 383 69092
9441 369 33054 277 43038 94 9013 298 68472 383 69092
9441 369 33054 277 43038 94 9013 298 26007 383 69092
9441 369 33054 277 43038 94 9013 36 14062 383 69092
9441 369 33054 277 1444 383 56734 151 32022 369 69092
9441 369 33054 277 1444 383 69931 272 4846 383 69092
9441 369 33054 277 1444 28 616 6 7205 383 69092
9441 369 33054 277 1444 28 616 6 7205 252 69092
9441 369 33054 277 1444 28 616 6 7205 369 69092
9441 369 33054 277 1444 107 24879 91 63990 104 69092
9441 369 33054 277 1444 297 46511 383 53931 155 69092
9441 369 33054 277 1444 297 482 272 29595 383 69092
9441 369 33054 277 25575 344 8546 225 44207 383 69092
9441 369 33054 277 39113 397 47724 115 58380 383 69092
9441 369 33054 277 67332 328 27731 1 59755 383 69092
9441 369 33054 277 67332 328 27731 1 59755 369 69092
9441 369 33054 277 30480 32 60008 155 4844 383 69092
9441 369 33054 277 42051 51 32131 342 30206 383 69092
9441 369 33054 277 42051 51 32131 342 30206 252 69092
9441 369 33054 277 42051 51 32131 342 30206 369 69092
9441 369 33054 277 21109 155 19847 290 17555 155 69092
9441 369 33054 277 44310 343 59337 1 6952 383 69092
9441 369 33054 277 44310 343 59337 1 27698 369 69092
9441 369 33054 277 60841 236 57047 364 67952 369 69092
9441 369 33054 277 11699 93 73838 52 6442 383 69092
9441 369 33054 277 25762 63 70997 291 68958 369 69092
9441 369 33054 277 66942 377 10911 238 7101 383 69092
9441 369 33054 277 66942 377 10911 238 36886 383 69092
9441 369 33054 277 66942 377 10911 238 36886 252 69092
9441 369 33054 277 66942 377 10911 238 36886 369 69092
9441 369 33054 277 36335 202 9243 212 2120 383 69092
9441 369 33054 332 29052 31 30312 26 67320 383 69092
9441 369 33054 332 29052 31 3007 336 16328 369 69092
9441 369 33054 32 14858 107 27503 26 13525 383 69092
9441 369 33054 151 69540 28 59971 254 59000 383 69092
9441 28 73592 277 60073 213 50130 121 566 383 69092
9441 28 73592 358 75101 259 53540 102 27268 383 69092
9441 369 33054 277 33922 143 37487 113 22173 102 45816 383 69092
9441 369 33054 277 7419 52 34480 114 75110 155 9318 75 69092
9441 369 33054 277 7419 52 34480 114 75110 155 9318 252 69092
9441 369 33054 277 7419 52 34480 114 75110 155 9318 155 69092
9441 369 33054 277 7419 52 34480 114 75110 155 9318 32 69092
9441 369 33054 277 7419 52 34480 114 75110 155 9318 369 69092
9441 369 33054 277 7419 52 34480 114 75110 155 54816 75 69092
9441 369 33054 277 7419 52 34480 114 75110 155 18152 75 69092
9441 369 33054 277 7419 52 34480 114 75110 155 18152 155 69092
9441 369 33054 277 7419 52 34480 114 75110 155 18152 32 69092
9441 369 33054 277 7419 52 34480 114 75110 155 18152 369 69092
9441 369 33054 277 67332 328 27731 9 14213 195 73579 369 69092
9441 369 33054 277 60841 383 32594 8 63023 25 53760 383 69092
9441 369 33054 277 19162 105 63771 172 41528 213 51901 121 32961 383 69092
9441 369 33054 277 13599 303 61721 303 53244 342 43678 342 56553 383 69092
