18645 105 27339
18645 147 34351 164 58806 105 27339
18645 102 60885 359 39059 105 27339
18645 102 60885 359 63489 105 27339
18645 102 60885 359 34324 105 27339
18645 102 60885 359 40266 105 27339
18645 102 60885 359 59061 105 27339
18645 102 60885 359 44597 105 27339
18645 102 60885 359 1105 105 27339
18645 102 60885 359 28806 105 27339
18645 102 60885 359 23102 172 27339
18645 102 46685 359 17020 105 27339
18645 102 46685 359 26983 105 27339
18645 102 46685 359 7747 105 27339
18645 102 46685 359 47194 105 27339
18645 102 46685 359 3737 172 27339
18645 102 46685 359 28376 105 27339
18645 143 69742 113 73338 105 27339
18645 143 69742 113 29285 105 27339
18645 143 69742 113 29285 172 27339
18645 143 69742 113 21843 105 27339
18645 143 69742 113 21843 172 27339
18645 143 69742 113 71297 105 27339
18645 143 69742 113 71297 172 27339
18645 143 69742 113 45376 105 27339
18645 143 69742 113 60170 105 27339
18645 143 69742 113 48931 105 27339
18645 143 69742 113 23730 105 27339
18645 143 69742 113 26538 105 27339
18645 143 69742 113 72838 105 27339
18645 143 69742 113 3592 105 27339
18645 143 69742 113 34883 172 27339
18645 143 69742 113 68052 105 27339
18645 143 69742 113 68052 172 27339
18645 143 69742 113 48963 105 27339
18645 143 69742 113 48963 172 27339
18645 143 69742 113 17478 105 27339
18645 143 69742 113 3098 105 27339
18645 143 69742 113 3184 172 27339
18645 143 69742 113 26869 105 27339
18645 143 69742 113 61305 105 27339
18645 143 69742 113 54461 105 27339
18645 143 69742 113 58627 172 27339
18645 143 69742 113 72855 105 27339
18645 143 69742 113 72302 105 27339
18645 143 69742 113 66266 105 27339
18645 143 69742 113 50337 105 27339
18645 172 63771 105 11414 105 27339
18645 172 63771 105 69195 105 27339
18645 147 34351 164 58806 321 26159 105 27339
18645 147 34351 164 58806 356 72079 105 27339
18645 147 34351 105 52734 105 14740 105 27339
18645 147 34351 105 52734 105 32357 105 27339
18645 147 34351 105 52734 105 22829 105 27339
18645 147 34351 105 52734 105 15701 105 27339
18645 147 34351 105 52734 105 52920 105 27339
18645 147 34351 105 52734 105 33363 105 27339
18645 147 34351 256 54168 254 43754 105 27339
18645 147 34351 256 54168 254 43754 172 27339
18645 147 34351 256 54168 254 72636 172 27339
18645 147 34351 75 6067 151 57100 105 27339
18645 147 34351 75 6067 151 57100 172 27339
18645 105 54129 172 45914 172 40730 105 27339
18645 105 54129 172 45914 172 40730 172 27339
18645 102 5767 369 33054 277 33922 105 27339
18645 102 60885 369 53811 277 63368 105 27339
18645 172 1444 300 62434 211 44667 105 27339
18645 172 1444 300 62434 211 44667 172 27339
18645 172 1444 300 62434 211 16727 105 27339
18645 172 1444 300 62434 211 16727 172 27339
18645 172 1444 300 62434 211 18779 172 27339
18645 172 1444 300 62434 211 18779 105 27339
18645 147 34351 164 58806 143 37487 113 21844 105 27339
18645 147 34351 383 69092 142 38128 15 12246 105 27339
18645 102 3405 359 57906 143 67264 113 18166 172 27339
18645 102 3405 359 57906 143 67264 113 18166 105 27339
