23142 105 62223
23142 342 62223
23142 172 62223
23142 105 56638 96 62223
23142 105 56638 111 62223
23142 105 56638 275 62223
23142 105 25762 96 62223
23142 105 25762 275 62223
23142 300 13797 211 62223
23142 300 59812 110 62223
23142 393 67410 392 62223
23142 256 58887 254 62223
23142 256 58887 141 62223
23142 356 25720 295 62223
23142 105 56638 96 8678 96 62223
23142 105 56638 96 8678 275 62223
23142 105 56638 96 60255 96 62223
23142 105 56638 96 72579 96 62223
23142 105 56638 96 72579 275 62223
23142 105 56638 96 5011 96 62223
23142 105 56638 96 5011 275 62223
23142 105 56638 96 63705 96 62223
23142 105 56638 96 63705 275 62223
23142 105 56638 96 19732 96 62223
23142 105 56638 96 19732 275 62223
23142 105 56638 96 9271 111 62223
23142 105 56638 96 9271 96 62223
23142 105 56638 96 9271 275 62223
23142 105 56638 96 28435 96 62223
23142 105 56638 96 28435 275 62223
23142 105 56638 96 51176 96 62223
23142 105 56638 96 51176 275 62223
23142 105 56638 96 75078 96 62223
23142 105 56638 96 75078 275 62223
23142 105 56638 96 66372 96 62223
23142 105 56638 96 66372 275 62223
23142 105 56638 96 53175 96 62223
23142 105 56638 96 53175 275 62223
23142 105 56638 96 65592 96 62223
23142 105 56638 96 22834 96 62223
23142 105 56638 96 22834 275 62223
23142 105 56638 96 18204 96 62223
23142 105 56638 96 18204 275 62223
23142 105 56638 96 42192 96 62223
23142 105 56638 96 42192 275 62223
23142 105 56638 96 48204 96 62223
23142 105 56638 96 48204 275 62223
23142 105 56638 96 66729 96 62223
23142 105 56638 96 66729 275 62223
23142 105 56638 96 36138 96 62223
23142 105 56638 96 36138 275 62223
23142 105 56638 96 67459 275 62223
23142 105 56638 96 71406 96 62223
23142 105 56638 96 45887 96 62223
23142 105 56638 96 45887 275 62223
23142 105 56638 96 11583 96 62223
23142 105 56638 96 11583 275 62223
23142 105 56638 96 5772 96 62223
23142 105 56638 96 5772 275 62223
23142 105 56638 96 27732 96 62223
23142 105 56638 96 27732 275 62223
23142 105 56638 275 66781 96 62223
23142 105 56638 275 66781 111 62223
23142 105 56638 275 66781 275 62223
23142 105 56638 275 24639 96 62223
23142 105 56638 224 41183 190 62223
23142 105 56638 224 62938 190 62223
23142 105 56638 38 50253 110 62223
23142 105 56638 38 11636 110 62223
23142 105 56638 38 10787 110 62223
23142 105 56638 38 51403 110 62223
23142 105 56638 38 5604 110 62223
23142 105 25762 96 13658 96 62223
23142 105 25762 96 13658 275 62223
23142 105 25762 96 54881 96 62223
23142 105 25762 96 54881 275 62223
23142 105 25762 96 63542 96 62223
23142 105 25762 96 63542 275 62223
23142 105 25762 96 50790 96 62223
23142 105 25762 96 50790 275 62223
23142 105 25762 96 18698 275 62223
23142 105 25762 82 11544 122 62223
23142 105 25762 224 23685 190 62223
23142 105 25762 224 40438 190 62223
23142 105 25762 38 65325 110 62223
23142 105 25762 38 51009 110 62223
23142 105 25762 340 72686 110 62223
23142 300 13797 211 12186 96 62223
23142 300 13797 211 12186 275 62223
23142 300 59812 211 70102 278 62223
23142 356 25720 325 35742 254 62223
23142 356 25720 325 35742 165 62223
23142 356 25720 325 21851 254 62223
23142 356 25720 325 58401 254 62223
23142 356 25720 295 15493 96 62223
23142 356 25720 295 15493 275 62223
23142 356 25720 295 72394 96 62223
23142 356 25720 295 58656 96 62223
23142 356 25720 295 58656 275 62223
23142 356 25720 295 24021 96 62223
23142 356 25720 333 38862 233 62223
23142 356 25720 333 22673 226 62223
23142 356 25720 333 24430 226 62223
23142 356 25720 333 38086 233 62223
23142 356 25720 333 38086 226 62223
23142 356 25720 333 38086 217 62223
23142 356 25720 333 38086 358 62223
23142 356 25720 333 23508 226 62223
23142 356 25720 333 71174 226 62223
23142 356 25720 387 3870 263 62223
23142 105 56638 96 9271 224 19187 190 62223
23142 105 56638 96 66729 224 3461 190 62223
23142 105 56638 96 45887 224 10162 190 62223
23142 105 56638 96 45887 224 50560 190 62223
23142 105 56638 96 5772 275 75142 96 62223
23142 300 59812 211 70102 256 13707 141 62223
23142 300 59812 211 70102 256 13707 254 62223
23142 356 25720 387 3870 316 55664 226 62223
23142 356 25720 387 3870 316 2372 233 62223
23142 356 25720 387 3870 316 2372 226 62223
23142 356 25720 387 3870 316 2372 217 62223
23142 356 25720 387 3870 316 5714 226 62223
23142 356 25720 387 3870 316 36675 226 62223
23142 356 25720 387 3870 316 21839 226 62223
23142 356 25720 387 3870 316 6100 226 62223
23142 356 25720 387 3870 316 42197 226 62223
23142 356 25720 387 3870 316 4707 226 62223
23142 356 25720 387 3870 316 52493 226 62223
23142 356 25720 387 3870 316 4078 226 62223
23142 356 25720 387 3870 316 63323 233 62223
23142 356 25720 387 3870 316 21335 226 62223
23142 356 25720 387 3870 316 40157 226 62223
