23142 105 25762
23142 105 62223 275 25762
23142 105 62223 96 25762
23142 105 56638 96 25762
23142 105 56638 111 25762
23142 105 56638 275 25762
23142 105 13855 172 25762
23142 105 13855 105 25762
23142 300 13797 211 25762
23142 300 59812 110 25762
23142 393 67410 392 25762
23142 356 25720 295 25762
23142 6 14472 382 25762
23142 105 62223 163 9271 96 25762
23142 105 62223 163 9271 275 25762
23142 105 62223 163 66781 96 25762
23142 105 62223 275 50790 96 25762
23142 105 62223 275 50790 275 25762
23142 105 62223 275 5011 96 25762
23142 105 62223 275 5011 275 25762
23142 105 62223 275 5772 96 25762
23142 105 62223 275 5772 275 25762
23142 105 62223 275 19732 96 25762
23142 105 62223 275 19732 275 25762
23142 105 62223 275 48204 96 25762
23142 105 62223 275 63705 96 25762
23142 105 62223 275 63705 275 25762
23142 105 62223 275 22834 275 25762
23142 105 62223 275 36138 96 25762
23142 105 62223 275 36138 275 25762
23142 105 62223 275 71406 96 25762
23142 105 62223 275 71406 275 25762
23142 105 62223 275 66372 96 25762
23142 105 62223 275 66372 275 25762
23142 105 62223 275 54881 96 25762
23142 105 62223 275 54881 275 25762
23142 105 62223 275 65592 96 25762
23142 105 62223 275 65592 275 25762
23142 105 62223 275 45887 96 25762
23142 105 62223 275 45887 275 25762
23142 105 62223 275 66729 96 25762
23142 105 62223 275 66729 275 25762
23142 105 62223 275 27732 96 25762
23142 105 62223 275 27732 275 25762
23142 105 62223 275 13658 96 25762
23142 105 62223 275 13658 275 25762
23142 105 62223 275 18204 96 25762
23142 105 62223 275 18204 163 25762
23142 105 62223 275 18204 275 25762
23142 105 62223 275 60255 96 25762
23142 105 62223 275 8678 96 25762
23142 105 62223 275 8678 275 25762
23142 105 62223 275 11583 96 25762
23142 105 62223 275 11583 275 25762
23142 105 62223 275 72579 96 25762
23142 105 62223 275 72579 275 25762
23142 105 62223 275 72579 111 25762
23142 105 62223 275 51176 275 25762
23142 105 62223 275 24639 96 25762
23142 105 62223 275 24639 275 25762
23142 105 62223 275 42192 96 25762
23142 105 62223 275 42192 275 25762
23142 105 62223 275 63542 96 25762
23142 105 62223 275 63542 275 25762
23142 105 62223 275 75078 96 25762
23142 105 62223 275 75078 275 25762
23142 105 62223 82 11544 122 25762
23142 105 62223 224 23685 190 25762
23142 105 62223 224 41183 190 25762
23142 105 62223 224 40438 190 25762
23142 105 62223 224 62938 190 25762
23142 105 62223 96 67459 275 25762
23142 105 62223 96 18698 96 25762
23142 105 62223 96 18698 275 25762
23142 105 62223 38 50253 110 25762
23142 105 62223 38 65325 110 25762
23142 105 62223 38 72686 360 25762
23142 105 62223 38 51009 110 25762
23142 105 62223 38 51403 110 25762
23142 105 62223 38 5604 110 25762
23142 105 56638 249 8623 105 25762
23142 105 56638 249 8623 172 25762
23142 105 56638 249 8623 342 25762
23142 105 56638 96 25592 275 25762
23142 105 56638 96 25592 96 25762
23142 105 56638 96 20410 96 25762
23142 105 56638 96 20410 275 25762
23142 105 56638 96 24713 96 25762
23142 105 56638 96 24713 275 25762
23142 105 56638 96 52597 275 25762
23142 105 56638 96 52597 96 25762
23142 105 56638 96 59389 96 25762
23142 105 56638 96 59389 275 25762
23142 105 56638 275 20423 96 25762
23142 105 56638 275 15812 96 25762
23142 105 56638 275 15812 275 25762
23142 105 56638 63 70997 278 25762
23142 105 56638 224 57536 190 25762
23142 300 13797 211 19813 105 25762
23142 300 13797 211 43545 172 25762
23142 300 13797 211 32662 96 25762
23142 300 13797 211 32662 275 25762
23142 300 13797 211 8365 275 25762
23142 300 13797 211 30028 96 25762
23142 300 13797 211 30028 275 25762
23142 300 13797 211 11206 96 25762
23142 300 13797 211 11206 275 25762
23142 300 13797 211 70710 96 25762
23142 300 13797 211 70710 275 25762
23142 300 13797 211 38302 96 25762
23142 300 13797 211 38302 275 25762
23142 300 13797 211 1167 172 25762
23142 300 13797 211 1167 105 25762
23142 300 59812 211 27332 172 25762
23142 300 59812 211 27332 105 25762
23142 300 59812 110 53190 96 25762
23142 300 59812 110 53190 275 25762
23142 300 59812 110 49559 275 25762
23142 300 59812 110 49559 96 25762
23142 300 59812 110 69649 96 25762
23142 300 59812 110 69649 275 25762
23142 300 59812 110 1140 96 25762
23142 300 59812 110 1140 275 25762
23142 300 59812 110 19984 96 25762
23142 300 59812 110 19984 275 25762
23142 300 59812 110 1495 96 25762
23142 300 59812 110 1495 275 25762
23142 300 59812 110 1436 96 25762
23142 300 59812 110 1436 275 25762
23142 300 59812 110 55088 96 25762
23142 300 59812 110 55088 275 25762
23142 300 59812 110 74047 96 25762
23142 300 59812 110 74047 275 25762
23142 300 59812 110 50318 96 25762
23142 300 59812 110 50318 275 25762
23142 300 59812 110 301 96 25762
23142 300 59812 110 301 275 25762
23142 300 59812 110 45948 96 25762
23142 300 59812 110 45948 275 25762
23142 300 59812 110 5890 275 25762
23142 300 59812 110 5890 96 25762
23142 300 59812 110 74231 96 25762
23142 300 59812 110 20916 275 25762
23142 300 59812 110 71211 96 25762
23142 300 59812 110 71211 275 25762
23142 300 59812 110 43732 96 25762
23142 300 59812 110 43732 275 25762
23142 300 59812 110 19994 96 25762
23142 300 59812 110 19994 275 25762
23142 300 59812 110 39807 96 25762
23142 300 59812 110 39807 275 25762
23142 300 59812 360 30918 96 25762
23142 300 59812 360 30918 275 25762
23142 393 67410 392 56785 275 25762
23142 393 67410 392 56785 96 25762
23142 393 67410 392 51568 96 25762
23142 393 67410 392 51568 275 25762
23142 356 25720 325 36369 254 25762
23142 356 25720 325 36369 141 25762
23142 356 25720 325 57312 254 25762
23142 356 25720 325 57312 141 25762
23142 356 25720 5 44861 226 25762
23142 356 25720 333 53215 233 25762
23142 356 25720 333 53215 226 25762
23142 356 25720 333 38261 226 25762
23142 356 25720 333 56975 233 25762
23142 356 25720 333 56975 226 25762
23142 356 25720 333 39177 226 25762
23142 356 25720 333 28076 226 25762
23142 356 25720 333 56803 226 25762
23142 356 25720 333 62202 226 25762
23142 356 25720 333 40952 226 25762
23142 356 25720 333 39854 226 25762
23142 356 25720 333 9217 233 25762
23142 356 25720 333 9217 226 25762
23142 356 25720 333 9217 217 25762
23142 356 25720 333 31626 233 25762
23142 356 25720 333 31626 226 25762
23142 356 25720 333 46307 226 25762
23142 356 25720 333 39872 226 25762
23142 356 25720 387 20621 263 25762
23142 356 25720 369 33054 277 25762
23142 6 14472 333 5718 226 25762
23142 6 14472 333 14067 233 25762
23142 6 14472 333 14067 226 25762
23142 6 14472 333 50750 226 25762
23142 6 14472 325 58341 226 25762
23142 105 62223 275 50790 5 32407 165 25762
23142 105 62223 275 5011 224 4081 190 25762
23142 105 62223 275 5011 224 14822 190 25762
23142 105 62223 275 11583 96 44021 96 25762
23142 105 62223 275 11583 256 33272 254 25762
23142 105 62223 275 11583 256 33272 217 25762
23142 105 62223 275 11583 256 74209 141 25762
23142 105 62223 275 42192 96 57454 275 25762
23142 105 62223 275 42192 96 69166 275 25762
23142 105 62223 275 42192 96 69166 96 25762
23142 105 62223 275 42192 105 4603 105 25762
23142 105 62223 275 42192 105 4603 172 25762
23142 105 62223 275 42192 224 18934 190 25762
23142 105 62223 275 42192 38 61961 110 25762
23142 105 62223 96 18698 38 33485 110 25762
23142 105 56638 275 54557 38 51401 110 25762
23142 105 56638 82 18017 287 30381 226 25762
23142 356 25720 387 20621 316 19604 226 25762
23142 356 25720 387 20621 316 7208 226 25762
23142 356 25720 387 20621 316 21557 226 25762
23142 356 25720 387 20621 316 48561 226 25762
23142 356 25720 387 20621 316 7578 226 25762
23142 356 25720 387 20621 316 15827 226 25762
23142 356 25720 387 20621 316 32182 226 25762
23142 356 25720 387 20621 316 62662 226 25762
23142 356 25720 387 20621 316 59617 226 25762
