33922 105 27339
33922 143 37487 113 73338 105 27339
33922 143 37487 113 29285 105 27339
33922 143 37487 113 29285 172 27339
33922 143 37487 113 39059 105 27339
33922 143 37487 113 21843 105 27339
33922 143 37487 113 21843 172 27339
33922 143 37487 113 71297 105 27339
33922 143 37487 113 71297 172 27339
33922 143 37487 113 63489 105 27339
33922 143 37487 113 17020 105 27339
33922 143 37487 113 34324 105 27339
33922 143 37487 113 21844 105 27339
33922 143 37487 113 34883 172 27339
33922 143 37487 113 48963 105 27339
33922 143 37487 113 48963 172 27339
33922 143 37487 113 14740 105 27339
33922 143 37487 113 59061 105 27339
33922 143 37487 113 26869 105 27339
33922 143 37487 113 61305 105 27339
33922 143 37487 113 44597 105 27339
33922 143 37487 113 28376 105 27339
33922 143 37487 113 58806 105 27339
33922 143 37487 113 23102 172 27339
33922 300 59812 211 44667 105 27339
33922 300 59812 211 44667 172 27339
33922 300 59812 211 43754 105 27339
33922 300 59812 211 43754 172 27339
33922 300 59812 211 32357 105 27339
33922 300 59812 211 40730 105 27339
33922 300 59812 211 40730 172 27339
33922 300 62434 211 33363 105 27339
33922 300 62434 211 72079 105 27339
33922 300 62434 211 16727 105 27339
33922 300 62434 211 16727 172 27339
33922 300 62434 211 68052 105 27339
33922 300 62434 211 68052 172 27339
33922 300 62434 211 57100 105 27339
33922 300 62434 211 57100 172 27339
33922 300 62434 211 52920 105 27339
33922 300 62434 211 1105 105 27339
33922 300 62434 211 72855 105 27339
33922 300 62434 211 72302 105 27339
33922 300 62434 211 28806 105 27339
33922 300 62434 211 18779 172 27339
33922 300 62434 211 18779 105 27339
33922 300 62434 211 26159 105 27339
33922 369 33054 32 3592 105 27339
33922 369 33054 32 72838 105 27339
33922 369 33054 32 7747 105 27339
33922 143 37487 113 63489 356 47194 105 27339
33922 300 59812 211 40730 105 3737 172 27339
33922 300 59812 211 14858 294 72636 172 27339
33922 300 62434 211 38128 15 12246 105 27339
33922 300 62434 211 1444 105 18645 105 27339
33922 300 62434 211 18597 373 60170 105 27339
33922 300 62434 211 18597 373 17478 105 27339
33922 369 33054 277 36156 359 40266 105 27339
33922 369 33054 332 29052 31 58627 172 27339
33922 369 33054 332 29052 31 50337 105 27339
33922 143 37487 113 62465 143 69742 113 45376 105 27339
33922 143 37487 113 62465 143 69742 113 48931 105 27339
33922 143 37487 113 62465 143 69742 113 23730 105 27339
33922 143 37487 113 62465 143 69742 113 26538 105 27339
33922 143 37487 113 62465 143 69742 113 26983 105 27339
33922 143 37487 113 62465 143 69742 113 3098 105 27339
33922 143 37487 113 62465 143 69742 113 3184 172 27339
33922 143 37487 113 62465 143 69742 113 54461 105 27339
33922 143 37487 113 62465 143 69742 113 66266 105 27339
33922 143 37487 113 73338 172 52734 105 22829 105 27339
33922 143 37487 113 73338 172 52734 105 15701 105 27339
33922 143 37487 113 71297 143 67264 113 18166 172 27339
33922 143 37487 113 71297 143 67264 113 18166 105 27339
33922 143 37487 113 51172 151 53811 277 63368 105 27339
33922 143 37487 113 58806 369 14736 172 69195 105 27339
33922 143 37487 113 65931 172 63771 105 11414 105 27339
