34351 105 52734
34351 164 58806 172 52734
34351 102 44084 172 52734
34351 102 44084 105 52734
34351 164 18645 143 69742 113 52734
34351 164 18645 143 67171 113 52734
34351 164 58806 369 14736 172 52734
34351 164 58806 369 14736 105 52734
34351 102 44084 15 63489 172 52734
34351 256 54168 254 58853 105 52734
34351 256 54168 254 74935 172 52734
34351 256 54168 254 74935 105 52734
34351 256 54168 254 51172 172 52734
34351 256 54168 254 51172 105 52734
34351 256 54168 254 9561 172 52734
34351 256 54168 254 34324 172 52734
34351 256 54168 254 13518 172 52734
34351 256 54168 254 13518 105 52734
34351 256 54168 254 75367 105 52734
34351 256 54168 254 7747 172 52734
34351 256 54168 254 71837 172 52734
34351 256 54168 254 71837 105 52734
34351 256 54168 254 14740 172 52734
34351 256 54168 254 16381 172 52734
34351 256 54168 254 16381 105 52734
34351 256 54168 254 5956 172 52734
34351 256 54168 254 59152 172 52734
34351 256 54168 254 59152 105 52734
34351 256 54168 254 59822 172 52734
34351 256 54168 254 59822 105 52734
34351 256 54168 254 28376 172 52734
34351 383 69092 294 26869 172 52734
34351 383 69092 294 72838 172 52734
34351 383 69092 294 71653 172 52734
34351 383 69092 294 71653 105 52734
34351 383 69092 294 3592 172 52734
34351 383 69092 294 32357 172 52734
34351 383 69092 294 17020 172 52734
34351 383 69092 294 69372 172 52734
34351 383 69092 294 69372 105 52734
34351 383 69092 294 38680 105 52734
34351 383 69092 294 72855 172 52734
34351 383 69092 294 52920 172 52734
34351 75 6067 32 44534 105 52734
34351 75 6067 151 44597 172 52734
34351 75 6067 369 6534 172 52734
34351 164 18645 105 27339 172 33363 172 52734
34351 164 18645 105 27339 172 73338 172 52734
34351 164 18645 105 27339 172 39059 172 52734
34351 164 18645 105 27339 172 45376 172 52734
34351 164 18645 105 27339 172 15701 172 52734
34351 164 18645 105 27339 172 48931 172 52734
34351 164 18645 105 27339 172 40266 172 52734
34351 164 18645 105 27339 172 23730 172 52734
34351 164 18645 105 27339 172 22829 172 52734
34351 164 18645 105 27339 172 47194 172 52734
34351 164 18645 105 27339 172 54461 172 52734
34351 164 18645 105 27339 172 72302 172 52734
34351 164 18645 102 5767 359 30973 172 52734
34351 164 18645 102 5767 359 30973 105 52734
34351 164 18645 102 60885 359 1443 172 52734
34351 164 18645 102 60885 359 1443 105 52734
34351 164 18645 102 36156 359 33419 172 52734
34351 164 18645 102 36156 359 33419 105 52734
34351 164 18645 102 36156 359 39896 172 52734
34351 164 18645 102 46685 359 63685 172 52734
34351 164 18645 102 46685 359 63685 105 52734
34351 164 18645 102 46685 359 71294 172 52734
34351 164 18645 102 46685 359 71294 105 52734
34351 164 18645 102 46685 359 32644 172 52734
34351 164 18645 102 46685 359 54052 172 52734
34351 164 18645 102 46685 359 54052 105 52734
34351 164 18645 102 46685 359 63359 172 52734
34351 164 18645 102 46685 359 56300 172 52734
34351 164 18645 102 46685 359 56300 105 52734
34351 164 18645 102 46685 359 73300 105 52734
34351 164 18645 102 46685 359 68258 172 52734
34351 164 18645 102 46685 359 68258 105 52734
34351 164 18645 102 46685 359 54091 172 52734
34351 164 18645 143 69742 113 52103 105 52734
34351 164 18645 143 69742 113 52103 172 52734
34351 164 18645 143 69742 113 50583 105 52734
34351 164 18645 143 69742 113 50583 172 52734
34351 164 18645 143 69742 113 73058 105 52734
34351 164 18645 143 69742 113 73058 172 52734
34351 164 18645 143 69742 113 67567 105 52734
34351 164 18645 143 69742 113 67567 172 52734
34351 164 18645 143 69742 113 64690 105 52734
34351 164 18645 143 69742 113 64690 172 52734
34351 164 18645 143 69742 113 33546 105 52734
34351 164 18645 143 69742 113 33546 172 52734
34351 164 18645 143 69742 113 10831 105 52734
34351 164 18645 143 69742 113 10831 172 52734
34351 164 18645 143 69742 113 1552 105 52734
34351 164 18645 143 69742 113 1552 172 52734
34351 164 18645 143 69742 113 27826 105 52734
34351 164 18645 143 69742 113 27826 172 52734
34351 164 18645 143 69742 113 11303 105 52734
34351 164 18645 143 69742 113 53567 172 52734
34351 164 18645 143 69742 113 53567 105 52734
34351 164 18645 143 69742 113 6257 172 52734
34351 164 18645 143 69742 113 6257 105 52734
34351 164 18645 143 69742 113 74545 172 52734
34351 164 18645 143 69742 113 74545 105 52734
34351 164 18645 143 69742 113 69510 172 52734
34351 164 18645 143 69742 113 69510 105 52734
34351 164 18645 143 69742 113 66411 172 52734
34351 164 18645 143 69742 113 66411 105 52734
34351 164 18645 143 69742 113 1390 172 52734
34351 164 18645 143 69742 113 1390 105 52734
34351 164 18645 143 69742 113 12087 172 52734
34351 164 18645 143 69742 113 12087 105 52734
34351 164 18645 143 69742 113 39635 105 52734
34351 164 18645 143 69742 113 37542 172 52734
34351 164 18645 143 69742 113 37542 105 52734
34351 164 18645 143 69742 113 12511 172 52734
34351 164 18645 143 69742 113 12511 105 52734
34351 164 18645 143 69742 113 14146 172 52734
34351 164 18645 143 69742 113 14146 105 52734
34351 164 18645 143 69742 113 74800 172 52734
34351 164 18645 143 69742 113 74800 105 52734
34351 164 18645 143 69742 113 21043 172 52734
34351 164 18645 143 69742 113 21043 105 52734
34351 164 18645 143 69742 113 11658 172 52734
34351 164 18645 143 69742 113 11658 105 52734
34351 164 18645 143 69742 113 9345 172 52734
34351 164 18645 143 69742 113 9345 105 52734
34351 164 18645 143 69742 113 10340 172 52734
34351 164 18645 143 69742 113 10340 105 52734
34351 164 18645 143 69742 113 19869 172 52734
34351 164 18645 143 69742 113 19869 105 52734
34351 164 18645 143 69742 113 16704 172 52734
34351 164 18645 143 69742 113 16704 105 52734
34351 164 18645 143 69742 113 10594 172 52734
34351 164 18645 143 69742 113 10594 105 52734
34351 164 18645 143 69742 113 60921 172 52734
34351 164 18645 143 69742 113 60921 105 52734
34351 164 18645 143 69742 113 66084 172 52734
34351 164 18645 143 69742 113 66084 105 52734
34351 164 18645 143 69742 113 28767 105 52734
34351 164 18645 143 69742 113 22397 105 52734
34351 164 18645 143 69742 113 56402 172 52734
34351 164 18645 143 69742 113 56402 105 52734
34351 164 18645 143 69742 113 62009 172 52734
34351 164 18645 143 69742 113 1734 172 52734
34351 164 18645 143 69742 113 1734 105 52734
34351 164 18645 143 69742 113 20874 172 52734
34351 164 18645 143 69742 113 20874 105 52734
34351 164 18645 143 69742 113 60813 172 52734
34351 164 18645 143 69742 113 60813 105 52734
34351 164 18645 143 69742 113 16957 172 52734
34351 164 18645 143 69742 113 16957 105 52734
34351 164 18645 143 67171 113 29773 172 52734
34351 164 18645 143 67171 113 29773 105 52734
34351 164 18645 143 67171 113 59439 172 52734
34351 164 18645 143 67171 113 59439 105 52734
34351 164 18645 143 67171 113 6196 172 52734
34351 164 18645 143 67171 113 67726 172 52734
34351 164 18645 172 63771 172 59797 172 52734
34351 164 18645 172 63771 172 41213 172 52734
34351 164 18645 172 63771 172 5808 172 52734
34351 164 18645 172 63771 172 41688 172 52734
34351 164 18645 172 63771 172 34222 172 52734
34351 164 18645 172 63771 105 41975 105 52734
34351 164 18645 172 63771 105 5834 105 52734
34351 164 58806 75 33054 277 50866 172 52734
34351 164 58806 75 33054 277 50866 105 52734
34351 164 58806 75 33054 277 19045 105 52734
34351 164 58806 75 33054 277 21242 172 52734
34351 164 58806 75 33054 277 21242 105 52734
34351 164 58806 102 38570 359 63974 172 52734
34351 164 58806 143 37487 113 38430 172 52734
34351 164 58806 143 37487 113 38430 105 52734
34351 164 58806 143 37487 113 59031 172 52734
34351 164 58806 300 62434 211 58723 172 52734
34351 164 58806 300 62434 211 36805 105 52734
34351 164 58806 300 62434 211 4400 172 52734
34351 164 58806 300 62434 211 4400 105 52734
34351 164 58806 300 62434 211 228 172 52734
34351 164 58806 300 62434 211 228 105 52734
34351 164 58806 300 62434 211 31597 105 52734
34351 164 58806 300 62434 211 19706 172 52734
34351 164 58806 300 62434 211 47261 172 52734
34351 164 58806 300 62434 211 47261 105 52734
34351 164 58806 300 62434 211 13918 105 52734
34351 164 58806 300 59812 211 52081 105 52734
34351 164 58806 300 59812 211 52081 172 52734
34351 164 58806 300 59812 211 71878 172 52734
34351 164 58806 300 59812 211 71878 105 52734
34351 164 58806 300 59812 211 59779 105 52734
34351 164 58806 300 59812 211 37256 172 52734
34351 164 58806 300 38807 211 29426 172 52734
34351 164 58806 300 38807 211 29426 105 52734
34351 164 58806 332 7925 205 20231 172 52734
34351 164 58806 332 29065 31 17727 6 52734
34351 164 58806 369 14736 172 64790 105 52734
34351 164 58806 369 14736 172 64790 172 52734
34351 164 58806 356 18597 373 13588 172 52734
34351 256 54168 379 1483 88 68448 172 52734
34351 256 54168 379 1483 88 68448 105 52734
34351 383 69092 294 72838 172 57115 172 52734
34351 164 58806 369 14736 172 64790 105 45378 172 52734
34351 164 18645 105 54129 172 45914 172 2873 172 37890 172 52734
34351 164 18645 105 27339 172 48931 102 72517 359 20263 172 52734
34351 164 18645 105 27339 172 48931 102 72517 359 20263 105 52734
34351 164 18645 143 69742 113 25740 303 30190 303 11743 105 52734
