44667 105 27339
44667 172 27339
44667 300 59812 211 33922 105 27339
44667 300 59812 211 43754 105 27339
44667 300 59812 211 43754 172 27339
44667 300 59812 211 32357 105 27339
44667 300 59812 211 14740 105 27339
44667 300 59812 211 40730 105 27339
44667 300 59812 211 40730 172 27339
44667 300 59812 211 58806 105 27339
44667 300 62434 211 33363 105 27339
44667 300 62434 211 72079 105 27339
44667 300 62434 211 29285 105 27339
44667 300 62434 211 29285 172 27339
44667 300 62434 211 21843 105 27339
44667 300 62434 211 21843 172 27339
44667 300 62434 211 16727 105 27339
44667 300 62434 211 16727 172 27339
44667 300 62434 211 71297 105 27339
44667 300 62434 211 71297 172 27339
44667 300 62434 211 17020 105 27339
44667 300 62434 211 68052 105 27339
44667 300 62434 211 68052 172 27339
44667 300 62434 211 57100 105 27339
44667 300 62434 211 57100 172 27339
44667 300 62434 211 48963 105 27339
44667 300 62434 211 48963 172 27339
44667 300 62434 211 52920 105 27339
44667 300 62434 211 1105 105 27339
44667 300 62434 211 72855 105 27339
44667 300 62434 211 72302 105 27339
44667 300 62434 211 28806 105 27339
44667 300 62434 211 28376 105 27339
44667 300 62434 211 18779 172 27339
44667 300 62434 211 18779 105 27339
44667 300 62434 211 26159 105 27339
44667 300 59812 211 14740 359 34324 105 27339
44667 300 59812 211 40730 105 3737 172 27339
44667 300 59812 211 44084 15 63489 105 27339
44667 300 59812 211 14858 294 72636 172 27339
44667 300 62434 211 38128 15 12246 105 27339
44667 300 62434 211 1444 105 18645 105 27339
44667 300 62434 211 18597 373 60170 105 27339
44667 300 62434 211 18597 373 7747 105 27339
44667 300 62434 211 18597 373 17478 105 27339
44667 300 62434 211 18597 373 59061 105 27339
44667 300 62434 211 32131 126 26869 105 27339
44667 300 62434 252 33054 32 3592 105 27339
44667 300 62434 252 33054 32 72838 105 27339
44667 300 62434 252 33054 32 44597 105 27339
44667 300 59812 211 51021 143 37487 113 73338 105 27339
44667 300 59812 211 51021 143 37487 113 39059 105 27339
44667 300 59812 211 51021 143 37487 113 21844 105 27339
44667 300 59812 211 51021 143 37487 113 34883 172 27339
44667 300 59812 211 51021 143 37487 113 61305 105 27339
44667 300 59812 211 51021 143 37487 113 23102 172 27339
44667 300 59812 211 45407 57 1705 31 47194 105 27339
44667 300 59812 211 45407 57 65855 31 58627 172 27339
44667 300 59812 211 45407 57 65855 31 50337 105 27339
44667 300 59812 211 19642 256 54168 254 26983 105 27339
44667 300 59812 211 19642 256 54168 254 66266 105 27339
44667 300 59812 211 52081 105 52734 105 45376 105 27339
44667 300 59812 211 52081 105 52734 105 54461 105 27339
44667 300 59812 211 52081 105 52734 105 40266 105 27339
44667 300 59812 211 52081 105 52734 105 23730 105 27339
44667 300 59812 211 52081 105 52734 105 48931 105 27339
44667 300 59812 211 52081 105 52734 105 22829 105 27339
44667 300 59812 211 52081 105 52734 105 15701 105 27339
44667 300 59812 211 30884 143 69742 113 26538 105 27339
44667 300 59812 211 30884 143 69742 113 3098 105 27339
44667 300 59812 211 30884 143 69742 113 3184 172 27339
44667 300 59812 211 70550 369 53811 277 63368 105 27339
44667 300 59812 211 44741 172 63771 105 11414 105 27339
44667 300 59812 211 44741 172 63771 105 69195 105 27339
44667 300 59812 211 59822 143 67264 113 18166 172 27339
44667 300 59812 211 59822 143 67264 113 18166 105 27339
