50583 105 52734
50583 172 52734
50583 143 69742 113 52734
50583 143 67171 113 52734
50583 143 69742 113 58853 105 52734
50583 143 69742 113 73338 172 52734
50583 143 69742 113 52103 105 52734
50583 143 69742 113 52103 172 52734
50583 143 69742 113 73058 105 52734
50583 143 69742 113 73058 172 52734
50583 143 69742 113 67567 105 52734
50583 143 69742 113 67567 172 52734
50583 143 69742 113 64690 105 52734
50583 143 69742 113 64690 172 52734
50583 143 69742 113 33546 105 52734
50583 143 69742 113 33546 172 52734
50583 143 69742 113 10831 105 52734
50583 143 69742 113 10831 172 52734
50583 143 69742 113 1552 105 52734
50583 143 69742 113 1552 172 52734
50583 143 69742 113 39059 172 52734
50583 143 69742 113 27826 105 52734
50583 143 69742 113 27826 172 52734
50583 143 69742 113 30973 172 52734
50583 143 69742 113 30973 105 52734
50583 143 69742 113 71294 172 52734
50583 143 69742 113 71294 105 52734
50583 143 69742 113 11303 105 52734
50583 143 69742 113 53567 172 52734
50583 143 69742 113 53567 105 52734
50583 143 69742 113 54052 172 52734
50583 143 69742 113 54052 105 52734
50583 143 69742 113 45376 172 52734
50583 143 69742 113 56300 172 52734
50583 143 69742 113 56300 105 52734
50583 143 69742 113 73300 105 52734
50583 143 69742 113 51172 172 52734
50583 143 69742 113 51172 105 52734
50583 143 69742 113 63489 172 52734
50583 143 69742 113 6257 172 52734
50583 143 69742 113 6257 105 52734
50583 143 69742 113 17020 172 52734
50583 143 69742 113 74545 172 52734
50583 143 69742 113 74545 105 52734
50583 143 69742 113 34324 172 52734
50583 143 69742 113 13518 172 52734
50583 143 69742 113 13518 105 52734
50583 143 69742 113 48931 172 52734
50583 143 69742 113 40266 172 52734
50583 143 69742 113 23730 172 52734
50583 143 69742 113 72838 172 52734
50583 143 69742 113 3592 172 52734
50583 143 69742 113 75367 105 52734
50583 143 69742 113 14736 172 52734
50583 143 69742 113 14736 105 52734
50583 143 69742 113 69510 172 52734
50583 143 69742 113 69510 105 52734
50583 143 69742 113 66411 172 52734
50583 143 69742 113 66411 105 52734
50583 143 69742 113 1390 172 52734
50583 143 69742 113 1390 105 52734
50583 143 69742 113 12087 172 52734
50583 143 69742 113 12087 105 52734
50583 143 69742 113 39635 105 52734
50583 143 69742 113 37542 172 52734
50583 143 69742 113 37542 105 52734
50583 143 69742 113 12511 172 52734
50583 143 69742 113 12511 105 52734
50583 143 69742 113 69372 172 52734
50583 143 69742 113 69372 105 52734
50583 143 69742 113 14146 172 52734
50583 143 69742 113 14146 105 52734
50583 143 69742 113 74800 172 52734
50583 143 69742 113 74800 105 52734
50583 143 69742 113 21043 172 52734
50583 143 69742 113 21043 105 52734
50583 143 69742 113 11658 172 52734
50583 143 69742 113 11658 105 52734
50583 143 69742 113 44084 172 52734
50583 143 69742 113 44084 105 52734
50583 143 69742 113 16381 172 52734
50583 143 69742 113 16381 105 52734
50583 143 69742 113 9345 172 52734
50583 143 69742 113 9345 105 52734
50583 143 69742 113 54091 172 52734
50583 143 69742 113 10340 172 52734
50583 143 69742 113 10340 105 52734
50583 143 69742 113 19869 172 52734
50583 143 69742 113 19869 105 52734
50583 143 69742 113 26869 172 52734
50583 143 69742 113 16704 172 52734
50583 143 69742 113 16704 105 52734
50583 143 69742 113 54461 172 52734
50583 143 69742 113 10594 172 52734
50583 143 69742 113 10594 105 52734
50583 143 69742 113 60921 172 52734
50583 143 69742 113 60921 105 52734
50583 143 69742 113 66084 172 52734
50583 143 69742 113 66084 105 52734
50583 143 69742 113 44597 172 52734
50583 143 69742 113 28767 105 52734
50583 143 69742 113 22397 105 52734
50583 143 69742 113 72855 172 52734
50583 143 69742 113 59152 172 52734
50583 143 69742 113 59152 105 52734
50583 143 69742 113 56402 172 52734
50583 143 69742 113 56402 105 52734
50583 143 69742 113 62009 172 52734
50583 143 69742 113 1734 172 52734
50583 143 69742 113 1734 105 52734
50583 143 69742 113 20874 172 52734
50583 143 69742 113 20874 105 52734
50583 143 69742 113 72302 172 52734
50583 143 69742 113 6534 172 52734
50583 143 69742 113 60813 172 52734
50583 143 69742 113 60813 105 52734
50583 143 69742 113 28376 172 52734
50583 143 69742 113 58806 172 52734
50583 143 69742 113 1443 172 52734
50583 143 69742 113 1443 105 52734
50583 143 69742 113 16957 172 52734
50583 143 69742 113 16957 105 52734
50583 143 67171 113 29773 172 52734
50583 143 67171 113 29773 105 52734
50583 143 67171 113 59439 172 52734
50583 143 67171 113 59439 105 52734
50583 143 67171 113 6196 172 52734
50583 143 67171 113 67726 172 52734
50583 143 69742 113 52103 6 63974 172 52734
50583 143 69742 113 18645 147 34351 105 52734
50583 143 69742 113 63489 356 47194 172 52734
50583 143 69742 113 34324 102 14740 172 52734
50583 143 69742 113 72838 172 57115 172 52734
50583 143 69742 113 14736 172 64790 105 52734
50583 143 69742 113 14736 172 64790 172 52734
50583 143 69742 113 14736 172 22829 172 52734
50583 143 69742 113 14736 373 34222 172 52734
50583 143 69742 113 65917 102 52920 172 52734
50583 143 69742 113 62465 143 37487 113 74935 172 52734
50583 143 69742 113 62465 143 37487 113 74935 105 52734
50583 143 69742 113 62465 143 37487 113 38430 172 52734
50583 143 69742 113 62465 143 37487 113 38430 105 52734
50583 143 69742 113 62465 143 37487 113 59031 172 52734
50583 143 69742 113 62465 143 37487 113 59822 172 52734
50583 143 69742 113 62465 143 37487 113 59822 105 52734
50583 143 69742 113 56677 396 54516 35 9561 172 52734
50583 143 69742 113 58853 102 60885 359 71837 172 52734
50583 143 69742 113 58853 102 60885 359 71837 105 52734
50583 143 69742 113 58853 102 6934 359 63685 172 52734
50583 143 69742 113 58853 102 6934 359 63685 105 52734
50583 143 69742 113 58853 102 6934 359 39896 172 52734
50583 143 69742 113 58853 102 46685 359 32644 172 52734
50583 143 69742 113 58853 102 46685 359 63359 172 52734
50583 143 69742 113 58853 102 46685 359 7747 172 52734
50583 143 69742 113 58853 102 46685 359 68258 172 52734
50583 143 69742 113 58853 102 46685 359 68258 105 52734
50583 143 69742 113 58853 256 54168 254 5956 172 52734
50583 143 69742 113 73338 105 27339 172 33363 172 52734
50583 143 69742 113 73338 105 27339 172 15701 172 52734
50583 143 69742 113 73338 105 27339 172 32357 172 52734
50583 143 69742 113 52103 255 60073 102 17727 6 52734
50583 143 69742 113 18645 102 36156 359 33419 172 52734
50583 143 69742 113 18645 102 36156 359 33419 105 52734
50583 143 69742 113 18645 172 63771 172 59797 172 52734
50583 143 69742 113 18645 172 63771 172 41213 172 52734
50583 143 69742 113 18645 172 63771 172 5808 172 52734
50583 143 69742 113 18645 172 63771 172 41688 172 52734
50583 143 69742 113 18645 172 63771 105 41975 105 52734
50583 143 69742 113 18645 172 63771 105 5834 105 52734
50583 143 69742 113 64690 332 10045 31 19706 172 52734
50583 143 69742 113 64690 332 29052 31 50866 172 52734
50583 143 69742 113 64690 332 29052 31 50866 105 52734
50583 143 69742 113 10831 300 62434 211 58723 172 52734
50583 143 69742 113 10831 300 62434 211 36805 105 52734
50583 143 69742 113 10831 300 62434 211 4400 172 52734
50583 143 69742 113 10831 300 62434 211 4400 105 52734
50583 143 69742 113 10831 300 62434 211 38680 105 52734
50583 143 69742 113 10831 300 62434 211 228 172 52734
50583 143 69742 113 10831 300 62434 211 228 105 52734
50583 143 69742 113 10831 300 62434 211 31597 105 52734
50583 143 69742 113 10831 300 62434 211 47261 172 52734
50583 143 69742 113 10831 300 62434 211 47261 105 52734
50583 143 69742 113 10831 300 62434 211 71653 172 52734
50583 143 69742 113 10831 300 62434 211 71653 105 52734
50583 143 69742 113 10831 300 62434 211 13918 105 52734
50583 143 69742 113 10831 300 38807 211 29426 172 52734
50583 143 69742 113 10831 300 38807 211 29426 105 52734
50583 143 69742 113 10831 356 18597 373 13588 172 52734
50583 143 69742 113 66245 369 33054 277 19045 105 52734
50583 143 69742 113 66245 369 33054 277 21242 172 52734
50583 143 69742 113 66245 369 33054 277 21242 105 52734
50583 143 69742 113 68072 102 72517 359 20263 172 52734
50583 143 69742 113 68072 102 72517 359 20263 105 52734
50583 143 69742 113 30884 300 59812 211 52081 105 52734
50583 143 69742 113 30884 300 59812 211 52081 172 52734
50583 143 69742 113 30884 300 59812 211 71878 172 52734
50583 143 69742 113 30884 300 59812 211 71878 105 52734
50583 143 69742 113 30884 300 59812 211 59779 105 52734
50583 143 69742 113 30884 300 59812 211 37256 172 52734
50583 143 69742 113 69984 332 74810 205 20231 172 52734
50583 143 69742 113 25740 303 30190 303 11743 105 52734
50583 143 69742 113 35180 252 6067 32 44534 105 52734
50583 143 69742 113 14736 172 64790 105 45378 172 52734
50583 143 69742 113 58853 256 54168 379 1483 88 68448 172 52734
50583 143 69742 113 58853 256 54168 379 1483 88 68448 105 52734
50583 143 69742 113 72855 172 71536 105 2873 172 37890 172 52734
