52103 105 14736
52103 105 52734 172 14736
52103 105 52734 105 14736
52103 143 69742 113 14736
52103 255 30687 105 14736
52103 336 52489 172 14736
52103 336 52489 105 14736
52103 336 74334 172 14736
52103 336 74334 105 14736
52103 336 57560 172 14736
52103 336 70609 172 14736
52103 336 70609 105 14736
52103 357 2907 255 34222 356 14736
52103 357 2907 356 42173 172 14736
52103 357 10184 356 58243 172 14736
52103 357 10184 356 58243 105 14736
52103 105 52734 172 64790 105 14736
52103 105 52734 172 64790 172 14736
52103 105 52734 172 56402 105 14736
52103 105 52734 172 20874 105 14736
52103 105 52734 105 72838 105 14736
52103 105 52734 105 58806 369 14736
52103 105 52734 105 58806 358 14736
52103 105 52734 105 22829 172 14736
52103 105 52734 105 22829 105 14736
52103 143 69742 113 65636 105 14736
52103 143 69742 113 65636 172 14736
52103 143 69742 113 7417 172 14736
52103 255 60073 372 38128 141 14736
52103 255 60073 332 65853 31 14736
52103 255 60073 332 23453 31 14736
52103 336 53751 396 54516 35 14736
52103 336 74334 336 60344 172 14736
52103 336 74334 336 60344 105 14736
52103 357 2907 105 63771 172 48732 172 14736
52103 357 2907 105 63771 172 48732 105 14736
52103 357 2907 105 63771 172 72144 172 14736
52103 357 2907 105 63771 172 72144 105 14736
52103 357 2907 105 63771 172 32690 105 14736
52103 357 2907 105 63771 172 55165 172 14736
52103 357 2907 105 63771 172 55165 105 14736
52103 357 2907 105 63771 172 68843 105 14736
52103 357 2907 105 63771 105 69195 105 14736
52103 357 2907 255 3007 332 29064 31 14736
52103 357 2907 255 3007 332 29052 31 14736
52103 357 2907 255 34222 332 29065 31 14736
52103 357 2907 255 34222 356 68204 249 14736
52103 357 2907 356 42173 332 65857 31 14736
52103 357 2907 336 37269 373 66223 356 14736
52103 357 2907 336 37269 357 27341 356 14736
52103 357 2907 336 37269 357 72384 356 14736
52103 357 2907 336 37269 357 7330 356 14736
52103 357 2907 336 37269 357 16026 356 14736
52103 357 2907 336 37269 357 13737 356 14736
52103 357 2907 336 37269 54 33622 249 14736
52103 357 2907 336 37269 97 75055 15 14736
52103 357 2907 336 37269 97 75055 130 14736
52103 357 2907 336 37269 97 75055 369 14736
52103 357 2907 336 37269 97 75055 141 14736
52103 357 2907 336 37269 372 57101 130 14736
52103 357 2907 336 37269 372 38561 130 14736
52103 105 52734 172 34351 15 38490 254 14736
52103 105 52734 172 34351 15 38490 35 14736
52103 105 52734 172 34351 15 38490 130 14736
52103 105 52734 172 34351 15 38490 141 14736
52103 105 52734 172 14146 172 18521 172 14736
52103 105 52734 172 14146 172 18521 105 14736
52103 143 69742 113 56677 398 28806 6 14736
52103 143 69742 113 56677 396 58146 35 14736
52103 357 2907 336 37269 336 46069 356 19408 172 14736
52103 357 2907 336 37269 336 46069 356 19408 105 14736
