57577 105 27332
57577 172 27332
57577 300 59812 211 27332
57577 356 14472 164 27332
57577 300 59812 211 65339 105 27332
57577 300 59812 211 22748 105 27332
57577 300 59812 211 70339 105 27332
57577 300 59812 211 72019 172 27332
57577 300 59812 110 25762 172 27332
57577 300 59812 110 25762 105 27332
57577 300 59812 110 33888 105 27332
57577 393 67410 75 6067 151 27332
57577 300 59812 211 19642 369 33054 277 27332
57577 300 59812 211 53751 28 31299 15 27332
57577 300 59812 211 53751 28 32498 15 27332
57577 300 59812 211 53751 5 26929 15 27332
57577 300 59812 211 53751 382 1872 358 27332
57577 300 59812 211 53751 382 1872 6 27332
57577 300 59812 211 53751 256 38868 15 27332
57577 300 59812 211 53751 256 38868 398 27332
57577 300 59812 211 53751 396 71957 15 27332
57577 300 59812 211 66182 300 50253 211 27332
57577 300 59812 110 65245 38 18105 211 27332
57577 300 59812 110 32662 277 66047 369 27332
57577 300 59812 110 45948 5 22910 15 27332
57577 300 59812 110 45948 5 42541 15 27332
57577 300 59812 110 45948 5 23797 15 27332
57577 300 59812 110 45948 5 63684 15 27332
57577 300 59812 110 45948 340 48631 211 27332
57577 300 59812 110 45948 340 8483 211 27332
57577 300 59812 110 45948 340 52819 211 27332
57577 300 59812 110 45948 340 13432 211 27332
57577 300 59812 110 45948 340 44117 211 27332
57577 300 59812 110 45948 340 64330 211 27332
57577 300 59812 110 45948 340 8817 211 27332
57577 300 59812 110 45948 340 45372 211 27332
57577 300 59812 110 45948 340 51119 211 27332
57577 300 59812 110 45948 340 4337 211 27332
57577 300 59812 110 45948 340 69499 211 27332
57577 300 59812 110 45948 340 12006 211 27332
57577 300 59812 110 45948 340 54540 211 27332
57577 300 59812 110 45948 340 36630 211 27332
57577 300 59812 110 45948 340 43779 211 27332
57577 300 59812 110 45948 340 18247 211 27332
57577 300 59812 110 45948 340 70956 211 27332
57577 300 59812 110 45948 340 46155 211 27332
57577 300 59812 110 45948 340 17957 211 27332
57577 300 59812 110 45948 340 5643 211 27332
57577 300 59812 110 45948 340 45752 211 27332
57577 300 59812 110 45948 340 47957 211 27332
57577 300 59812 110 45948 340 17129 211 27332
57577 300 59812 110 45948 340 36341 211 27332
57577 300 59812 110 45948 340 6636 211 27332
57577 300 59812 110 74231 340 69824 211 27332
57577 356 14472 333 74536 217 37992 382 49884 15 27332
