72079 105 27339
72079 373 17020 105 27339
72079 373 28376 105 27339
72079 373 58806 105 27339
72079 300 66239 211 26159 105 27339
72079 300 62434 211 33363 105 27339
72079 300 62434 211 44667 105 27339
72079 300 62434 211 44667 172 27339
72079 300 62434 211 33922 105 27339
72079 300 62434 211 29285 105 27339
72079 300 62434 211 29285 172 27339
72079 300 62434 211 21843 105 27339
72079 300 62434 211 21843 172 27339
72079 300 62434 211 16727 105 27339
72079 300 62434 211 16727 172 27339
72079 300 62434 211 71297 105 27339
72079 300 62434 211 71297 172 27339
72079 300 62434 211 32357 105 27339
72079 300 62434 211 68052 105 27339
72079 300 62434 211 68052 172 27339
72079 300 62434 211 57100 105 27339
72079 300 62434 211 57100 172 27339
72079 300 62434 211 48963 105 27339
72079 300 62434 211 48963 172 27339
72079 300 62434 211 40730 105 27339
72079 300 62434 211 40730 172 27339
72079 300 62434 211 52920 105 27339
72079 300 62434 211 1105 105 27339
72079 300 62434 211 72855 105 27339
72079 300 62434 211 72302 105 27339
72079 300 62434 211 28806 105 27339
72079 300 62434 211 18779 172 27339
72079 300 62434 211 18779 105 27339
72079 332 1707 31 72838 105 27339
72079 332 1707 31 14740 105 27339
72079 332 10045 31 7747 105 27339
72079 332 10045 31 26869 105 27339
72079 332 10045 31 47194 105 27339
72079 332 10045 31 50337 105 27339
72079 332 10045 31 72636 172 27339
72079 332 65855 31 58627 172 27339
72079 332 29052 31 63489 105 27339
72079 332 29052 31 59061 105 27339
72079 332 29052 31 44597 105 27339
72079 332 29065 31 3592 105 27339
72079 332 29065 31 34883 172 27339
72079 332 29064 31 22829 105 27339
72079 332 23453 31 39059 105 27339
72079 256 54168 254 43754 105 27339
72079 256 54168 254 43754 172 27339
72079 256 54168 254 60170 105 27339
72079 256 54168 254 34324 105 27339
72079 256 54168 254 26983 105 27339
72079 256 54168 254 66266 105 27339
72079 398 39635 105 52734 105 45376 105 27339
72079 398 39635 105 52734 105 54461 105 27339
72079 398 39635 105 52734 105 40266 105 27339
72079 398 39635 105 52734 105 73338 105 27339
72079 398 39635 105 52734 105 23730 105 27339
72079 398 39635 105 52734 105 48931 105 27339
72079 398 39635 105 52734 105 15701 105 27339
72079 398 39635 143 69742 113 18645 105 27339
72079 398 39635 143 69742 113 26538 105 27339
72079 398 39635 143 69742 113 17478 105 27339
72079 398 39635 143 69742 113 3098 105 27339
72079 398 39635 143 69742 113 3184 172 27339
72079 398 39635 143 69742 113 61305 105 27339
72079 398 39635 143 69742 113 23102 172 27339
72079 382 60222 369 53811 277 63368 105 27339
72079 300 62434 211 38128 15 12246 105 27339
72079 300 62434 211 40730 105 3737 172 27339
72079 332 10045 31 64880 255 11414 105 27339
72079 332 65853 31 14736 172 69195 105 27339
72079 373 30973 143 37487 113 21844 105 27339
72079 382 72437 358 13298 28 67264 113 18166 172 27339
72079 382 72437 358 13298 28 67264 113 18166 105 27339
