56870 152 48613
56870 181 7721 81 69151 152 48613
56870 181 7721 81 37434 152 48613
56870 181 7721 81 40992 152 48613
56870 181 7721 204 16633 109 72578 313 48613
56870 181 7721 204 16633 109 23815 313 48613
56870 181 7721 204 16633 109 6841 313 48613
56870 181 7721 204 16633 109 16500 313 48613
56870 181 7721 204 16633 109 41910 313 48613
56870 181 7721 204 16633 13 71754 313 48613
56870 181 7721 81 69151 9 64595 152 48613
56870 181 7721 81 69151 9 44231 152 48613
56870 181 7721 81 3116 308 39828 152 48613
56870 181 7721 81 39456 380 28369 313 48613
56870 181 7721 81 40992 195 62035 152 48613
56870 181 33274 0 20572 308 66767 152 48613
56870 181 33274 0 20572 308 75037 152 48613
56870 181 33274 0 20572 308 2710 152 48613
56870 181 33274 0 20572 308 26581 152 48613
56870 181 33274 0 20572 308 52788 152 48613
56870 181 33274 0 20572 308 27262 152 48613
56870 181 33274 0 20572 308 65923 152 48613
56870 181 33274 0 20572 308 15749 152 48613
56870 181 33274 0 20572 308 56924 152 48613
56870 181 33274 199 53351 253 72560 134 48613
56870 181 33274 199 53351 253 65935 152 48613
56870 181 33274 308 55364 195 37334 152 48613
56870 181 33274 308 55364 195 13177 134 48613
56870 181 33274 308 55364 195 13177 152 48613
56870 181 33274 308 55364 195 62682 134 48613
56870 181 33274 308 55364 0 11482 134 48613
56870 181 7721 204 49224 98 61405 81 20612 134 48613
56870 181 7721 204 67908 109 39940 328 22737 152 48613
56870 181 7721 204 67908 313 18855 326 41491 152 48613
56870 181 7721 204 67908 341 54950 328 47785 134 48613
56870 181 7721 204 16633 109 67332 328 55579 152 48613
56870 181 7721 204 16633 109 67332 328 45620 152 48613
56870 181 7721 204 16633 109 21202 328 40241 152 48613
56870 181 7721 204 16633 109 59036 311 771 152 48613
56870 181 7721 204 15401 327 29271 183 67338 134 48613
56870 181 7721 204 15401 327 29271 183 67338 152 48613
56870 181 7721 204 15401 327 29271 183 68393 152 48613
56870 181 7721 184 42220 189 44144 328 46388 152 48613
56870 181 7721 184 12856 195 50149 9 46315 152 48613
56870 181 7721 184 12856 195 50149 9 21449 152 48613
56870 181 7721 184 12856 195 50149 9 42141 152 48613
56870 181 7721 184 12856 195 50149 9 9856 152 48613
56870 181 7721 184 12856 195 50149 9 44787 152 48613
56870 181 7721 184 12856 195 50149 9 67208 152 48613
56870 181 7721 81 69151 134 46719 173 35884 152 48613
56870 181 7721 81 69151 134 46719 173 64617 152 48613
56870 181 7721 81 69151 134 46719 173 75285 152 48613
56870 181 7721 81 69151 134 46719 173 10869 152 48613
56870 181 7721 81 69151 134 46719 173 10820 152 48613
56870 181 7721 81 69151 134 46719 173 23603 152 48613
56870 181 7721 81 69151 134 46719 173 20943 152 48613
56870 181 7721 81 69151 134 46719 173 37153 152 48613
56870 181 7721 81 69151 134 46719 173 71725 152 48613
56870 181 7721 81 69151 134 46719 173 2715 152 48613
56870 181 7721 81 69151 134 46719 173 53034 152 48613
56870 181 7721 81 69151 134 46719 173 41129 152 48613
56870 181 7721 81 69151 134 46719 173 9645 152 48613
56870 181 7721 81 69151 134 46719 173 44777 134 48613
56870 181 7721 81 69151 152 57127 326 4643 152 48613
56870 181 7721 81 69151 152 57127 326 5345 152 48613
56870 181 7721 81 69151 152 57127 326 27098 152 48613
56870 181 7721 81 37434 180 10392 71 62822 152 48613
56870 181 7721 81 8089 232 18699 3 1969 152 48613
56870 181 7721 81 49217 134 56039 173 72514 134 48613
56870 181 7721 81 64252 134 59887 4 65570 43 48613
56870 181 7721 81 66516 180 28577 71 30135 152 48613
56870 181 7721 204 67908 109 70485 313 29580 4 58342 43 48613
56870 181 7721 204 67908 109 70485 313 29580 326 46703 152 48613
56870 181 7721 204 67908 241 14691 313 20320 4 65297 43 48613
56870 181 7721 204 67908 241 14691 313 10036 4 30497 43 48613
56870 181 7721 204 67908 172 69510 369 33054 277 30006 152 48613
56870 181 7721 204 67908 172 16371 172 26039 328 2447 134 48613
56870 181 7721 204 67908 172 26159 332 23453 31 61445 152 48613
56870 181 7721 204 67908 172 26159 151 41897 277 34144 152 48613
56870 181 7721 204 67908 300 62434 211 31333 183 3557 152 48613
56870 181 7721 204 16633 109 23815 313 55803 326 21170 152 48613
56870 181 7721 204 16633 109 23815 313 55803 326 12018 152 48613
56870 181 7721 204 16633 109 23815 313 10362 326 20145 152 48613
56870 181 7721 204 16633 109 6841 313 16246 326 10679 152 48613
56870 181 7721 204 16633 109 6841 313 16246 326 57794 152 48613
56870 181 7721 204 16633 109 6841 313 16246 326 6803 152 48613
56870 181 7721 204 16633 109 21202 313 15963 286 64654 197 48613
56870 181 7721 204 16633 109 41910 313 47656 293 41190 274 48613
56870 181 7721 204 16633 109 41910 313 47656 293 50612 274 48613
56870 181 7721 204 16633 109 41910 313 47656 293 19117 274 48613
56870 181 7721 81 14201 232 61279 378 68035 39 162 152 48613
56870 181 7721 204 67908 341 54950 328 47785 134 70256 250 60290 200 48613
56870 181 7721 204 67908 341 54950 328 47785 134 70256 250 11097 274 48613
56870 181 7721 204 67908 341 54950 328 47785 134 70256 250 22788 274 48613
