38128 203 60073
38128 35 60073
38128 15 28376 369 60073
38128 15 28376 358 60073
38128 252 21632 54 60073
38128 252 21632 303 60073
38128 398 52008 15 60073
38128 398 52008 6 60073
38128 398 52008 252 60073
38128 382 39181 176 60073
38128 382 8039 6 60073
38128 382 28644 303 60073
38128 382 28644 359 60073
38128 382 17727 359 60073
38128 382 28772 342 60073
38128 382 29897 359 60073
38128 382 29897 113 60073
38128 15 63319 15 10519 35 60073
38128 15 63319 15 10519 130 60073
38128 15 70550 332 65853 31 60073
38128 15 70550 332 23453 31 60073
38128 15 26569 369 73592 277 60073
38128 15 17875 143 37487 113 60073
38128 15 28376 382 9218 113 60073
38128 15 28376 332 68336 31 60073
38128 252 21632 252 5341 113 60073
38128 252 21632 143 68154 113 60073
38128 252 21632 143 46346 113 60073
38128 252 21632 143 46346 303 60073
38128 252 21632 143 32139 176 60073
38128 252 21632 143 57741 113 60073
38128 252 21632 213 5320 121 60073
38128 252 21632 213 50130 121 60073
38128 252 21632 266 42395 176 60073
38128 252 21632 266 45390 176 60073
38128 252 21632 266 69432 176 60073
38128 252 21632 266 44991 113 60073
38128 252 21632 266 52406 176 60073
38128 252 21632 266 54110 176 60073
38128 252 21632 266 14421 176 60073
38128 382 8039 6 63713 15 60073
38128 382 69443 143 43293 113 60073
38128 382 69443 143 72983 113 60073
38128 382 69443 213 59725 121 60073
38128 382 69443 255 52103 255 60073
38128 382 69443 255 52103 336 60073
38128 300 62434 211 19847 290 60073
38128 217 9911 5 60675 35 60073
38128 217 9911 5 60675 203 60073
38128 379 1483 88 67699 35 60073
38128 379 1483 88 67699 130 60073
38128 130 63974 373 63489 356 60073
38128 130 63974 102 38570 359 60073
38128 265 60841 272 20503 290 60073
38128 104 69092 294 15433 337 60073
38128 104 69092 294 15433 54 60073
38128 15 28376 382 9218 277 23448 15 60073
38128 15 28376 382 9218 277 23448 6 60073
38128 15 28376 382 9218 277 23448 147 60073
38128 15 28376 382 9218 277 23448 398 60073
38128 15 28376 382 9218 277 23448 382 60073
38128 15 28376 358 15434 28 36436 6 60073
38128 15 28376 358 15434 28 36436 252 60073
38128 15 28376 358 15434 28 36436 369 60073
38128 104 69092 294 19933 277 3832 26 60073
38128 252 21632 213 5320 121 42807 213 61521 121 60073
38128 300 62434 211 3650 124 36443 143 17706 113 60073
