38991 344 30690
38991 344 785 225 73631 344 30690
38991 344 785 225 41200 344 30690
38991 344 785 225 33710 344 30690
38991 344 785 225 21804 344 30690
38991 344 785 225 31249 344 30690
38991 344 785 225 2564 344 30690
38991 344 785 225 32415 344 40865 225 44860 344 30690
38991 344 785 225 32415 344 40865 225 53671 344 30690
38991 344 785 225 32415 344 40865 225 7508 344 30690
38991 344 785 225 32415 344 57507 225 43591 344 30690
38991 344 785 225 32415 344 4424 225 17444 344 30690
38991 344 785 225 32415 344 31556 225 55997 344 30690
38991 344 785 225 32415 344 31556 225 34177 344 30690
38991 344 785 225 32415 344 31556 225 70132 344 30690
38991 344 785 225 32415 344 61122 225 63636 344 30690
38991 344 785 225 73631 279 29502 284 59816 344 30690
