72607 344 8546
72607 344 31556 225 1219 344 8546
72607 344 31556 225 36275 344 8546
72607 344 31556 225 32415 344 8546
72607 344 31556 225 22162 344 8546
72607 344 31556 225 2564 344 8546
72607 344 41007 225 8734 344 8546
72607 344 1854 225 56924 0 56649 344 8546
72607 344 31556 225 55997 344 30690 225 41200 344 8546
72607 344 31556 225 32415 383 69092 75 25575 344 8546
72607 344 31556 225 32415 383 69092 294 44207 344 8546
72607 344 31556 225 32415 383 69092 277 4148 277 8546
72607 344 31556 225 32415 344 57507 225 38978 344 8546
72607 344 31556 225 62035 9 29367 0 27262 344 8546
72607 344 41007 225 8734 0 20572 308 60504 344 8546
72607 344 41007 225 8734 0 20572 308 71688 344 8546
72607 344 1854 225 3583 189 44144 328 29028 344 8546
72607 344 1854 225 3583 181 7721 81 9402 344 8546
72607 344 1854 225 3583 181 7721 81 20996 344 8546
72607 344 1854 225 3583 181 7721 81 2018 344 8546
72607 344 1854 225 3583 0 37161 189 22928 382 8546
72607 344 1854 225 56924 308 40498 199 41569 344 8546
72607 344 1854 225 56924 308 40498 199 23207 344 8546
72607 344 31556 225 63277 79 11033 187 36040 328 71975 344 8546
72607 344 31556 225 32415 383 69092 75 38944 315 48065 254 448 382 8546
