72607 344 1854
72607 344 8546 225 32415 344 1854
72607 344 8546 225 2564 344 1854
72607 344 31556 225 44860 344 1854
72607 344 31556 225 11359 344 1854
72607 344 31556 225 63277 344 1854
72607 344 31556 225 7508 344 1854
72607 344 31556 225 21804 344 1854
72607 344 31556 225 60856 344 1854
72607 344 8546 225 56649 308 56924 344 1854
72607 344 31556 225 63277 69 31913 344 1854
72607 344 8546 225 2018 181 7721 81 3583 344 1854
72607 344 8546 225 32415 344 785 225 33710 344 1854
72607 344 8546 225 8734 0 20572 308 52788 344 1854
72607 344 8546 369 4148 153 53497 1 63415 344 1854
72607 344 8546 369 4148 383 7790 377 10911 238 63467 344 1854
