72607 344 31556
72607 344 8546 225 1219 344 31556
72607 344 8546 225 36275 344 31556
72607 344 8546 225 32415 344 31556
72607 344 8546 225 22162 344 31556
72607 344 8546 225 2564 344 31556
72607 344 1854 225 44860 344 31556
72607 344 1854 225 11359 344 31556
72607 344 1854 225 63277 344 31556
72607 344 1854 225 7508 344 31556
72607 344 1854 225 21804 344 31556
72607 344 1854 225 60856 344 31556
72607 344 8546 225 32415 344 785 225 31249 344 31556
72607 344 8546 225 32415 344 40865 225 53671 344 31556
72607 344 8546 225 41200 344 30690 225 55997 344 31556
72607 344 8546 225 41200 344 30690 225 34177 344 31556
72607 344 8546 225 41200 344 30690 225 70132 344 31556
72607 344 8546 225 27262 308 29367 195 62035 344 31556
