14264 332 40313
14264 382 2748 332 40313
14264 369 33054 252 40313
14264 300 62434 211 73460 332 40313
14264 300 62434 211 1444 332 40313
14264 300 62434 211 32357 332 40313
14264 300 62434 211 6534 332 40313
14264 300 62434 211 28376 332 40313
14264 300 62434 211 58806 332 40313
14264 332 10045 31 68049 332 40313
14264 332 10045 31 30109 332 40313
14264 332 10045 31 67218 332 40313
14264 332 10045 31 47399 332 40313
14264 332 10045 31 73217 332 40313
14264 332 10045 31 73848 332 40313
14264 332 10045 31 13243 332 40313
14264 332 10045 31 22809 332 40313
14264 332 10045 31 26466 332 40313
14264 332 10045 31 56226 332 40313
14264 332 10045 31 59220 332 40313
14264 332 10045 31 62148 332 40313
14264 332 10045 31 33132 332 40313
14264 332 10045 31 4445 332 40313
14264 332 10045 31 27960 332 40313
14264 332 10045 31 70625 332 40313
14264 332 10045 31 354 332 40313
14264 332 10045 31 11292 332 40313
14264 332 10045 31 9696 332 40313
14264 332 10045 31 25928 332 40313
14264 332 10045 31 62341 332 40313
14264 332 10045 31 25090 332 40313
14264 332 10045 31 48224 332 40313
14264 332 10045 31 49084 332 40313
14264 332 10045 31 32937 332 40313
14264 332 10045 31 12956 332 40313
14264 332 10045 31 1524 332 40313
14264 332 10045 31 2286 332 40313
14264 332 10045 31 23082 332 40313
14264 332 10045 31 33377 332 40313
14264 332 10045 31 14746 332 40313
14264 332 10045 31 29493 332 40313
14264 332 10045 31 17345 332 40313
14264 332 65856 31 40434 332 40313
14264 332 65856 31 48552 332 40313
14264 332 65856 369 41897 277 40313
14264 332 65857 31 44610 332 40313
14264 382 2748 6 38128 15 17875 332 40313
