14264 332 40316
14264 382 2748 332 40316
14264 382 2748 321 24058 332 40316
14264 300 62434 211 32357 332 40316
14264 300 62434 211 56770 332 40316
14264 300 62434 211 6534 332 40316
14264 300 62434 211 58806 332 40316
14264 332 10045 31 64880 332 40316
14264 332 10045 31 67218 332 40316
14264 332 10045 31 47399 332 40316
14264 332 10045 31 35180 332 40316
14264 332 10045 31 13243 332 40316
14264 332 10045 31 56226 332 40316
14264 332 10045 31 49417 332 40316
14264 332 10045 31 33132 332 40316
14264 332 10045 31 27960 332 40316
14264 332 10045 31 11292 332 40316
14264 332 10045 31 36156 332 40316
14264 332 10045 31 25928 332 40316
14264 332 10045 31 62341 332 40316
14264 332 10045 31 57819 332 40316
14264 332 10045 31 49084 332 40316
14264 332 10045 31 19694 332 40316
14264 332 10045 31 2286 332 40316
14264 332 10045 31 29493 332 40316
14264 332 10045 369 19933 277 40316
14264 332 10045 369 19933 75 40316
14264 332 23453 31 7196 332 40316
14264 300 62434 211 1444 142 21859 332 40316
