15215 332 23887
15215 332 65857 31 72079 332 23887
15215 332 65857 31 73217 332 23887
15215 332 65857 31 1444 332 23887
15215 332 65857 31 67997 332 23887
15215 332 65857 31 22809 332 23887
15215 332 65857 31 32357 332 23887
15215 332 65857 31 29174 332 23887
15215 332 65857 31 4445 332 23887
15215 332 65857 31 27960 332 23887
15215 332 65857 31 9696 332 23887
15215 332 65857 31 39182 332 23887
15215 332 65857 31 25928 332 23887
15215 332 65857 31 57819 332 23887
15215 332 65857 31 6534 332 23887
15215 332 65857 31 49084 332 23887
15215 332 65857 31 28376 332 23887
15215 332 65857 31 58806 332 23887
15215 332 65857 31 3650 332 23887
15215 332 65857 31 17630 332 23887
15215 332 65857 31 73769 332 23887
15215 332 65857 31 12956 332 23887
15215 332 65857 31 26710 332 23887
15215 332 65857 369 41897 277 23887
15215 332 65856 31 19847 332 23887
15215 332 65856 31 73840 332 23887
15215 332 65857 151 33054 277 20904 332 23887
