15215 332 40319
15215 332 65857 31 5454 332 40319
15215 332 65857 31 65908 332 40319
15215 332 65857 31 68049 332 40319
15215 332 65857 31 40434 332 40319
15215 332 65857 31 16104 332 40319
15215 332 65857 31 47399 332 40319
15215 332 65857 31 1444 332 40319
15215 332 65857 31 2748 332 40319
15215 332 65857 31 73755 332 40319
15215 332 65857 31 67997 332 40319
15215 332 65857 31 26466 332 40319
15215 332 65857 31 16834 332 40319
15215 332 65857 31 32357 332 40319
15215 332 65857 31 29362 332 40319
15215 332 65857 31 49417 332 40319
15215 332 65857 31 33132 332 40319
15215 332 65857 31 27960 332 40319
15215 332 65857 31 70625 332 40319
15215 332 65857 31 11292 332 40319
15215 332 65857 31 51934 332 40319
15215 332 65857 31 28569 332 40319
15215 332 65857 31 57819 332 40319
15215 332 65857 31 6534 332 40319
15215 332 65857 31 28376 332 40319
15215 332 65857 31 58806 332 40319
15215 332 65857 31 64590 332 40319
15215 332 65857 31 27394 332 40319
15215 332 65857 31 44031 332 40319
15215 332 65857 31 70403 332 40319
15215 332 65857 31 2286 332 40319
15215 332 65857 31 23082 332 40319
15215 332 65857 31 29493 332 40319
15215 332 68334 252 69092 151 40319
15215 332 68334 252 69092 277 40319
