19430 332 23453
19430 332 65853 31 34575 332 23453
19430 332 65853 31 15024 332 23453
19430 332 65853 31 70136 332 23453
19430 332 65853 31 44925 332 23453
19430 332 65853 31 68356 332 23453
19430 332 65853 31 24403 332 23453
19430 332 65853 31 65268 332 23453
19430 332 65853 31 72079 332 23453
19430 332 65853 31 20140 332 23453
19430 332 65853 31 63400 332 23453
19430 332 65853 31 73627 332 23453
19430 332 65853 31 15790 332 23453
19430 332 65853 31 25616 332 23453
19430 332 65853 31 56854 332 23453
19430 332 65853 31 38768 332 23453
19430 332 65853 31 48838 332 23453
19430 332 65853 31 70122 332 23453
19430 332 65853 31 40671 332 23453
19430 332 65853 31 14264 332 23453
19430 332 65853 31 62592 332 23453
19430 332 65853 31 43189 332 23453
19430 332 65853 31 1549 332 23453
19430 332 65853 31 17625 332 23453
19430 332 65853 31 71935 332 23453
19430 332 65853 31 2904 332 23453
19430 332 65853 31 53291 332 23453
19430 332 65853 31 39248 332 23453
19430 332 65853 31 30845 332 23453
19430 332 65853 31 60465 332 23453
19430 332 65853 31 11637 332 23453
19430 332 65853 31 10736 332 23453
19430 332 65853 31 5454 332 23453
19430 332 65853 31 51865 332 23453
19430 332 65853 31 18845 332 23453
19430 332 65853 31 37109 332 23453
19430 332 65853 31 41496 332 23453
19430 332 65853 31 37724 332 23453
19430 332 65853 31 52436 332 23453
19430 332 65853 31 30301 332 23453
19430 332 65853 31 75234 332 23453
19430 332 65853 31 16161 332 23453
19430 332 65853 31 56660 332 23453
19430 332 65853 31 66245 332 23453
19430 332 65853 31 23069 332 23453
19430 332 65853 31 3416 332 23453
19430 332 65853 31 30490 332 23453
19430 332 65853 31 59683 332 23453
19430 332 65853 31 66295 332 23453
19430 332 65853 31 749 332 23453
19430 332 65853 31 51822 332 23453
19430 332 65853 31 75306 332 23453
19430 332 65853 31 70701 332 23453
19430 332 65853 31 66472 332 23453
19430 332 65853 31 1333 332 23453
19430 332 65853 31 72862 332 23453
19430 332 65853 31 51257 332 23453
19430 332 65853 31 73523 332 23453
19430 332 65853 31 63417 332 23453
19430 332 65853 31 47458 332 23453
19430 332 65853 31 42633 332 23453
19430 332 65853 31 53050 332 23453
19430 332 65853 31 32723 332 23453
19430 332 65853 31 44399 332 23453
19430 332 65853 31 36629 332 23453
19430 332 65853 31 62256 332 23453
19430 332 65853 31 8629 332 23453
19430 332 65853 31 27362 332 23453
19430 332 65853 31 30154 332 23453
19430 332 65853 31 29057 332 23453
19430 332 65853 31 55412 332 23453
19430 332 65853 31 53484 332 23453
19430 332 65853 31 35029 332 23453
19430 332 65853 31 4830 332 23453
19430 332 65853 31 57808 332 23453
19430 332 65853 31 25768 332 23453
19430 332 65853 31 15996 332 23453
19430 332 65853 31 65908 332 23453
19430 332 65853 31 8969 332 23453
19430 332 65853 31 13931 332 23453
19430 332 65853 31 69964 332 23453
19430 332 65853 31 47066 332 23453
19430 332 65853 31 45140 332 23453
19430 332 65853 31 20269 332 23453
19430 332 65853 31 32402 332 23453
19430 332 65853 31 11134 332 23453
19430 332 65853 31 24865 332 23453
19430 332 65853 31 23705 332 23453
19430 332 65853 31 49905 332 23453
19430 332 65853 31 37791 332 23453
19430 332 65853 31 42618 332 23453
19430 332 65853 31 21315 332 23453
19430 332 65853 31 72112 332 23453
19430 332 65853 31 68168 332 23453
19430 332 65853 31 47435 332 23453
19430 332 65853 31 27162 332 23453
19430 332 65853 31 16968 332 23453
19430 332 65853 31 68049 332 23453
19430 332 65853 31 24855 332 23453
19430 332 65853 31 69984 332 23453
19430 332 65853 31 43497 332 23453
19430 332 65853 31 31504 332 23453
19430 332 65853 31 36558 332 23453
19430 332 65853 31 26151 332 23453
19430 332 65853 31 36276 332 23453
19430 332 65853 31 32830 332 23453
19430 332 65853 31 6978 332 23453
19430 332 65853 31 62426 332 23453
19430 332 65853 31 36350 332 23453
19430 332 65853 31 16104 332 23453
19430 332 65853 31 67218 332 23453
19430 332 65853 31 47399 332 23453
19430 332 65853 31 18151 332 23453
19430 332 65853 31 2405 332 23453
19430 332 65853 31 70550 332 23453
19430 332 65853 31 45897 332 23453
19430 332 65853 31 56645 332 23453
19430 332 65853 31 73217 332 23453
19430 332 65853 31 73848 332 23453
19430 332 65853 31 39597 332 23453
19430 332 65853 31 366 332 23453
19430 332 65853 31 39163 332 23453
19430 332 65853 31 53002 332 23453
19430 332 65853 31 29655 332 23453
19430 332 65853 31 15303 332 23453
19430 332 65853 31 1279 332 23453
19430 332 65853 31 17055 332 23453
19430 332 65853 31 6934 332 23453
19430 332 65853 31 51172 332 23453
19430 332 65853 31 41182 332 23453
19430 332 65853 31 12194 332 23453
19430 332 65853 31 46970 332 23453
19430 332 65853 31 20258 332 23453
19430 332 65853 31 71135 332 23453
19430 332 65853 31 5865 332 23453
19430 332 65853 31 38355 332 23453
19430 332 65853 31 53912 332 23453
19430 332 65853 31 19515 332 23453
19430 332 65853 31 18535 332 23453
19430 332 65853 31 71389 332 23453
19430 332 65853 31 17167 332 23453
19430 332 65853 31 35180 332 23453
19430 332 65853 31 28531 332 23453
19430 332 65853 31 7609 332 23453
19430 332 65853 31 72233 332 23453
19430 332 65853 31 74973 332 23453
19430 332 65853 31 51036 332 23453
19430 332 65853 31 34684 332 23453
19430 332 65853 31 27537 332 23453
19430 332 65853 31 12757 332 23453
19430 332 65853 31 25755 332 23453
19430 332 65853 31 20766 332 23453
19430 332 65853 31 21767 332 23453
19430 332 65853 31 16774 332 23453
19430 332 65853 31 15604 332 23453
19430 332 65853 31 21807 332 23453
19430 332 65853 31 44132 332 23453
19430 332 65853 31 49845 332 23453
19430 332 65853 31 17463 332 23453
19430 332 65853 31 25131 332 23453
19430 332 65853 31 50986 332 23453
19430 332 65853 31 1444 332 23453
19430 332 65853 31 2748 332 23453
19430 332 65853 31 31066 332 23453
19430 332 65853 31 31645 332 23453
19430 332 65853 31 32512 332 23453
19430 332 65853 31 13243 332 23453
19430 332 65853 31 485 332 23453
19430 332 65853 31 30773 332 23453
19430 332 65853 31 69430 332 23453
19430 332 65853 31 10512 332 23453
19430 332 65853 31 33971 332 23453
19430 332 65853 31 18920 332 23453
19430 332 65853 31 16914 332 23453
19430 332 65853 31 72838 332 23453
19430 332 65853 31 53680 332 23453
19430 332 65853 31 48144 332 23453
19430 332 65853 31 38123 332 23453
19430 332 65853 31 47505 332 23453
19430 332 65853 31 75205 332 23453
19430 332 65853 31 74887 332 23453
19430 332 65853 31 56019 332 23453
19430 332 65853 31 70024 332 23453
19430 332 65853 31 73755 332 23453
19430 332 65853 31 14736 332 23453
19430 332 65853 31 30094 332 23453
19430 332 65853 31 67138 332 23453
19430 332 65853 31 8653 332 23453
19430 332 65853 31 70376 332 23453
19430 332 65853 31 72056 332 23453
19430 332 65853 31 13312 332 23453
19430 332 65853 31 10885 332 23453
19430 332 65853 31 57305 332 23453
19430 332 65853 31 67997 332 23453
19430 332 65853 31 65174 332 23453
19430 332 65853 31 71513 332 23453
19430 332 65853 31 58140 332 23453
19430 332 65853 31 13045 332 23453
19430 332 65853 31 2527 332 23453
19430 332 65853 31 22957 332 23453
19430 332 65853 31 59650 332 23453
19430 332 65853 31 66788 332 23453
19430 332 65853 31 20689 332 23453
19430 332 65853 31 44612 332 23453
19430 332 65853 31 48048 332 23453
19430 332 65853 31 22809 332 23453
19430 332 65853 31 4800 332 23453
19430 332 65853 31 53860 332 23453
19430 332 65853 31 26466 332 23453
19430 332 65853 31 24854 332 23453
19430 332 65853 31 65295 332 23453
19430 332 65853 31 16834 332 23453
19430 332 65853 31 44772 332 23453
19430 332 65853 31 58909 332 23453
19430 332 65853 31 60073 332 23453
19430 332 65853 31 51394 332 23453
19430 332 65853 31 52569 332 23453
19430 332 65853 31 65294 332 23453
19430 332 65853 31 42693 332 23453
19430 332 65853 31 19930 332 23453
19430 332 65853 31 11789 332 23453
19430 332 65853 31 23029 332 23453
19430 332 65853 31 64300 332 23453
19430 332 65853 31 101 332 23453
19430 332 65853 31 73529 332 23453
19430 332 65853 31 4892 332 23453
19430 332 65853 31 68659 332 23453
19430 332 65853 31 18987 332 23453
19430 332 65853 31 29358 332 23453
19430 332 65853 31 47773 332 23453
19430 332 65853 31 8704 332 23453
19430 332 65853 31 9802 332 23453
19430 332 65853 31 33481 332 23453
19430 332 65853 31 19275 332 23453
19430 332 65853 31 72041 332 23453
19430 332 65853 31 25006 332 23453
19430 332 65853 31 72012 332 23453
19430 332 65853 31 32357 332 23453
19430 332 65853 31 75371 332 23453
19430 332 65853 31 61321 332 23453
19430 332 65853 31 26840 332 23453
19430 332 65853 31 56226 332 23453
19430 332 65853 31 29119 332 23453
19430 332 65853 31 17761 332 23453
19430 332 65853 31 51254 332 23453
19430 332 65853 31 13139 332 23453
19430 332 65853 31 38613 332 23453
19430 332 65853 31 44380 332 23453
19430 332 65853 31 43571 332 23453
19430 332 65853 31 39775 332 23453
19430 332 65853 31 57100 332 23453
19430 332 65853 31 46612 332 23453
19430 332 65853 31 59220 332 23453
19430 332 65853 31 18019 332 23453
19430 332 65853 31 28491 332 23453
19430 332 65853 31 12880 332 23453
19430 332 65853 31 50480 332 23453
19430 332 65853 31 50458 332 23453
19430 332 65853 31 12330 332 23453
19430 332 65853 31 24058 332 23453
19430 332 65853 31 56112 332 23453
19430 332 65853 31 30916 332 23453
19430 332 65853 31 67639 332 23453
19430 332 65853 31 52160 332 23453
19430 332 65853 31 29362 332 23453
19430 332 65853 31 10715 332 23453
19430 332 65853 31 74451 332 23453
19430 332 65853 31 64688 332 23453
19430 332 65853 31 14915 332 23453
19430 332 65853 31 36458 332 23453
19430 332 65853 31 70287 332 23453
19430 332 65853 31 61075 332 23453
19430 332 65853 31 74572 332 23453
19430 332 65853 31 1775 332 23453
19430 332 65853 31 649 332 23453
19430 332 65853 31 29596 332 23453
19430 332 65853 31 35880 332 23453
19430 332 65853 31 75212 332 23453
19430 332 65853 31 52683 332 23453
19430 332 65853 31 9105 332 23453
19430 332 65853 31 25912 332 23453
19430 332 65853 31 14616 332 23453
19430 332 65853 31 62148 332 23453
19430 332 65853 31 14630 332 23453
19430 332 65853 31 74876 332 23453
19430 332 65853 31 17512 332 23453
19430 332 65853 31 42736 332 23453
19430 332 65853 31 27970 332 23453
19430 332 65853 31 49456 332 23453
19430 332 65853 31 72283 332 23453
19430 332 65853 31 46210 332 23453
19430 332 65853 31 74467 332 23453
19430 332 65853 31 52183 332 23453
19430 332 65853 31 46309 332 23453
19430 332 65853 31 14740 332 23453
19430 332 65853 31 37598 332 23453
19430 332 65853 31 60982 332 23453
19430 332 65853 31 71525 332 23453
19430 332 65853 31 45416 332 23453
19430 332 65853 31 49417 332 23453
19430 332 65853 31 52309 332 23453
19430 332 65853 31 58769 332 23453
19430 332 65853 31 36540 332 23453
19430 332 65853 31 24988 332 23453
19430 332 65853 31 67015 332 23453
19430 332 65853 31 36312 332 23453
19430 332 65853 31 33132 332 23453
19430 332 65853 31 58348 332 23453
19430 332 65853 31 61661 332 23453
19430 332 65853 31 57341 332 23453
19430 332 65853 31 12442 332 23453
19430 332 65853 31 40730 332 23453
19430 332 65853 31 11756 332 23453
19430 332 65853 31 51287 332 23453
19430 332 65853 31 72693 332 23453
19430 332 65853 31 15607 332 23453
19430 332 65853 31 69019 332 23453
19430 332 65853 31 4963 332 23453
19430 332 65853 31 21330 332 23453
19430 332 65853 31 40951 332 23453
19430 332 65853 31 28832 332 23453
19430 332 65853 31 39397 332 23453
19430 332 65853 31 4445 332 23453
19430 332 65853 31 3628 332 23453
19430 332 65853 31 6715 332 23453
19430 332 65853 31 27960 332 23453
19430 332 65853 31 38459 332 23453
19430 332 65853 31 35530 332 23453
19430 332 65853 31 73651 332 23453
19430 332 65853 31 24701 332 23453
19430 332 65853 31 5631 332 23453
19430 332 65853 31 71258 332 23453
19430 332 65853 31 53262 332 23453
19430 332 65853 31 70625 332 23453
19430 332 65853 31 13891 332 23453
19430 332 65853 31 50816 332 23453
19430 332 65853 31 20793 332 23453
19430 332 65853 31 31867 332 23453
19430 332 65853 31 56532 332 23453
19430 332 65853 31 43655 332 23453
19430 332 65853 31 61170 332 23453
19430 332 65853 31 35564 332 23453
19430 332 65853 31 70529 332 23453
19430 332 65853 31 64739 332 23453
19430 332 65853 31 16962 332 23453
19430 332 65853 31 65305 332 23453
19430 332 65853 31 36726 332 23453
19430 332 65853 31 51559 332 23453
19430 332 65853 31 52920 332 23453
19430 332 65853 31 8966 332 23453
19430 332 65853 31 16268 332 23453
19430 332 65853 31 40702 332 23453
19430 332 65853 31 22772 332 23453
19430 332 65853 31 37720 332 23453
19430 332 65853 31 8765 332 23453
19430 332 65853 31 27406 332 23453
19430 332 65853 31 66019 332 23453
19430 332 65853 31 50651 332 23453
19430 332 65853 31 47194 332 23453
19430 332 65853 31 11292 332 23453
19430 332 65853 31 11961 332 23453
19430 332 65853 31 74574 332 23453
19430 332 65853 31 41239 332 23453
19430 332 65853 31 56620 332 23453
19430 332 65853 31 72418 332 23453
19430 332 65853 31 47107 332 23453
19430 332 65853 31 4159 332 23453
19430 332 65853 31 48664 332 23453
19430 332 65853 31 36156 332 23453
19430 332 65853 31 22642 332 23453
19430 332 65853 31 48642 332 23453
19430 332 65853 31 13124 332 23453
19430 332 65853 31 49384 332 23453
19430 332 65853 31 72343 332 23453
19430 332 65853 31 71384 332 23453
19430 332 65853 31 33373 332 23453
19430 332 65853 31 5986 332 23453
19430 332 65853 31 58961 332 23453
19430 332 65853 31 10694 332 23453
19430 332 65853 31 39117 332 23453
19430 332 65853 31 33232 332 23453
19430 332 65853 31 5992 332 23453
19430 332 65853 31 1249 332 23453
19430 332 65853 31 34238 332 23453
19430 332 65853 31 34541 332 23453
19430 332 65853 31 24688 332 23453
19430 332 65853 31 1548 332 23453
19430 332 65853 31 19050 332 23453
19430 332 65853 31 53407 332 23453
19430 332 65853 31 18223 332 23453
19430 332 65853 31 4443 332 23453
19430 332 65853 31 18230 332 23453
19430 332 65853 31 64213 332 23453
19430 332 65853 31 37302 332 23453
19430 332 65853 31 64335 332 23453
19430 332 65853 31 59433 332 23453
19430 332 65853 31 34318 332 23453
19430 332 65853 31 73897 332 23453
19430 332 65853 31 4598 332 23453
19430 332 65853 31 32298 332 23453
19430 332 65853 31 57633 332 23453
19430 332 65853 31 38138 332 23453
19430 332 65853 31 5850 332 23453
19430 332 65853 31 8270 332 23453
19430 332 65853 31 5174 332 23453
19430 332 65853 31 54983 332 23453
19430 332 65853 31 74370 332 23453
19430 332 65853 31 35621 332 23453
19430 332 65853 31 53211 332 23453
19430 332 65853 31 63591 332 23453
19430 332 65853 31 14898 332 23453
19430 332 65853 31 41749 332 23453
19430 332 65853 31 23861 332 23453
19430 332 65853 31 50152 332 23453
19430 332 65853 31 29254 332 23453
19430 332 65853 31 509 332 23453
19430 332 65853 31 12403 332 23453
19430 332 65853 31 58800 332 23453
19430 332 65853 31 48506 332 23453
19430 332 65853 31 6943 332 23453
19430 332 65853 31 30068 332 23453
19430 332 65853 31 4507 332 23453
19430 332 65853 31 55065 332 23453
19430 332 65853 31 7018 332 23453
19430 332 65853 31 6451 332 23453
19430 332 65853 31 64436 332 23453
19430 332 65853 31 36130 332 23453
19430 332 65853 31 36571 332 23453
19430 332 65853 31 64471 332 23453
19430 332 65853 31 736 332 23453
19430 332 65853 31 58627 332 23453
19430 332 65853 31 9726 332 23453
19430 332 65853 31 55179 332 23453
19430 332 65853 31 67962 332 23453
19430 332 65853 31 39182 332 23453
19430 332 65853 31 51934 332 23453
19430 332 65853 31 28484 332 23453
19430 332 65853 31 70259 332 23453
19430 332 65853 31 11032 332 23453
19430 332 65853 31 37710 332 23453
19430 332 65853 31 21623 332 23453
19430 332 65853 31 72855 332 23453
19430 332 65853 31 56359 332 23453
19430 332 65853 31 11264 332 23453
19430 332 65853 31 52672 332 23453
19430 332 65853 31 18362 332 23453
19430 332 65853 31 6601 332 23453
19430 332 65853 31 6929 332 23453
19430 332 65853 31 71744 332 23453
19430 332 65853 31 7340 332 23453
19430 332 65853 31 45649 332 23453
19430 332 65853 31 21584 332 23453
19430 332 65853 31 73559 332 23453
19430 332 65853 31 44074 332 23453
19430 332 65853 31 60674 332 23453
19430 332 65853 31 54520 332 23453
19430 332 65853 31 43265 332 23453
19430 332 65853 31 15757 332 23453
19430 332 65853 31 1600 332 23453
19430 332 65853 31 2451 332 23453
19430 332 65853 31 9727 332 23453
19430 332 65853 31 14595 332 23453
19430 332 65853 31 50290 332 23453
19430 332 65853 31 35217 332 23453
19430 332 65853 31 25928 332 23453
19430 332 65853 31 36892 332 23453
19430 332 65853 31 56770 332 23453
19430 332 65853 31 26332 332 23453
19430 332 65853 31 53103 332 23453
19430 332 65853 31 14579 332 23453
19430 332 65853 31 10430 332 23453
19430 332 65853 31 39523 332 23453
19430 332 65853 31 13763 332 23453
19430 332 65853 31 28680 332 23453
19430 332 65853 31 61135 332 23453
19430 332 65853 31 17692 332 23453
19430 332 65853 31 2060 332 23453
19430 332 65853 31 36689 332 23453
19430 332 65853 31 8640 332 23453
19430 332 65853 31 31723 332 23453
19430 332 65853 31 34863 332 23453
19430 332 65853 31 7646 332 23453
19430 332 65853 31 28569 332 23453
19430 332 65853 31 66280 332 23453
19430 332 65853 31 11565 332 23453
19430 332 65853 31 16721 332 23453
19430 332 65853 31 6346 332 23453
19430 332 65853 31 35018 332 23453
19430 332 65853 31 2136 332 23453
19430 332 65853 31 1945 332 23453
19430 332 65853 31 26963 332 23453
19430 332 65853 31 75174 332 23453
19430 332 65853 31 14666 332 23453
19430 332 65853 31 52243 332 23453
19430 332 65853 31 26991 332 23453
19430 332 65853 31 36756 332 23453
19430 332 65853 31 19065 332 23453
19430 332 65853 31 7519 332 23453
19430 332 65853 31 1963 332 23453
19430 332 65853 31 64904 332 23453
19430 332 65853 31 62341 332 23453
19430 332 65853 31 45570 332 23453
19430 332 65853 31 14216 332 23453
19430 332 65853 31 26801 332 23453
19430 332 65853 31 70033 332 23453
19430 332 65853 31 17139 332 23453
19430 332 65853 31 73597 332 23453
19430 332 65853 31 9269 332 23453
19430 332 65853 31 41162 332 23453
19430 332 65853 31 40136 332 23453
19430 332 65853 31 38634 332 23453
19430 332 65853 31 10448 332 23453
19430 332 65853 31 53014 332 23453
19430 332 65853 31 57819 332 23453
19430 332 65853 31 65956 332 23453
19430 332 65853 31 8870 332 23453
19430 332 65853 31 51743 332 23453
19430 332 65853 31 57035 332 23453
19430 332 65853 31 64211 332 23453
19430 332 65853 31 16902 332 23453
19430 332 65853 31 41374 332 23453
19430 332 65853 31 40305 332 23453
19430 332 65853 31 44651 332 23453
19430 332 65853 31 5926 332 23453
19430 332 65853 31 58796 332 23453
19430 332 65853 31 73145 332 23453
19430 332 65853 31 17774 332 23453
19430 332 65853 31 6534 332 23453
19430 332 65853 31 43048 332 23453
19430 332 65853 31 48224 332 23453
19430 332 65853 31 53151 332 23453
19430 332 65853 31 53923 332 23453
19430 332 65853 31 49084 332 23453
19430 332 65853 31 20003 332 23453
19430 332 65853 31 46549 332 23453
19430 332 65853 31 62098 332 23453
19430 332 65853 31 34894 332 23453
19430 332 65853 31 36866 332 23453
19430 332 65853 31 72286 332 23453
19430 332 65853 31 14537 332 23453
19430 332 65853 31 59065 332 23453
19430 332 65853 31 4833 332 23453
19430 332 65853 31 63479 332 23453
19430 332 65853 31 49502 332 23453
19430 332 65853 31 14859 332 23453
19430 332 65853 31 67973 332 23453
19430 332 65853 31 28376 332 23453
19430 332 65853 31 16722 332 23453
19430 332 65853 31 3955 332 23453
19430 332 65853 31 63954 332 23453
19430 332 65853 31 58806 332 23453
19430 332 65853 31 59909 332 23453
19430 332 65853 31 19847 332 23453
19430 332 65853 31 25889 332 23453
19430 332 65853 31 29427 332 23453
19430 332 65853 31 6544 332 23453
19430 332 65853 31 15570 332 23453
19430 332 65853 31 52132 332 23453
19430 332 65853 31 4992 332 23453
19430 332 65853 31 25372 332 23453
19430 332 65853 31 36323 332 23453
19430 332 65853 31 15479 332 23453
19430 332 65853 31 1641 332 23453
19430 332 65853 31 36041 332 23453
19430 332 65853 31 67502 332 23453
19430 332 65853 31 25110 332 23453
19430 332 65853 31 23009 332 23453
19430 332 65853 31 59128 332 23453
19430 332 65853 31 53927 332 23453
19430 332 65853 31 40298 332 23453
19430 332 65853 31 40496 332 23453
19430 332 65853 31 41536 332 23453
19430 332 65853 31 28672 332 23453
19430 332 65853 31 56435 332 23453
19430 332 65853 31 31808 332 23453
19430 332 65853 31 29284 332 23453
19430 332 65853 31 26371 332 23453
19430 332 65853 31 73840 332 23453
19430 332 65853 31 36752 332 23453
19430 332 65853 31 7314 332 23453
19430 332 65853 31 37294 332 23453
19430 332 65853 31 50985 332 23453
19430 332 65853 31 67588 332 23453
19430 332 65853 31 11787 332 23453
19430 332 65853 31 45200 332 23453
19430 332 65853 31 72636 332 23453
19430 332 65853 31 8335 332 23453
19430 332 65853 31 16438 332 23453
19430 332 65853 31 6345 332 23453
19430 332 65853 31 18843 332 23453
19430 332 65853 31 32937 332 23453
19430 332 65853 31 64590 332 23453
19430 332 65853 31 73875 332 23453
19430 332 65853 31 68560 332 23453
19430 332 65853 31 46820 332 23453
19430 332 65853 31 40314 332 23453
19430 332 65853 31 51080 332 23453
19430 332 65853 31 21051 332 23453
19430 332 65853 31 37792 332 23453
19430 332 65853 31 17630 332 23453
19430 332 65853 31 19694 332 23453
19430 332 65853 31 67239 332 23453
19430 332 65853 31 19960 332 23453
19430 332 65853 31 73103 332 23453
19430 332 65853 31 73769 332 23453
19430 332 65853 31 43314 332 23453
19430 332 65853 31 46167 332 23453
19430 332 65853 31 1879 332 23453
19430 332 65853 31 45349 332 23453
19430 332 65853 31 11708 332 23453
19430 332 65853 31 46669 332 23453
19430 332 65853 31 3581 332 23453
19430 332 65853 31 12956 332 23453
19430 332 65853 31 5466 332 23453
19430 332 65853 31 1541 332 23453
19430 332 65853 31 48125 332 23453
19430 332 65853 31 57287 332 23453
19430 332 65853 31 19361 332 23453
19430 332 65853 31 63304 332 23453
19430 332 65853 31 74865 332 23453
19430 332 65853 31 26710 332 23453
19430 332 65853 31 48202 332 23453
19430 332 65853 31 55642 332 23453
19430 332 65853 31 36298 332 23453
19430 332 65853 31 41526 332 23453
19430 332 65853 31 63979 332 23453
19430 332 65853 31 69182 332 23453
19430 332 65853 31 64296 332 23453
19430 332 65853 31 67407 332 23453
19430 332 65853 31 24169 332 23453
19430 332 65853 31 44377 332 23453
19430 332 65853 31 18012 332 23453
19430 332 65853 31 48822 332 23453
19430 332 65853 31 27394 332 23453
19430 332 65853 31 5604 332 23453
19430 332 65853 31 44031 332 23453
19430 332 65853 31 62219 332 23453
19430 332 65853 31 63326 332 23453
19430 332 65853 31 26905 332 23453
19430 332 65853 31 30522 332 23453
19430 332 65853 31 14960 332 23453
19430 332 65853 31 25233 332 23453
19430 332 65853 31 503 332 23453
19430 332 65853 31 52577 332 23453
19430 332 65853 31 72979 332 23453
19430 332 65853 31 1524 332 23453
19430 332 65853 31 5019 332 23453
19430 332 65853 31 769 332 23453
19430 332 65853 31 15927 332 23453
19430 332 65853 31 15214 332 23453
19430 332 65853 31 24754 332 23453
19430 332 65853 31 20344 332 23453
19430 332 65853 31 7746 332 23453
19430 332 65853 31 12132 332 23453
19430 332 65853 31 20451 332 23453
19430 332 65853 31 20174 332 23453
19430 332 65853 31 47656 332 23453
19430 332 65853 31 16246 332 23453
19430 332 65853 31 14576 332 23453
19430 332 65853 31 8501 332 23453
19430 332 65853 31 57550 332 23453
19430 332 65853 31 2286 332 23453
19430 332 65853 31 59917 332 23453
19430 332 65853 31 61624 332 23453
19430 332 65853 31 4637 332 23453
19430 332 65853 31 75274 332 23453
19430 332 65853 31 57306 332 23453
19430 332 65853 31 23082 332 23453
19430 332 65853 31 69820 332 23453
19430 332 65853 31 33377 332 23453
19430 332 65853 31 35110 332 23453
19430 332 65853 31 36992 332 23453
19430 332 65853 31 70261 332 23453
19430 332 65853 31 16117 332 23453
19430 332 65853 31 9817 332 23453
19430 332 65853 31 31910 332 23453
19430 332 65853 31 33731 332 23453
19430 332 65853 31 6057 332 23453
19430 332 65853 31 32653 332 23453
19430 332 65853 31 32267 332 23453
19430 332 65853 31 14746 332 23453
19430 332 65853 31 627 332 23453
19430 332 65853 31 22644 332 23453
19430 332 65853 31 65232 332 23453
19430 332 65853 31 38810 332 23453
19430 332 65853 31 13031 332 23453
19430 332 65853 31 18164 332 23453
19430 332 65853 31 27769 332 23453
19430 332 65853 31 29493 332 23453
19430 332 65853 31 5480 332 23453
19430 332 65853 31 20513 332 23453
19430 332 65853 31 48778 332 23453
19430 332 65853 31 6957 332 23453
19430 332 65853 31 4960 332 23453
19430 332 65853 31 4108 332 23453
19430 332 65853 31 34555 332 23453
19430 332 65853 31 43267 332 23453
19430 332 65853 31 17345 332 23453
19430 332 65853 31 23225 332 23453
19430 332 65853 31 6621 332 23453
19430 332 65853 31 37287 332 23453
19430 332 65853 31 74624 332 23453
19430 332 65853 31 26159 332 23453
19430 332 65853 31 23393 332 23453
19430 332 65853 369 69092 277 23453
19430 332 29052 31 64132 332 23453
19430 332 29052 31 23813 332 23453
19430 332 29052 31 44499 332 23453
19430 332 29052 31 37987 332 23453
19430 332 29052 31 64690 332 23453
19430 332 29052 31 72637 332 23453
19430 332 29052 31 65441 332 23453
19430 332 29052 31 52636 332 23453
19430 332 29052 31 66508 332 23453
19430 332 29052 31 26268 332 23453
19430 332 29052 31 27423 332 23453
19430 332 29052 31 66301 332 23453
19430 332 29052 31 45515 332 23453
19430 332 29052 31 58490 332 23453
19430 332 29052 31 51059 332 23453
19430 332 29052 31 36971 332 23453
19430 332 29052 31 64748 332 23453
19430 332 29052 31 50275 332 23453
19430 332 29052 31 15868 332 23453
19430 332 29052 31 19670 332 23453
19430 332 29052 31 22271 332 23453
19430 332 29052 31 46648 332 23453
19430 332 29052 31 52 332 23453
19430 332 29052 31 6440 332 23453
19430 332 29052 31 17188 332 23453
19430 332 29052 31 26607 332 23453
19430 332 29052 31 45695 332 23453
19430 332 29052 31 28467 332 23453
19430 332 29052 31 39288 332 23453
19430 332 29052 31 36430 332 23453
19430 332 29052 31 47389 332 23453
19430 332 29052 31 4399 332 23453
19430 332 29052 31 60312 332 23453
19430 332 29052 31 51175 332 23453
19430 332 29052 31 31150 332 23453
19430 332 29052 31 22143 332 23453
19430 332 29052 31 44291 332 23453
19430 332 29052 31 54914 332 23453
19430 332 29052 31 42726 332 23453
19430 332 29052 31 30812 332 23453
19430 332 29052 31 69841 332 23453
19430 332 29052 31 49635 332 23453
19430 332 29052 31 40409 332 23453
19430 332 29052 31 54985 332 23453
19430 332 29052 31 16260 332 23453
19430 332 29052 31 20061 332 23453
19430 332 29052 31 67308 332 23453
19430 332 29052 31 58675 332 23453
19430 332 29052 31 35142 332 23453
19430 332 29052 31 731 332 23453
19430 332 29052 31 107 332 23453
19430 332 29052 31 13720 332 23453
19430 332 29052 31 50866 332 23453
19430 332 29052 31 13396 332 23453
19430 332 29052 31 48925 332 23453
19430 332 29052 31 14385 332 23453
19430 332 29052 31 59627 332 23453
19430 332 29052 31 13036 332 23453
19430 332 29052 31 44564 332 23453
19430 332 29052 31 31724 332 23453
19430 332 29052 31 38080 332 23453
19430 332 29052 31 44223 332 23453
19430 332 29052 31 67316 332 23453
19430 332 29052 31 2609 332 23453
19430 332 29052 31 3644 332 23453
19430 332 29052 31 70150 332 23453
19430 332 29052 31 17130 332 23453
19430 332 29052 31 31236 332 23453
19430 332 29052 31 9426 332 23453
19430 332 29052 31 14729 332 23453
19430 332 29052 31 29379 332 23453
19430 332 29052 31 24013 332 23453
19430 332 29052 31 50557 332 23453
19430 332 29052 31 51467 332 23453
19430 332 29052 31 12391 332 23453
19430 332 29052 31 73355 332 23453
19430 332 29052 31 74200 332 23453
19430 332 29052 31 34085 332 23453
19430 332 29052 31 58221 332 23453
19430 332 29052 31 50205 332 23453
19430 332 29052 31 3212 332 23453
19430 332 29052 31 55583 332 23453
19430 332 29052 31 41491 332 23453
19430 332 29052 31 11154 332 23453
19430 332 29052 31 75357 332 23453
19430 332 29052 31 48297 332 23453
19430 332 29052 31 8180 332 23453
19430 332 29052 31 71432 332 23453
19430 332 29052 31 48923 332 23453
19430 332 29052 31 51518 332 23453
19430 332 29052 31 42427 332 23453
19430 332 29052 31 38136 332 23453
19430 332 29052 31 19226 332 23453
19430 332 29052 31 11962 332 23453
19430 332 29052 31 29327 332 23453
19430 332 29052 31 56441 332 23453
19430 332 29052 31 44332 332 23453
19430 332 29052 31 56179 332 23453
19430 332 29052 31 28559 332 23453
19430 332 29052 31 14684 332 23453
19430 332 29052 31 15751 332 23453
19430 332 29052 31 18034 332 23453
19430 332 29052 31 26667 332 23453
19430 332 29052 31 5457 332 23453
19430 332 29052 31 13054 332 23453
19430 332 29052 31 73637 332 23453
19430 332 29052 31 57434 332 23453
19430 332 29052 31 32824 332 23453
19430 332 29052 31 72480 332 23453
19430 332 29052 31 14574 332 23453
19430 332 29052 31 49073 332 23453
19430 332 29052 31 55478 332 23453
19430 332 29052 31 24827 332 23453
19430 332 29052 31 74638 332 23453
19430 332 29052 31 39284 332 23453
19430 332 29052 31 31661 332 23453
19430 332 29052 31 26019 332 23453
19430 332 29052 31 13914 332 23453
19430 332 29052 31 51183 332 23453
19430 332 29052 31 69592 332 23453
19430 332 29052 31 73570 332 23453
19430 332 29052 31 43961 332 23453
19430 332 29052 31 22 332 23453
19430 332 29052 31 30898 332 23453
19430 332 29052 31 53384 332 23453
19430 332 29052 31 39301 332 23453
19430 332 29052 31 47146 332 23453
19430 332 29052 31 53570 332 23453
19430 332 29052 31 71834 332 23453
19430 332 29052 31 31247 332 23453
19430 332 29052 31 57462 332 23453
19430 332 29052 31 6183 332 23453
19430 332 29052 31 39338 332 23453
19430 332 29052 31 70422 332 23453
19430 332 29052 31 26034 332 23453
19430 332 29052 31 39091 332 23453
19430 332 29052 31 14927 332 23453
19430 332 29052 31 5861 332 23453
19430 332 29052 31 18167 332 23453
19430 332 29052 31 36223 332 23453
19430 332 29052 31 70019 332 23453
19430 332 29052 31 69099 332 23453
19430 332 29052 31 55164 332 23453
19430 332 29052 31 72997 332 23453
19430 332 29052 31 67768 332 23453
19430 332 29052 31 28384 332 23453
19430 332 29052 31 3042 332 23453
19430 332 29052 31 30312 332 23453
19430 332 29052 31 64151 332 23453
19430 332 29052 31 3291 332 23453
19430 332 29052 31 41161 332 23453
19430 332 29052 31 37633 332 23453
19430 332 29052 31 22105 332 23453
19430 332 29052 31 20785 332 23453
19430 332 29052 31 3650 332 23453
19430 332 29052 31 59413 332 23453
19430 332 29052 31 9330 332 23453
19430 332 29052 31 57689 332 23453
19430 332 29052 31 31812 332 23453
19430 332 29052 31 33365 332 23453
19430 332 29052 31 34480 332 23453
19430 332 29052 31 4192 332 23453
19430 332 29052 31 14796 332 23453
19430 332 29052 31 26343 332 23453
19430 332 29052 31 17048 332 23453
19430 332 29052 31 43408 332 23453
19430 332 29052 31 45354 332 23453
19430 332 29052 31 10680 332 23453
19430 332 29052 31 3794 332 23453
19430 332 29052 31 4397 332 23453
19430 332 29052 31 42969 332 23453
19430 332 29052 31 22378 332 23453
19430 332 29052 31 45727 332 23453
19430 332 29052 31 74555 332 23453
19430 332 29052 31 62691 332 23453
19430 332 29052 31 9616 332 23453
19430 332 29052 31 52525 332 23453
19430 332 29052 31 32246 332 23453
19430 332 29052 31 56153 332 23453
19430 332 29052 31 35836 332 23453
19430 332 29052 31 58777 332 23453
19430 332 29052 31 35527 332 23453
19430 332 29052 31 44007 332 23453
19430 332 29052 31 27946 332 23453
19430 332 29052 31 53371 332 23453
19430 332 29052 31 51589 332 23453
19430 332 29052 31 8477 332 23453
19430 332 29052 31 65456 332 23453
19430 332 29052 31 23877 332 23453
19430 332 29052 31 59613 332 23453
19430 332 29052 31 25017 332 23453
19430 332 29052 31 8450 332 23453
19430 332 29052 31 47346 332 23453
19430 332 29052 31 595 332 23453
19430 332 29052 31 49503 332 23453
19430 332 29061 31 25880 332 23453
19430 332 29061 31 41815 332 23453
19430 332 29061 31 7196 332 23453
19430 332 29061 31 37225 332 23453
19430 332 29061 31 36844 332 23453
19430 332 29061 31 6228 332 23453
19430 332 29061 31 60183 332 23453
19430 332 29061 31 5659 332 23453
19430 332 29061 31 17091 332 23453
19430 332 29061 31 62497 332 23453
19430 332 29061 31 25871 332 23453
19430 332 29061 31 65333 332 23453
19430 332 29061 31 57160 332 23453
19430 332 29061 31 40925 332 23453
19430 332 29061 31 21351 332 23453
19430 332 29061 31 50993 332 23453
19430 332 29061 31 22911 332 23453
19430 332 29061 31 32376 332 23453
19430 332 29061 31 2670 332 23453
19430 332 29061 31 2999 332 23453
19430 332 29061 31 54690 332 23453
19430 332 29061 31 75227 332 23453
19430 332 29061 31 7304 332 23453
19430 332 29061 31 1105 332 23453
19430 332 29061 31 52748 332 23453
19430 332 29061 31 54617 332 23453
19430 332 29061 31 31161 332 23453
19430 332 29061 31 24497 332 23453
19430 332 29061 31 60201 332 23453
19430 332 29061 31 69701 332 23453
19430 332 29061 31 8371 332 23453
19430 332 29061 31 52880 332 23453
19430 332 29061 31 22232 332 23453
19430 332 29061 31 16952 332 23453
19430 332 29061 31 12578 332 23453
19430 332 29061 31 27205 332 23453
19430 332 29061 31 8133 332 23453
19430 332 29061 31 64402 332 23453
19430 332 29061 31 10417 332 23453
19430 332 29061 31 4921 332 23453
19430 332 29061 31 34901 332 23453
19430 332 29061 31 30864 332 23453
19430 332 29061 31 57616 332 23453
19430 332 29061 31 25147 332 23453
19430 332 29061 31 13304 332 23453
19430 332 29061 31 5016 332 23453
19430 332 29061 31 22368 332 23453
19430 332 29061 31 40460 332 23453
19430 332 29061 31 7165 332 23453
19430 332 29061 31 73560 332 23453
19430 332 29061 31 69462 332 23453
19430 332 29061 31 62831 332 23453
19430 332 29061 31 52800 332 23453
19430 332 29061 31 59426 332 23453
19430 332 29061 31 35791 332 23453
19430 332 29061 31 56160 332 23453
19430 332 29061 31 23486 332 23453
19430 332 29061 31 4751 332 23453
19430 332 29061 31 43459 332 23453
19430 332 29061 31 55759 332 23453
19430 332 68334 31 40284 332 23453
19430 332 68334 31 6987 332 23453
19430 332 68334 31 35145 332 23453
19430 332 68334 31 1654 332 23453
19430 332 68334 31 14479 332 23453
19430 332 65853 31 72079 382 65513 332 23453
19430 332 65853 31 73627 342 44195 332 23453
19430 332 65853 31 47458 383 59361 332 23453
19430 332 65853 31 24865 303 18900 332 23453
19430 332 65853 31 27162 32 30762 332 23453
19430 332 65853 31 27162 32 48050 332 23453
19430 332 65853 31 3134 121 53706 332 23453
19430 332 65853 31 1444 383 56734 332 23453
19430 332 65853 31 1444 75 52660 332 23453
19430 332 65853 31 24058 196 52207 332 23453
19430 332 65853 31 24058 196 71421 332 23453
19430 332 65853 31 24058 196 67772 332 23453
19430 332 65853 31 24058 196 28485 332 23453
19430 332 65853 31 5850 359 12507 332 23453
19430 332 65853 31 44074 28 70588 332 23453
19430 332 65853 31 25928 342 11561 332 23453
19430 332 65853 31 62341 28 4934 332 23453
19430 332 65853 31 28376 143 66481 332 23453
19430 332 65853 31 58806 102 5767 332 23453
19430 332 65853 31 29427 126 19404 332 23453
19430 332 65853 31 26700 291 7299 332 23453
19430 332 65853 31 14699 304 34784 332 23453
19430 332 65853 31 20603 383 39821 332 23453
19430 332 65853 31 72636 240 15973 332 23453
19430 332 65853 31 64590 383 20562 332 23453
19430 332 65853 31 40314 52 21550 332 23453
19430 332 65853 31 17630 383 67061 332 23453
19430 332 65853 31 19694 339 59743 332 23453
19430 332 65853 31 19694 240 28109 332 23453
19430 332 65853 31 46167 383 68880 332 23453
19430 332 65853 369 19933 252 45550 332 23453
19430 332 65853 369 19933 75 43038 332 23453
19430 332 65853 369 19933 186 49302 332 23453
19430 332 65853 369 69092 75 10088 332 23453
19430 332 65853 369 69092 294 62418 332 23453
19430 332 65853 369 69092 294 26869 332 23453
19430 332 65853 369 69092 294 31931 332 23453
19430 332 65853 369 69092 294 47739 332 23453
19430 332 65853 369 69092 294 35214 332 23453
19430 332 65853 369 69092 294 41945 332 23453
19430 332 65853 369 69092 294 41972 332 23453
19430 332 65853 369 69092 294 19084 332 23453
19430 332 65853 369 69092 294 46720 332 23453
19430 332 65853 369 69092 294 42166 332 23453
19430 332 65853 369 69092 294 34809 332 23453
19430 332 65853 369 69092 294 60088 332 23453
19430 332 29052 31 33054 277 41348 332 23453
19430 332 29052 31 33054 277 64305 332 23453
19430 332 29052 31 33054 277 39064 332 23453
19430 332 29052 31 33054 277 15122 332 23453
19430 332 29052 31 33054 277 24546 332 23453
19430 332 29052 31 33054 277 55426 332 23453
19430 332 29052 31 33054 277 5669 332 23453
19430 332 29052 31 33054 277 40575 332 23453
19430 332 29052 31 33054 277 46626 332 23453
19430 332 29052 31 33054 277 880 332 23453
19430 332 29052 31 33054 277 8358 332 23453
19430 332 29052 31 33054 277 71348 332 23453
19430 332 29052 31 33054 277 21463 332 23453
19430 332 29052 31 33054 277 68966 332 23453
19430 332 29052 31 33054 277 5082 332 23453
19430 332 29052 31 33054 252 19189 332 23453
19430 332 29052 31 33054 252 7332 332 23453
19430 332 29052 31 33054 252 11600 332 23453
19430 332 29052 31 33054 252 70207 332 23453
19430 332 29052 31 43961 75 69481 332 23453
19430 332 29061 31 57160 103 61429 332 23453
19430 332 65853 31 34575 332 65855 31 35048 332 23453
19430 332 65853 31 34575 332 65855 31 23898 332 23453
19430 332 65853 31 34575 332 65855 31 38647 332 23453
19430 332 65853 31 34575 332 65855 31 16824 332 23453
19430 332 65853 31 34575 332 65855 31 63031 332 23453
19430 332 65853 31 34575 332 65855 31 57239 332 23453
19430 332 65853 31 34575 332 65855 31 5754 332 23453
19430 332 65853 31 34575 332 65855 31 47566 332 23453
19430 332 65853 31 34575 332 65855 31 30439 332 23453
19430 332 65853 31 34575 332 65855 31 11766 332 23453
19430 332 65853 31 34575 332 65855 31 57103 332 23453
19430 332 65853 31 34575 332 65855 31 30366 332 23453
19430 332 65853 31 34575 332 65855 31 68001 332 23453
19430 332 65853 31 34575 332 65855 31 5285 332 23453
19430 332 65853 31 34575 332 65855 31 71326 332 23453
19430 332 65853 31 34575 332 65855 31 46557 332 23453
19430 332 65853 31 34575 332 65855 31 44693 332 23453
19430 332 65853 31 34575 332 65855 31 47037 332 23453
19430 332 65853 31 34575 332 65855 31 39822 332 23453
19430 332 65853 31 34575 332 65855 31 49215 332 23453
19430 332 65853 31 34575 332 65855 31 65384 332 23453
19430 332 65853 31 34575 332 65855 31 75348 332 23453
19430 332 65853 31 34575 332 65855 31 38048 332 23453
19430 332 65853 31 34575 332 29065 31 30748 332 23453
19430 332 65853 31 34575 332 29065 31 74049 332 23453
19430 332 65853 31 34575 332 29065 31 12352 332 23453
19430 332 65853 31 34575 332 29065 31 75229 332 23453
19430 332 65853 31 34575 332 29065 31 63867 332 23453
19430 332 65853 31 34575 332 29065 31 44249 332 23453
19430 332 65853 31 34575 332 29065 31 50153 332 23453
19430 332 65853 31 34575 332 29065 31 39875 332 23453
19430 332 65853 31 34575 332 29065 31 48552 332 23453
19430 332 65853 31 34575 332 29065 31 23755 332 23453
19430 332 65853 31 34575 332 29065 31 37035 332 23453
19430 332 65853 31 34575 332 29065 31 69987 332 23453
19430 332 65853 31 34575 332 29065 31 826 332 23453
19430 332 65853 31 34575 332 29065 31 72984 332 23453
19430 332 65853 31 34575 332 29065 31 8676 332 23453
19430 332 65853 31 34575 332 29065 31 69044 332 23453
19430 332 65853 31 34575 332 29065 31 42979 332 23453
19430 332 65853 31 34575 332 29065 31 60269 332 23453
19430 332 65853 31 34575 332 29065 31 62829 332 23453
19430 332 65853 31 34575 332 29065 31 59336 332 23453
19430 332 65853 31 34575 332 29065 31 15105 332 23453
19430 332 65853 31 34575 332 29065 31 71335 332 23453
19430 332 65853 31 34575 332 29065 31 44731 332 23453
19430 332 65853 31 34575 332 29065 31 14358 332 23453
19430 332 65853 31 34575 332 29065 31 70990 332 23453
19430 332 65853 31 34575 332 29065 31 43138 332 23453
19430 332 65853 31 34575 332 29065 31 30834 332 23453
19430 332 65853 31 34575 332 29065 31 18003 332 23453
19430 332 65853 31 34575 332 29065 31 45463 332 23453
19430 332 65853 31 34575 332 29065 31 73571 332 23453
19430 332 65853 31 34575 332 29065 31 24975 332 23453
19430 332 65853 31 34575 332 29065 31 60837 332 23453
19430 332 65853 31 34575 332 29065 31 13799 332 23453
19430 332 65853 31 34575 332 29065 31 29354 332 23453
19430 332 65853 31 34575 332 29065 31 51930 332 23453
19430 332 65853 31 34575 332 29065 31 5505 332 23453
19430 332 65853 31 34575 332 29065 31 25456 332 23453
19430 332 65853 31 34575 332 29065 31 70471 332 23453
19430 332 65853 31 34575 332 29065 31 17809 332 23453
19430 332 65853 31 34575 332 29065 31 3675 332 23453
19430 332 65853 31 34575 332 29065 31 54657 332 23453
19430 332 65853 31 34575 332 29065 31 40941 332 23453
19430 332 65853 31 34575 332 29065 31 37773 332 23453
19430 332 65853 31 34575 332 29065 31 1228 332 23453
19430 332 65853 31 34575 332 29065 31 35335 332 23453
19430 332 65853 31 34575 358 9577 28 23665 332 23453
19430 332 65853 31 28650 332 29064 31 8428 332 23453
19430 332 65853 31 28650 332 29064 31 40025 332 23453
19430 332 65853 31 28650 332 29064 31 52083 332 23453
19430 332 65853 31 28650 332 29064 31 33412 332 23453
19430 332 65853 31 28650 332 29064 31 71523 332 23453
19430 332 65853 31 28650 332 29064 31 22427 332 23453
19430 332 65853 31 28650 332 29064 31 40747 332 23453
19430 332 65853 31 28650 332 29064 31 32360 332 23453
19430 332 65853 31 28650 332 29064 31 13087 332 23453
19430 332 65853 31 28650 332 29064 31 30740 332 23453
19430 332 65853 31 28650 332 29064 31 15432 332 23453
19430 332 65853 31 28650 332 29064 31 22835 332 23453
19430 332 65853 31 28650 332 29064 31 68181 332 23453
19430 332 65853 31 28650 332 29064 31 38334 332 23453
19430 332 65853 31 28650 332 29064 31 23042 332 23453
19430 332 65853 31 28650 332 29064 31 70167 332 23453
19430 332 65853 31 28650 332 29064 31 12598 332 23453
19430 332 65853 31 15024 332 10045 31 51545 332 23453
19430 332 65853 31 15024 332 65857 31 40197 332 23453
19430 332 65853 31 15024 332 65857 31 49256 332 23453
19430 332 65853 31 70136 332 68336 31 25213 332 23453
19430 332 65853 31 24403 29 42543 306 4691 332 23453
19430 332 65853 31 72079 105 27339 172 39059 332 23453
19430 332 65853 31 72079 300 62434 211 66166 332 23453
19430 332 65853 31 72079 256 54168 254 36050 332 23453
19430 332 65853 31 72079 297 61222 231 2302 332 23453
19430 332 65853 31 72079 297 61222 231 15643 332 23453
19430 332 65853 31 65908 114 72858 100 6855 332 23453
19430 332 65853 31 65908 114 72858 100 62772 332 23453
19430 332 65853 31 65908 114 72858 100 24071 332 23453
19430 332 65853 31 6934 359 65917 102 567 332 23453
19430 332 65853 31 40496 123 29094 398 74647 332 23453
19430 332 65853 31 75274 377 10911 238 47026 332 23453
19430 332 29052 31 33054 252 38269 277 19165 332 23453
19430 332 29052 31 41491 152 48613 326 61445 332 23453
19430 332 29052 31 9013 298 3808 299 38440 332 23453
19430 332 65853 31 34575 332 29065 31 22670 277 40285 332 23453
19430 332 65853 31 30109 342 64632 214 21982 355 65272 332 23453
19430 332 65853 31 24058 262 36101 323 23815 313 67961 332 23453
19430 332 65853 31 15570 259 20467 255 68455 398 13860 130 35654 332 23453
19430 332 65853 369 19933 64 15964 194 75380 162 72568 296 55840 99 61404 332 23453
19430 332 29061 31 15060 26 4713 385 72812 141 23966 5 29677 141 14508 332 23453
