22441 332 41016
22441 369 40754 277 40260 332 41016
22441 369 40754 277 227 332 41016
22441 369 40754 277 7646 332 41016
22441 369 40754 277 70529 332 32706 332 41016
22441 369 40754 277 32824 28 28376 332 41016
22441 369 40754 277 59893 332 1723 332 41016
22441 369 40754 252 28650 332 65853 31 58806 332 41016
22441 369 40754 252 28650 332 65853 31 48125 332 41016
22441 369 40754 252 28650 332 65853 31 30522 332 41016
22441 369 40754 252 28650 369 33054 277 2313 332 41016
22441 369 40754 252 28650 369 33054 277 12419 332 41016
22441 369 40754 252 28650 369 33054 277 44537 332 41016
22441 369 40754 252 28650 369 33054 277 26408 332 41016
22441 369 40754 252 28650 369 33054 277 60935 332 41016
22441 369 40754 252 28650 369 33054 277 24420 332 41016
22441 369 40754 252 28650 369 33054 277 17048 332 41016
22441 369 40754 252 28650 369 33054 252 60910 332 41016
22441 369 40754 252 14032 383 69092 151 7925 332 41016
22441 369 40754 252 14032 383 69092 151 43192 332 41016
22441 369 40754 252 14032 383 69092 151 49088 332 41016
22441 369 40754 252 14032 383 69092 151 69354 332 41016
22441 369 40754 252 14032 383 69092 151 64354 332 41016
22441 369 40754 252 14032 383 69092 151 36618 332 41016
22441 369 40754 252 14032 383 69092 151 74810 332 41016
22441 369 40754 252 14032 383 69092 151 21166 332 41016
22441 369 40754 252 14032 383 69092 277 34618 332 41016
22441 369 40754 252 14032 383 69092 277 35071 332 41016
22441 369 40754 252 14032 383 69092 277 71984 332 41016
22441 369 40754 277 227 332 40338 31 72583 332 41016
22441 369 40754 277 227 332 40338 31 16793 332 41016
22441 369 40754 277 227 332 40338 31 63309 332 41016
