2904 332 65861
2904 369 33054 252 65861
2904 332 65855 31 34575 332 65861
2904 332 65855 31 70136 332 65861
2904 332 65855 31 44925 332 65861
2904 332 65855 31 65268 332 65861
2904 332 65855 31 20140 332 65861
2904 332 65855 31 64880 332 65861
2904 332 65855 31 40671 332 65861
2904 332 65855 31 1549 332 65861
2904 332 65855 31 41815 332 65861
2904 332 65855 31 64735 332 65861
2904 332 65855 31 6905 332 65861
2904 332 65855 31 5454 332 65861
2904 332 65855 31 37109 332 65861
2904 332 65855 31 37724 332 65861
2904 332 65855 31 16161 332 65861
2904 332 65855 31 56660 332 65861
2904 332 65855 31 23069 332 65861
2904 332 65855 31 59683 332 65861
2904 332 65855 31 2376 332 65861
2904 332 65855 31 22840 332 65861
2904 332 65855 31 73523 332 65861
2904 332 65855 31 42633 332 65861
2904 332 65855 31 69013 332 65861
2904 332 65855 31 8629 332 65861
2904 332 65855 31 12741 332 65861
2904 332 65855 31 30154 332 65861
2904 332 65855 31 4830 332 65861
2904 332 65855 31 65908 332 65861
2904 332 65855 31 32402 332 65861
2904 332 65855 31 28323 332 65861
2904 332 65855 31 51574 332 65861
2904 332 65855 31 17188 332 65861
2904 332 65855 31 71680 332 65861
2904 332 65855 31 24865 332 65861
2904 332 65855 31 23705 332 65861
2904 332 65855 31 35771 332 65861
2904 332 65855 31 42618 332 65861
2904 332 65855 31 27162 332 65861
2904 332 65855 31 16968 332 65861
2904 332 65855 31 24855 332 65861
2904 332 65855 31 69984 332 65861
2904 332 65855 31 36276 332 65861
2904 332 65855 31 6978 332 65861
2904 332 65855 31 30109 332 65861
2904 332 65855 31 47399 332 65861
2904 332 65855 31 18151 332 65861
2904 332 65855 31 70550 332 65861
2904 332 65855 31 45897 332 65861
2904 332 65855 31 73217 332 65861
2904 332 65855 31 53002 332 65861
2904 332 65855 31 29655 332 65861
2904 332 65855 31 15303 332 65861
2904 332 65855 31 6934 332 65861
2904 332 65855 31 51172 332 65861
2904 332 65855 31 71135 332 65861
2904 332 65855 31 5865 332 65861
2904 332 65855 31 13668 332 65861
2904 332 65855 31 19515 332 65861
2904 332 65855 31 17167 332 65861
2904 332 65855 31 42726 332 65861
2904 332 65855 31 51036 332 65861
2904 332 65855 31 25755 332 65861
2904 332 65855 31 11497 332 65861
2904 332 65855 31 21807 332 65861
2904 332 65855 31 40409 332 65861
2904 332 65855 31 30156 332 65861
2904 332 65855 31 25131 332 65861
2904 332 65855 31 50986 332 65861
2904 332 65855 31 1444 332 65861
2904 332 65855 31 2748 332 65861
2904 332 65855 31 30773 332 65861
2904 332 65855 31 69430 332 65861
2904 332 65855 31 10512 332 65861
2904 332 65855 31 33971 332 65861
2904 332 65855 31 72838 332 65861
2904 332 65855 31 731 332 65861
2904 332 65855 31 37026 332 65861
2904 332 65855 31 70024 332 65861
2904 332 65855 31 73755 332 65861
2904 332 65855 31 30094 332 65861
2904 332 65855 31 8653 332 65861
2904 332 65855 31 13720 332 65861
2904 332 65855 31 67997 332 65861
2904 332 65855 31 65174 332 65861
2904 332 65855 31 58140 332 65861
2904 332 65855 31 48048 332 65861
2904 332 65855 31 53860 332 65861
2904 332 65855 31 26466 332 65861
2904 332 65855 31 24854 332 65861
2904 332 65855 31 38080 332 65861
2904 332 65855 31 65295 332 65861
2904 332 65855 31 16834 332 65861
2904 332 65855 31 44772 332 65861
2904 332 65855 31 58804 332 65861
2904 332 65855 31 42693 332 65861
2904 332 65855 31 23029 332 65861
2904 332 65855 31 53267 332 65861
2904 332 65855 31 68659 332 65861
2904 332 65855 31 70150 332 65861
2904 332 65855 31 32357 332 65861
2904 332 65855 31 56226 332 65861
2904 332 65855 31 14729 332 65861
2904 332 65855 31 35321 332 65861
2904 332 65855 31 53174 332 65861
2904 332 65855 31 44380 332 65861
2904 332 65855 31 57100 332 65861
2904 332 65855 31 59220 332 65861
2904 332 65855 31 28491 332 65861
2904 332 65855 31 50480 332 65861
2904 332 65855 31 64688 332 65861
2904 332 65855 31 29596 332 65861
2904 332 65855 31 25912 332 65861
2904 332 65855 31 62148 332 65861
2904 332 65855 31 46210 332 65861
2904 332 65855 31 14740 332 65861
2904 332 65855 31 37598 332 65861
2904 332 65855 31 30366 332 65861
2904 332 65855 31 24988 332 65861
2904 332 65855 31 33132 332 65861
2904 332 65855 31 57341 332 65861
2904 332 65855 31 15607 332 65861
2904 332 65855 31 6715 332 65861
2904 332 65855 31 53262 332 65861
2904 332 65855 31 70625 332 65861
2904 332 65855 31 50816 332 65861
2904 332 65855 31 56441 332 65861
2904 332 65855 31 43655 332 65861
2904 332 65855 31 74737 332 65861
2904 332 65855 31 33114 332 65861
2904 332 65855 31 37720 332 65861
2904 332 65855 31 27406 332 65861
2904 332 65855 31 354 332 65861
2904 332 65855 31 11292 332 65861
2904 332 65855 31 11961 332 65861
2904 332 65855 31 74574 332 65861
2904 332 65855 31 41239 332 65861
2904 332 65855 31 47107 332 65861
2904 332 65855 31 36156 332 65861
2904 332 65855 31 22642 332 65861
2904 332 65855 31 48642 332 65861
2904 332 65855 31 13124 332 65861
2904 332 65855 31 33373 332 65861
2904 332 65855 31 33232 332 65861
2904 332 65855 31 34541 332 65861
2904 332 65855 31 24688 332 65861
2904 332 65855 31 18230 332 65861
2904 332 65855 31 37302 332 65861
2904 332 65855 31 64335 332 65861
2904 332 65855 31 32824 332 65861
2904 332 65855 31 57633 332 65861
2904 332 65855 31 5850 332 65861
2904 332 65855 31 74370 332 65861
2904 332 65855 31 73556 332 65861
2904 332 65855 31 73143 332 65861
2904 332 65855 31 41749 332 65861
2904 332 65855 31 23861 332 65861
2904 332 65855 31 509 332 65861
2904 332 65855 31 12403 332 65861
2904 332 65855 31 6943 332 65861
2904 332 65855 31 30068 332 65861
2904 332 65855 31 7018 332 65861
2904 332 65855 31 36571 332 65861
2904 332 65855 31 9696 332 65861
2904 332 65855 31 55179 332 65861
2904 332 65855 31 11032 332 65861
2904 332 65855 31 72855 332 65861
2904 332 65855 31 11264 332 65861
2904 332 65855 31 1929 332 65861
2904 332 65855 31 52672 332 65861
2904 332 65855 31 18362 332 65861
2904 332 65855 31 59152 332 65861
2904 332 65855 31 43961 332 65861
2904 332 65855 31 71744 332 65861
2904 332 65855 31 45649 332 65861
2904 332 65855 31 73559 332 65861
2904 332 65855 31 44074 332 65861
2904 332 65855 31 43294 332 65861
2904 332 65855 31 15757 332 65861
2904 332 65855 31 2451 332 65861
2904 332 65855 31 50290 332 65861
2904 332 65855 31 49353 332 65861
2904 332 65855 31 25928 332 65861
2904 332 65855 31 56770 332 65861
2904 332 65855 31 26332 332 65861
2904 332 65855 31 53103 332 65861
2904 332 65855 31 10430 332 65861
2904 332 65855 31 7135 332 65861
2904 332 65855 31 17692 332 65861
2904 332 65855 31 71834 332 65861
2904 332 65855 31 8640 332 65861
2904 332 65855 31 7646 332 65861
2904 332 65855 31 28569 332 65861
2904 332 65855 31 20969 332 65861
2904 332 65855 31 35018 332 65861
2904 332 65855 31 14666 332 65861
2904 332 65855 31 64904 332 65861
2904 332 65855 31 62341 332 65861
2904 332 65855 31 40136 332 65861
2904 332 65855 31 38634 332 65861
2904 332 65855 31 53014 332 65861
2904 332 65855 31 57819 332 65861
2904 332 65855 31 8870 332 65861
2904 332 65855 31 41374 332 65861
2904 332 65855 31 40305 332 65861
2904 332 65855 31 58796 332 65861
2904 332 65855 31 17774 332 65861
2904 332 65855 31 6534 332 65861
2904 332 65855 31 48224 332 65861
2904 332 65855 31 53923 332 65861
2904 332 65855 31 13839 332 65861
2904 332 65855 31 49084 332 65861
2904 332 65855 31 62098 332 65861
2904 332 65855 31 33164 332 65861
2904 332 65855 31 36866 332 65861
2904 332 65855 31 28376 332 65861
2904 332 65855 31 58806 332 65861
2904 332 65855 31 19847 332 65861
2904 332 65855 31 29427 332 65861
2904 332 65855 31 6544 332 65861
2904 332 65855 31 36853 332 65861
2904 332 65855 31 72997 332 65861
2904 332 65855 31 50171 332 65861
2904 332 65855 31 3042 332 65861
2904 332 65855 31 1641 332 65861
2904 332 65855 31 67502 332 65861
2904 332 65855 31 3650 332 65861
2904 332 65855 31 40496 332 65861
2904 332 65855 31 73840 332 65861
2904 332 65855 31 72636 332 65861
2904 332 65855 31 64590 332 65861
2904 332 65855 31 40314 332 65861
2904 332 65855 31 37792 332 65861
2904 332 65855 31 17630 332 65861
2904 332 65855 31 67239 332 65861
2904 332 65855 31 19960 332 65861
2904 332 65855 31 34480 332 65861
2904 332 65855 31 73769 332 65861
2904 332 65855 31 43314 332 65861
2904 332 65855 31 11708 332 65861
2904 332 65855 31 12956 332 65861
2904 332 65855 31 48125 332 65861
2904 332 65855 31 63979 332 65861
2904 332 65855 31 64296 332 65861
2904 332 65855 31 67407 332 65861
2904 332 65855 31 24169 332 65861
2904 332 65855 31 55099 332 65861
2904 332 65855 31 5604 332 65861
2904 332 65855 31 25233 332 65861
2904 332 65855 31 52577 332 65861
2904 332 65855 31 1524 332 65861
2904 332 65855 31 769 332 65861
2904 332 65855 31 15927 332 65861
2904 332 65855 31 52525 332 65861
2904 332 65855 31 32246 332 65861
2904 332 65855 31 12132 332 65861
2904 332 65855 31 8501 332 65861
2904 332 65855 31 2286 332 65861
2904 332 65855 31 59917 332 65861
2904 332 65855 31 23082 332 65861
2904 332 65855 31 33377 332 65861
2904 332 65855 31 39920 332 65861
2904 332 65855 31 32267 332 65861
2904 332 65855 31 14746 332 65861
2904 332 65855 31 65232 332 65861
2904 332 65855 31 6957 332 65861
2904 332 65855 31 4108 332 65861
2904 332 65855 31 17345 332 65861
2904 332 65855 31 23225 332 65861
2904 332 65855 31 6621 332 65861
2904 332 65855 31 26159 332 65861
2904 332 65855 369 19933 332 65861
2904 332 65856 31 15215 332 65861
2904 332 65856 31 65030 332 65861
2904 332 65856 31 30845 332 65861
2904 332 65856 31 75464 332 65861
2904 332 65856 31 21115 332 65861
2904 332 65856 31 73460 332 65861
2904 332 65856 31 43861 332 65861
2904 332 65856 31 29057 332 65861
2904 332 65856 31 41111 332 65861
2904 332 65856 31 10933 332 65861
2904 332 65856 31 40434 332 65861
2904 332 65856 31 20056 332 65861
2904 332 65856 31 57319 332 65861
2904 332 65856 31 33697 332 65861
2904 332 65856 31 60218 332 65861
2904 332 65856 31 42510 332 65861
2904 332 65856 31 18870 332 65861
2904 332 65856 31 47366 332 65861
2904 332 65856 31 21739 332 65861
2904 332 65856 31 69785 332 65861
2904 332 65856 31 72041 332 65861
2904 332 65856 31 74451 332 65861
2904 332 65856 31 58604 332 65861
2904 332 65856 31 6326 332 65861
2904 332 65856 31 51518 332 65861
2904 332 65856 31 18034 332 65861
2904 332 65856 31 12547 332 65861
2904 332 65856 31 49355 332 65861
2904 332 65856 31 74638 332 65861
2904 332 65856 31 27370 332 65861
2904 332 65856 31 58756 332 65861
2904 332 65856 31 62238 332 65861
2904 332 65856 31 40753 332 65861
2904 332 65856 31 16722 332 65861
2904 332 65856 31 12759 332 65861
2904 332 65856 31 17522 332 65861
2904 332 65856 31 31485 332 65861
2904 332 65856 31 8284 332 65861
2904 332 65856 31 40298 332 65861
2904 332 65856 31 7314 332 65861
2904 332 65856 31 68560 332 65861
2904 332 65856 31 3581 332 65861
2904 332 65856 31 48202 332 65861
2904 332 65856 31 48822 332 65861
2904 332 65856 31 20344 332 65861
2904 332 65856 31 44007 332 65861
2904 332 65856 31 604 332 65861
2904 332 65856 31 9664 332 65861
2904 332 65856 369 41897 277 65861
2904 332 65856 369 50528 332 65861
2904 332 65856 369 14858 332 65861
2904 332 65853 31 68356 332 65861
2904 332 65853 31 66472 332 65861
2904 332 65853 31 49542 332 65861
2904 332 65853 31 12991 332 65861
2904 332 65853 31 35029 332 65861
2904 332 65853 31 21315 332 65861
2904 332 65853 31 52531 332 65861
2904 332 65853 31 49845 332 65861
2904 332 65853 31 67138 332 65861
2904 332 65853 31 38673 332 65861
2904 332 65853 31 52309 332 65861
2904 332 65853 31 21330 332 65861
2904 332 65853 31 28832 332 65861
2904 332 65853 31 4445 332 65861
2904 332 65853 31 48664 332 65861
2904 332 65853 31 69720 332 65861
2904 332 65853 31 24817 332 65861
2904 332 65853 31 4443 332 65861
2904 332 65853 31 64436 332 65861
2904 332 65853 31 12975 332 65861
2904 332 65853 31 26991 332 65861
2904 332 65853 31 56438 332 65861
2904 332 65853 31 15570 332 65861
2904 332 65853 31 36041 332 65861
2904 332 65853 31 71213 332 65861
2904 332 65853 31 63843 332 65861
2904 332 65853 31 73875 332 65861
2904 332 65853 31 30522 332 65861
2904 332 65853 31 24754 332 65861
2904 332 65853 31 627 332 65861
2904 332 65853 31 19486 332 65861
2904 332 65853 31 32036 332 65861
2904 332 29065 31 64690 332 65861
2904 332 29065 31 57608 332 65861
2904 332 29065 31 66896 332 65861
2904 332 29065 31 63489 332 65861
2904 332 29065 31 54985 332 65861
2904 332 29065 31 62709 332 65861
2904 332 29065 31 33494 332 65861
2904 332 29065 31 11558 332 65861
2904 332 29065 31 68258 332 65861
2904 332 29065 31 6731 332 65861
2904 332 29065 31 24013 332 65861
2904 332 29065 31 18808 332 65861
2904 332 29065 31 19971 332 65861
2904 332 29065 31 6098 332 65861
2904 332 29065 31 55583 332 65861
2904 332 29065 31 43466 332 65861
2904 332 29065 31 31636 332 65861
2904 332 29065 31 39173 332 65861
2904 332 29065 31 60751 332 65861
2904 332 29065 31 1727 332 65861
2904 332 29065 31 14574 332 65861
2904 332 29065 31 66047 332 65861
2904 332 29065 31 39338 332 65861
2904 332 29065 31 43749 332 65861
2904 332 29065 31 15919 332 65861
2904 332 29065 31 35524 332 65861
2904 332 29065 31 67134 332 65861
2904 332 29065 31 45727 332 65861
2904 332 29065 31 9616 332 65861
2904 332 29065 31 55759 332 65861
2904 332 29065 31 69847 332 65861
2904 332 29064 31 40156 332 65861
2904 332 29064 31 73355 332 65861
2904 332 29064 31 1522 332 65861
2904 332 29064 31 47338 332 65861
2904 332 29064 31 60509 332 65861
2904 332 29064 31 54705 332 65861
2904 332 29064 31 73729 332 65861
2904 332 29064 31 67170 332 65861
2904 332 29064 31 55164 332 65861
2904 332 29064 31 44472 332 65861
2904 332 23453 31 50275 332 65861
2904 332 23453 31 45695 332 65861
2904 332 29061 31 6175 332 65861
2904 332 29052 31 57483 332 65861
2904 332 29052 31 32306 332 65861
2904 332 29052 31 17624 332 65861
2904 332 29052 31 44610 332 65861
2904 332 29052 31 20794 332 65861
2904 332 29052 31 63798 332 65861
2904 332 29052 31 72203 332 65861
2904 332 29052 31 74947 332 65861
2904 332 29052 31 66293 332 65861
2904 332 29052 31 39957 332 65861
2904 332 29052 31 48518 332 65861
2904 332 29052 31 55639 332 65861
2904 332 29052 31 34961 332 65861
2904 332 29052 31 14072 332 65861
2904 332 29052 31 53328 332 65861
2904 332 29052 31 28828 332 65861
2904 369 33054 277 56901 332 65861
2904 369 33054 277 1214 332 65861
2904 369 33054 277 35533 332 65861
2904 369 33054 277 32838 332 65861
2904 369 33054 277 72146 332 65861
2904 369 33054 277 25328 332 65861
2904 369 33054 277 51875 332 65861
2904 369 33054 277 12003 332 65861
2904 369 33054 277 28860 332 65861
2904 369 33054 277 72970 332 65861
2904 369 33054 277 60622 332 65861
2904 369 33054 277 1682 332 65861
2904 369 33054 277 28637 332 65861
2904 369 33054 32 18999 332 65861
2904 369 33054 151 56775 332 65861
2904 332 65855 31 72079 382 30430 332 65861
2904 332 65855 31 1444 297 74024 332 65861
2904 332 65855 31 24058 196 36301 332 65861
2904 332 65855 31 43655 28 6894 332 65861
2904 332 65855 31 43961 252 61103 332 65861
2904 332 65855 31 19694 240 1408 332 65861
2904 332 65855 369 69092 294 64361 332 65861
2904 332 65855 369 69092 294 30464 332 65861
2904 332 65856 31 47366 369 61864 332 65861
2904 332 65856 31 46670 252 23919 332 65861
2904 332 65856 31 59413 282 44464 332 65861
2904 332 65856 369 50528 252 50376 332 65861
2904 332 65853 31 2218 277 37103 332 65861
2904 332 29065 31 56143 358 34458 332 65861
2904 332 23453 31 11600 28 16466 332 65861
2904 332 29061 31 1899 369 24342 332 65861
2904 369 33054 252 65814 342 1671 332 65861
2904 369 33054 252 65857 31 5674 332 65861
2904 332 65855 31 72079 373 30973 102 59655 332 65861
2904 332 65855 31 64880 369 73592 277 28411 332 65861
2904 332 65855 31 64880 369 73592 277 15847 332 65861
2904 332 65855 31 41815 369 40754 277 58083 332 65861
2904 332 65855 31 41815 369 40754 277 31051 332 65861
2904 332 65855 31 7377 369 53811 252 67358 332 65861
2904 332 65855 31 44399 356 18597 373 64433 332 65861
2904 332 65855 31 67997 356 17373 373 23605 332 65861
2904 332 29065 31 10015 176 65302 143 15718 332 65861
2904 332 29064 31 15053 96 18600 105 16911 172 739 332 65861
