39490 332 57026
39490 332 29052 31 70122 332 57026
39490 332 29052 31 6905 332 57026
39490 332 29052 31 5454 332 57026
39490 332 29052 31 37109 332 57026
39490 332 29052 31 42633 332 57026
39490 332 29052 31 36276 332 57026
39490 332 29052 31 47399 332 57026
39490 332 29052 31 29655 332 57026
39490 332 29052 31 51172 332 57026
39490 332 29052 31 42510 332 57026
39490 332 29052 31 2748 332 57026
39490 332 29052 31 10512 332 57026
39490 332 29052 31 58140 332 57026
39490 332 29052 31 32357 332 57026
39490 332 29052 31 56226 332 57026
39490 332 29052 31 50480 332 57026
39490 332 29052 31 35880 332 57026
39490 332 29052 31 62148 332 57026
39490 332 29052 31 52309 332 57026
39490 332 29052 31 33132 332 57026
39490 332 29052 31 70625 332 57026
39490 332 29052 31 51559 332 57026
39490 332 29052 31 27406 332 57026
39490 332 29052 31 11292 332 57026
39490 332 29052 31 13124 332 57026
39490 332 29052 31 74370 332 57026
39490 332 29052 31 73143 332 57026
39490 332 29052 31 30068 332 57026
39490 332 29052 31 2451 332 57026
39490 332 29052 31 57819 332 57026
39490 332 29052 31 17774 332 57026
39490 332 29052 31 6534 332 57026
39490 332 29052 31 28376 332 57026
39490 332 29052 31 58806 332 57026
39490 332 29052 31 17630 332 57026
39490 332 29052 31 19694 332 57026
39490 332 29052 31 30522 332 57026
39490 332 29052 31 23082 332 57026
39490 332 29052 31 22772 22 37302 332 57026
