39739 332 51352
39739 332 65855 31 64880 332 51352
39739 332 65855 31 68049 332 51352
39739 332 65855 31 2748 332 51352
39739 332 65855 31 73755 332 51352
39739 332 65855 31 42693 332 51352
39739 332 65855 31 32357 332 51352
39739 332 65855 31 56226 332 51352
39739 332 65855 31 62148 332 51352
39739 332 65855 31 49417 332 51352
39739 332 65855 31 33132 332 51352
39739 332 65855 31 27960 332 51352
39739 332 65855 31 11292 332 51352
39739 332 65855 31 36156 332 51352
39739 332 65855 31 24688 332 51352
39739 332 65855 31 32824 332 51352
39739 332 65855 31 9696 332 51352
39739 332 65855 31 62341 332 51352
39739 332 65855 31 57819 332 51352
39739 332 65855 31 6534 332 51352
39739 332 65855 31 58806 332 51352
39739 332 65855 31 12956 332 51352
39739 332 65855 31 2286 332 51352
39739 332 65855 31 33377 332 51352
39739 332 65855 31 29493 332 51352
39739 332 68334 31 40434 332 51352
39739 332 65855 31 34575 369 33054 252 51352
39739 332 65855 31 34575 369 33054 151 51352
39739 332 65855 31 65268 72 67410 277 51352
39739 332 65855 31 72079 75 41897 277 51352
39739 332 65855 31 24058 196 50528 28 51352
39739 332 65855 31 24058 196 50528 277 51352
39739 332 29064 31 15271 35 41111 332 51352
39739 332 65855 31 34575 332 29052 31 43929 332 51352
