40260 332 41016
40260 151 33054 277 2313 332 41016
40260 151 33054 277 12419 332 41016
40260 151 33054 277 44537 332 41016
40260 151 33054 277 48125 332 41016
40260 151 33054 277 26408 332 41016
40260 151 33054 277 60935 332 41016
40260 151 33054 277 24420 332 41016
40260 151 33054 277 17048 332 41016
40260 151 33054 277 30522 332 41016
40260 151 33054 252 60910 332 41016
40260 151 33054 252 7646 332 41016
40260 151 33054 32 28376 332 41016
40260 151 33054 32 58806 332 41016
40260 369 40754 277 22441 332 41016
40260 369 40754 277 227 332 41016
40260 151 33054 277 68356 332 74810 332 41016
40260 151 33054 277 6905 332 35071 332 41016
40260 151 33054 277 6905 332 72583 332 41016
40260 151 33054 277 6905 332 7925 332 41016
40260 151 33054 277 6905 332 43192 332 41016
40260 151 33054 277 6905 332 36618 332 41016
40260 151 33054 277 6905 332 32706 332 41016
40260 151 33054 277 6905 332 21166 332 41016
40260 151 33054 277 6905 332 1723 332 41016
40260 151 33054 277 6905 332 64354 332 41016
40260 151 33054 277 6905 332 49088 332 41016
40260 151 33054 277 6905 332 69354 332 41016
40260 151 33054 277 6905 332 71984 332 41016
40260 151 33054 277 38954 332 16793 332 41016
40260 151 33054 252 40338 31 63309 332 41016
40260 151 33054 252 40338 31 34618 332 41016
