40671 332 65855
40671 332 65861 31 34575 332 65855
40671 332 65861 31 70136 332 65855
40671 332 65861 31 44925 332 65855
40671 332 65861 31 65268 332 65855
40671 332 65861 31 20140 332 65855
40671 332 65861 31 64880 332 65855
40671 332 65861 31 1549 332 65855
40671 332 65861 31 41815 332 65855
40671 332 65861 31 2904 332 65855
40671 332 65861 31 64735 332 65855
40671 332 65861 31 6905 332 65855
40671 332 65861 31 5454 332 65855
40671 332 65861 31 37109 332 65855
40671 332 65861 31 37724 332 65855
40671 332 65861 31 16161 332 65855
40671 332 65861 31 56660 332 65855
40671 332 65861 31 23069 332 65855
40671 332 65861 31 59683 332 65855
40671 332 65861 31 2376 332 65855
40671 332 65861 31 22840 332 65855
40671 332 65861 31 73523 332 65855
40671 332 65861 31 42633 332 65855
40671 332 65861 31 69013 332 65855
40671 332 65861 31 8629 332 65855
40671 332 65861 31 12741 332 65855
40671 332 65861 31 30154 332 65855
40671 332 65861 31 4830 332 65855
40671 332 65861 31 65908 332 65855
40671 332 65861 31 32402 332 65855
40671 332 65861 31 28323 332 65855
40671 332 65861 31 51574 332 65855
40671 332 65861 31 17188 332 65855
40671 332 65861 31 71680 332 65855
40671 332 65861 31 24865 332 65855
40671 332 65861 31 23705 332 65855
40671 332 65861 31 35771 332 65855
40671 332 65861 31 42618 332 65855
40671 332 65861 31 27162 332 65855
40671 332 65861 31 16968 332 65855
40671 332 65861 31 24855 332 65855
40671 332 65861 31 69984 332 65855
40671 332 65861 31 36276 332 65855
40671 332 65861 31 6978 332 65855
40671 332 65861 31 30109 332 65855
40671 332 65861 31 47399 332 65855
40671 332 65861 31 18151 332 65855
40671 332 65861 31 70550 332 65855
40671 332 65861 31 45897 332 65855
40671 332 65861 31 73217 332 65855
40671 332 65861 31 53002 332 65855
40671 332 65861 31 29655 332 65855
40671 332 65861 31 15303 332 65855
40671 332 65861 31 6934 332 65855
40671 332 65861 31 51172 332 65855
40671 332 65861 31 71135 332 65855
40671 332 65861 31 5865 332 65855
40671 332 65861 31 13668 332 65855
40671 332 65861 31 19515 332 65855
40671 332 65861 31 17167 332 65855
40671 332 65861 31 42726 332 65855
40671 332 65861 31 51036 332 65855
40671 332 65861 31 25755 332 65855
40671 332 65861 31 11497 332 65855
40671 332 65861 31 21807 332 65855
40671 332 65861 31 40409 332 65855
40671 332 65861 31 30156 332 65855
40671 332 65861 31 25131 332 65855
40671 332 65861 31 50986 332 65855
40671 332 65861 31 1444 332 65855
40671 332 65861 31 2748 332 65855
40671 332 65861 31 30773 332 65855
40671 332 65861 31 69430 332 65855
40671 332 65861 31 10512 332 65855
40671 332 65861 31 33971 332 65855
40671 332 65861 31 72838 332 65855
40671 332 65861 31 731 332 65855
40671 332 65861 31 37026 332 65855
40671 332 65861 31 70024 332 65855
40671 332 65861 31 73755 332 65855
40671 332 65861 31 30094 332 65855
40671 332 65861 31 8653 332 65855
40671 332 65861 31 13720 332 65855
40671 332 65861 31 67997 332 65855
40671 332 65861 31 65174 332 65855
40671 332 65861 31 58140 332 65855
40671 332 65861 31 48048 332 65855
40671 332 65861 31 53860 332 65855
40671 332 65861 31 26466 332 65855
40671 332 65861 31 24854 332 65855
40671 332 65861 31 38080 332 65855
40671 332 65861 31 65295 332 65855
40671 332 65861 31 16834 332 65855
40671 332 65861 31 44772 332 65855
40671 332 65861 31 58804 332 65855
40671 332 65861 31 42693 332 65855
40671 332 65861 31 23029 332 65855
40671 332 65861 31 53267 332 65855
40671 332 65861 31 68659 332 65855
40671 332 65861 31 70150 332 65855
40671 332 65861 31 32357 332 65855
40671 332 65861 31 56226 332 65855
40671 332 65861 31 14729 332 65855
40671 332 65861 31 35321 332 65855
40671 332 65861 31 53174 332 65855
40671 332 65861 31 44380 332 65855
40671 332 65861 31 57100 332 65855
40671 332 65861 31 59220 332 65855
40671 332 65861 31 28491 332 65855
40671 332 65861 31 50480 332 65855
40671 332 65861 31 64688 332 65855
40671 332 65861 31 29596 332 65855
40671 332 65861 31 25912 332 65855
40671 332 65861 31 62148 332 65855
40671 332 65861 31 46210 332 65855
40671 332 65861 31 14740 332 65855
40671 332 65861 31 37598 332 65855
40671 332 65861 31 30366 332 65855
40671 332 65861 31 24988 332 65855
40671 332 65861 31 33132 332 65855
40671 332 65861 31 57341 332 65855
40671 332 65861 31 15607 332 65855
40671 332 65861 31 6715 332 65855
40671 332 65861 31 53262 332 65855
40671 332 65861 31 70625 332 65855
40671 332 65861 31 50816 332 65855
40671 332 65861 31 56441 332 65855
40671 332 65861 31 43655 332 65855
40671 332 65861 31 74737 332 65855
40671 332 65861 31 33114 332 65855
40671 332 65861 31 37720 332 65855
40671 332 65861 31 27406 332 65855
40671 332 65861 31 354 332 65855
40671 332 65861 31 11292 332 65855
40671 332 65861 31 11961 332 65855
40671 332 65861 31 74574 332 65855
40671 332 65861 31 41239 332 65855
40671 332 65861 31 47107 332 65855
40671 332 65861 31 36156 332 65855
40671 332 65861 31 22642 332 65855
40671 332 65861 31 48642 332 65855
40671 332 65861 31 13124 332 65855
40671 332 65861 31 33373 332 65855
40671 332 65861 31 33232 332 65855
40671 332 65861 31 34541 332 65855
40671 332 65861 31 24688 332 65855
40671 332 65861 31 18230 332 65855
40671 332 65861 31 37302 332 65855
40671 332 65861 31 64335 332 65855
40671 332 65861 31 32824 332 65855
40671 332 65861 31 57633 332 65855
40671 332 65861 31 5850 332 65855
40671 332 65861 31 74370 332 65855
40671 332 65861 31 73556 332 65855
40671 332 65861 31 73143 332 65855
40671 332 65861 31 41749 332 65855
40671 332 65861 31 23861 332 65855
40671 332 65861 31 509 332 65855
40671 332 65861 31 12403 332 65855
40671 332 65861 31 6943 332 65855
40671 332 65861 31 30068 332 65855
40671 332 65861 31 7018 332 65855
40671 332 65861 31 36571 332 65855
40671 332 65861 31 9696 332 65855
40671 332 65861 31 55179 332 65855
40671 332 65861 31 11032 332 65855
40671 332 65861 31 72855 332 65855
40671 332 65861 31 11264 332 65855
40671 332 65861 31 1929 332 65855
40671 332 65861 31 52672 332 65855
40671 332 65861 31 18362 332 65855
40671 332 65861 31 59152 332 65855
40671 332 65861 31 43961 332 65855
40671 332 65861 31 71744 332 65855
40671 332 65861 31 45649 332 65855
40671 332 65861 31 73559 332 65855
40671 332 65861 31 44074 332 65855
40671 332 65861 31 43294 332 65855
40671 332 65861 31 15757 332 65855
40671 332 65861 31 2451 332 65855
40671 332 65861 31 50290 332 65855
40671 332 65861 31 49353 332 65855
40671 332 65861 31 25928 332 65855
40671 332 65861 31 56770 332 65855
40671 332 65861 31 26332 332 65855
40671 332 65861 31 53103 332 65855
40671 332 65861 31 10430 332 65855
40671 332 65861 31 7135 332 65855
40671 332 65861 31 17692 332 65855
40671 332 65861 31 71834 332 65855
40671 332 65861 31 8640 332 65855
40671 332 65861 31 7646 332 65855
40671 332 65861 31 28569 332 65855
40671 332 65861 31 20969 332 65855
40671 332 65861 31 35018 332 65855
40671 332 65861 31 14666 332 65855
40671 332 65861 31 64904 332 65855
40671 332 65861 31 62341 332 65855
40671 332 65861 31 40136 332 65855
40671 332 65861 31 38634 332 65855
40671 332 65861 31 53014 332 65855
40671 332 65861 31 57819 332 65855
40671 332 65861 31 8870 332 65855
40671 332 65861 31 41374 332 65855
40671 332 65861 31 40305 332 65855
40671 332 65861 31 58796 332 65855
40671 332 65861 31 17774 332 65855
40671 332 65861 31 6534 332 65855
40671 332 65861 31 48224 332 65855
40671 332 65861 31 53923 332 65855
40671 332 65861 31 13839 332 65855
40671 332 65861 31 49084 332 65855
40671 332 65861 31 62098 332 65855
40671 332 65861 31 33164 332 65855
40671 332 65861 31 36866 332 65855
40671 332 65861 31 19933 277 65855
40671 332 65861 31 28376 332 65855
40671 332 65861 31 58806 332 65855
40671 332 65861 31 19847 332 65855
40671 332 65861 31 29427 332 65855
40671 332 65861 31 6544 332 65855
40671 332 65861 31 36853 332 65855
40671 332 65861 31 72997 332 65855
40671 332 65861 31 50171 332 65855
40671 332 65861 31 3042 332 65855
40671 332 65861 31 1641 332 65855
40671 332 65861 31 67502 332 65855
40671 332 65861 31 3650 332 65855
40671 332 65861 31 40496 332 65855
40671 332 65861 31 73840 332 65855
40671 332 65861 31 72636 332 65855
40671 332 65861 31 64590 332 65855
40671 332 65861 31 40314 332 65855
40671 332 65861 31 37792 332 65855
40671 332 65861 31 17630 332 65855
40671 332 65861 31 67239 332 65855
40671 332 65861 31 19960 332 65855
40671 332 65861 31 34480 332 65855
40671 332 65861 31 73769 332 65855
40671 332 65861 31 43314 332 65855
40671 332 65861 31 11708 332 65855
40671 332 65861 31 12956 332 65855
40671 332 65861 31 48125 332 65855
40671 332 65861 31 63979 332 65855
40671 332 65861 31 64296 332 65855
40671 332 65861 31 67407 332 65855
40671 332 65861 31 24169 332 65855
40671 332 65861 31 55099 332 65855
40671 332 65861 31 5604 332 65855
40671 332 65861 31 25233 332 65855
40671 332 65861 31 52577 332 65855
40671 332 65861 31 1524 332 65855
40671 332 65861 31 769 332 65855
40671 332 65861 31 15927 332 65855
40671 332 65861 31 52525 332 65855
40671 332 65861 31 32246 332 65855
40671 332 65861 31 12132 332 65855
40671 332 65861 31 8501 332 65855
40671 332 65861 31 2286 332 65855
40671 332 65861 31 59917 332 65855
40671 332 65861 31 23082 332 65855
40671 332 65861 31 33377 332 65855
40671 332 65861 31 39920 332 65855
40671 332 65861 31 32267 332 65855
40671 332 65861 31 14746 332 65855
40671 332 65861 31 65232 332 65855
40671 332 65861 31 6957 332 65855
40671 332 65861 31 4108 332 65855
40671 332 65861 31 17345 332 65855
40671 332 65861 31 23225 332 65855
40671 332 65861 31 6621 332 65855
40671 332 65861 31 26159 332 65855
40671 332 65853 31 15024 332 65855
40671 332 65853 31 72079 332 65855
40671 332 65853 31 63400 332 65855
40671 332 65853 31 73627 332 65855
40671 332 65853 31 15790 332 65855
40671 332 65853 31 56854 332 65855
40671 332 65853 31 38768 332 65855
40671 332 65853 31 70122 332 65855
40671 332 65853 31 43189 332 65855
40671 332 65853 31 17625 332 65855
40671 332 65853 31 50024 332 65855
40671 332 65853 31 71935 332 65855
40671 332 65853 31 53291 332 65855
40671 332 65853 31 39248 332 65855
40671 332 65853 31 60465 332 65855
40671 332 65853 31 10736 332 65855
40671 332 65853 31 58231 332 65855
40671 332 65853 31 52436 332 65855
40671 332 65853 31 30301 332 65855
40671 332 65853 31 75234 332 65855
40671 332 65853 31 66245 332 65855
40671 332 65853 31 9707 332 65855
40671 332 65853 31 3416 332 65855
40671 332 65853 31 30490 332 65855
40671 332 65853 31 66295 332 65855
40671 332 65853 31 749 332 65855
40671 332 65853 31 75306 332 65855
40671 332 65853 31 70701 332 65855
40671 332 65853 31 1333 332 65855
40671 332 65853 31 72862 332 65855
40671 332 65853 31 51257 332 65855
40671 332 65853 31 47458 332 65855
40671 332 65853 31 53050 332 65855
40671 332 65853 31 32723 332 65855
40671 332 65853 31 44399 332 65855
40671 332 65853 31 36629 332 65855
40671 332 65853 31 53484 332 65855
40671 332 65853 31 57808 332 65855
40671 332 65853 31 25768 332 65855
40671 332 65853 31 8969 332 65855
40671 332 65853 31 13931 332 65855
40671 332 65853 31 20269 332 65855
40671 332 65853 31 11134 332 65855
40671 332 65853 31 49905 332 65855
40671 332 65853 31 37791 332 65855
40671 332 65853 31 66116 332 65855
40671 332 65853 31 68168 332 65855
40671 332 65853 31 47435 332 65855
40671 332 65853 31 68049 332 65855
40671 332 65853 31 49666 332 65855
40671 332 65853 31 43497 332 65855
40671 332 65853 31 36558 332 65855
40671 332 65853 31 26151 332 65855
40671 332 65853 31 32830 332 65855
40671 332 65853 31 62426 332 65855
40671 332 65853 31 36350 332 65855
40671 332 65853 31 16104 332 65855
40671 332 65853 31 67218 332 65855
40671 332 65853 31 2405 332 65855
40671 332 65853 31 73848 332 65855
40671 332 65853 31 39597 332 65855
40671 332 65853 31 28782 332 65855
40671 332 65853 31 1279 332 65855
40671 332 65853 31 17055 332 65855
40671 332 65853 31 38355 332 65855
40671 332 65853 31 53912 332 65855
40671 332 65853 31 18535 332 65855
40671 332 65853 31 71389 332 65855
40671 332 65853 31 35180 332 65855
40671 332 65853 31 7609 332 65855
40671 332 65853 31 74973 332 65855
40671 332 65853 31 27537 332 65855
40671 332 65853 31 12757 332 65855
40671 332 65853 31 20766 332 65855
40671 332 65853 31 21767 332 65855
40671 332 65853 31 16774 332 65855
40671 332 65853 31 15604 332 65855
40671 332 65853 31 24552 332 65855
40671 332 65853 31 31066 332 65855
40671 332 65853 31 31645 332 65855
40671 332 65853 31 32512 332 65855
40671 332 65853 31 13243 332 65855
40671 332 65853 31 485 332 65855
40671 332 65853 31 16914 332 65855
40671 332 65853 31 53680 332 65855
40671 332 65853 31 48144 332 65855
40671 332 65853 31 11249 332 65855
40671 332 65853 31 38123 332 65855
40671 332 65853 31 47505 332 65855
40671 332 65853 31 75205 332 65855
40671 332 65853 31 74887 332 65855
40671 332 65853 31 56019 332 65855
40671 332 65853 31 13312 332 65855
40671 332 65853 31 57305 332 65855
40671 332 65853 31 71513 332 65855
40671 332 65853 31 2527 332 65855
40671 332 65853 31 63276 332 65855
40671 332 65853 31 22957 332 65855
40671 332 65853 31 59650 332 65855
40671 332 65853 31 66788 332 65855
40671 332 65853 31 20689 332 65855
40671 332 65853 31 44612 332 65855
40671 332 65853 31 22809 332 65855
40671 332 65853 31 37878 332 65855
40671 332 65853 31 69289 332 65855
40671 332 65853 31 58909 332 65855
40671 332 65853 31 54964 332 65855
40671 332 65853 31 51394 332 65855
40671 332 65853 31 52569 332 65855
40671 332 65853 31 42505 332 65855
40671 332 65853 31 65294 332 65855
40671 332 65853 31 11789 332 65855
40671 332 65853 31 101 332 65855
40671 332 65853 31 73529 332 65855
40671 332 65853 31 4892 332 65855
40671 332 65853 31 18987 332 65855
40671 332 65853 31 47773 332 65855
40671 332 65853 31 9802 332 65855
40671 332 65853 31 25006 332 65855
40671 332 65853 31 72012 332 65855
40671 332 65853 31 29174 332 65855
40671 332 65853 31 75371 332 65855
40671 332 65853 31 61321 332 65855
40671 332 65853 31 26840 332 65855
40671 332 65853 31 56867 332 65855
40671 332 65853 31 29119 332 65855
40671 332 65853 31 17761 332 65855
40671 332 65853 31 39775 332 65855
40671 332 65853 31 14655 332 65855
40671 332 65853 31 18019 332 65855
40671 332 65853 31 50458 332 65855
40671 332 65853 31 12330 332 65855
40671 332 65853 31 24058 332 65855
40671 332 65853 31 56112 332 65855
40671 332 65853 31 30916 332 65855
40671 332 65853 31 67639 332 65855
40671 332 65853 31 29362 332 65855
40671 332 65853 31 60868 332 65855
40671 332 65853 31 58576 332 65855
40671 332 65853 31 10715 332 65855
40671 332 65853 31 14915 332 65855
40671 332 65853 31 36458 332 65855
40671 332 65853 31 70287 332 65855
40671 332 65853 31 1775 332 65855
40671 332 65853 31 35880 332 65855
40671 332 65853 31 75212 332 65855
40671 332 65853 31 9105 332 65855
40671 332 65853 31 48726 332 65855
40671 332 65853 31 14630 332 65855
40671 332 65853 31 75463 332 65855
40671 332 65853 31 74876 332 65855
40671 332 65853 31 17512 332 65855
40671 332 65853 31 42736 332 65855
40671 332 65853 31 39520 332 65855
40671 332 65853 31 49456 332 65855
40671 332 65853 31 72283 332 65855
40671 332 65853 31 69360 332 65855
40671 332 65853 31 74467 332 65855
40671 332 65853 31 4305 332 65855
40671 332 65853 31 46309 332 65855
40671 332 65853 31 11363 332 65855
40671 332 65853 31 71525 332 65855
40671 332 65853 31 45416 332 65855
40671 332 65853 31 49417 332 65855
40671 332 65853 31 58769 332 65855
40671 332 65853 31 67015 332 65855
40671 332 65853 31 12442 332 65855
40671 332 65853 31 40730 332 65855
40671 332 65853 31 72693 332 65855
40671 332 65853 31 983 332 65855
40671 332 65853 31 69019 332 65855
40671 332 65853 31 4963 332 65855
40671 332 65853 31 40951 332 65855
40671 332 65853 31 39397 332 65855
40671 332 65853 31 3628 332 65855
40671 332 65853 31 27960 332 65855
40671 332 65853 31 38459 332 65855
40671 332 65853 31 59279 332 65855
40671 332 65853 31 73651 332 65855
40671 332 65853 31 24701 332 65855
40671 332 65853 31 5631 332 65855
40671 332 65853 31 71258 332 65855
40671 332 65853 31 20793 332 65855
40671 332 65853 31 31867 332 65855
40671 332 65853 31 56532 332 65855
40671 332 65853 31 35564 332 65855
40671 332 65853 31 64739 332 65855
40671 332 65853 31 16962 332 65855
40671 332 65853 31 47686 332 65855
40671 332 65853 31 65305 332 65855
40671 332 65853 31 51559 332 65855
40671 332 65853 31 52920 332 65855
40671 332 65853 31 62557 332 65855
40671 332 65853 31 22772 332 65855
40671 332 65853 31 8765 332 65855
40671 332 65853 31 66019 332 65855
40671 332 65853 31 50651 332 65855
40671 332 65853 31 47194 332 65855
40671 332 65853 31 56620 332 65855
40671 332 65853 31 4159 332 65855
40671 332 65853 31 11017 332 65855
40671 332 65853 31 58961 332 65855
40671 332 65853 31 10694 332 65855
40671 332 65853 31 39117 332 65855
40671 332 65853 31 5992 332 65855
40671 332 65853 31 1548 332 65855
40671 332 65853 31 64947 332 65855
40671 332 65853 31 53407 332 65855
40671 332 65853 31 18223 332 65855
40671 332 65853 31 3087 332 65855
40671 332 65853 31 34318 332 65855
40671 332 65853 31 4598 332 65855
40671 332 65853 31 5174 332 65855
40671 332 65853 31 54983 332 65855
40671 332 65853 31 35621 332 65855
40671 332 65853 31 53211 332 65855
40671 332 65853 31 63591 332 65855
40671 332 65853 31 2781 332 65855
40671 332 65853 31 14898 332 65855
40671 332 65853 31 54314 332 65855
40671 332 65853 31 50152 332 65855
40671 332 65853 31 29254 332 65855
40671 332 65853 31 58800 332 65855
40671 332 65853 31 55274 332 65855
40671 332 65853 31 4507 332 65855
40671 332 65853 31 55065 332 65855
40671 332 65853 31 6451 332 65855
40671 332 65853 31 36130 332 65855
40671 332 65853 31 64471 332 65855
40671 332 65853 31 736 332 65855
40671 332 65853 31 58627 332 65855
40671 332 65853 31 9726 332 65855
40671 332 65853 31 39182 332 65855
40671 332 65853 31 51934 332 65855
40671 332 65853 31 28484 332 65855
40671 332 65853 31 14496 332 65855
40671 332 65853 31 37710 332 65855
40671 332 65853 31 21623 332 65855
40671 332 65853 31 56359 332 65855
40671 332 65853 31 15281 332 65855
40671 332 65853 31 1026 332 65855
40671 332 65853 31 6929 332 65855
40671 332 65853 31 7340 332 65855
40671 332 65853 31 21584 332 65855
40671 332 65853 31 60674 332 65855
40671 332 65853 31 43265 332 65855
40671 332 65853 31 1600 332 65855
40671 332 65853 31 16321 332 65855
40671 332 65853 31 14595 332 65855
40671 332 65853 31 35217 332 65855
40671 332 65853 31 14579 332 65855
40671 332 65853 31 39523 332 65855
40671 332 65853 31 13763 332 65855
40671 332 65853 31 28680 332 65855
40671 332 65853 31 61135 332 65855
40671 332 65853 31 60871 332 65855
40671 332 65853 31 24743 332 65855
40671 332 65853 31 36689 332 65855
40671 332 65853 31 31723 332 65855
40671 332 65853 31 34863 332 65855
40671 332 65853 31 1679 332 65855
40671 332 65853 31 66280 332 65855
40671 332 65853 31 11565 332 65855
40671 332 65853 31 38592 332 65855
40671 332 65853 31 15091 332 65855
40671 332 65853 31 2136 332 65855
40671 332 65853 31 1945 332 65855
40671 332 65853 31 75174 332 65855
40671 332 65853 31 52243 332 65855
40671 332 65853 31 40637 332 65855
40671 332 65853 31 36756 332 65855
40671 332 65853 31 9368 332 65855
40671 332 65853 31 45570 332 65855
40671 332 65853 31 14216 332 65855
40671 332 65853 31 11926 332 65855
40671 332 65853 31 73597 332 65855
40671 332 65853 31 9269 332 65855
40671 332 65853 31 41162 332 65855
40671 332 65853 31 10448 332 65855
40671 332 65853 31 65956 332 65855
40671 332 65853 31 51743 332 65855
40671 332 65853 31 57035 332 65855
40671 332 65853 31 16902 332 65855
40671 332 65853 31 14405 332 65855
40671 332 65853 31 44651 332 65855
40671 332 65853 31 5926 332 65855
40671 332 65853 31 73145 332 65855
40671 332 65853 31 35519 332 65855
40671 332 65853 31 53151 332 65855
40671 332 65853 31 50337 332 65855
40671 332 65853 31 20003 332 65855
40671 332 65853 31 46549 332 65855
40671 332 65853 31 34894 332 65855
40671 332 65853 31 72286 332 65855
40671 332 65853 31 14537 332 65855
40671 332 65853 31 59065 332 65855
40671 332 65853 31 4833 332 65855
40671 332 65853 31 37611 332 65855
40671 332 65853 31 63479 332 65855
40671 332 65853 31 4537 332 65855
40671 332 65853 31 49502 332 65855
40671 332 65853 31 53798 332 65855
40671 332 65853 31 3955 332 65855
40671 332 65853 31 63954 332 65855
40671 332 65853 31 25889 332 65855
40671 332 65853 31 685 332 65855
40671 332 65853 31 48285 332 65855
40671 332 65853 31 4992 332 65855
40671 332 65853 31 25372 332 65855
40671 332 65853 31 41065 332 65855
40671 332 65853 31 13725 332 65855
40671 332 65853 31 36323 332 65855
40671 332 65853 31 14699 332 65855
40671 332 65853 31 25110 332 65855
40671 332 65853 31 38817 332 65855
40671 332 65853 31 53891 332 65855
40671 332 65853 31 38325 332 65855
40671 332 65853 31 53927 332 65855
40671 332 65853 31 58932 332 65855
40671 332 65853 31 10103 332 65855
40671 332 65853 31 56435 332 65855
40671 332 65853 31 31808 332 65855
40671 332 65853 31 29284 332 65855
40671 332 65853 31 67588 332 65855
40671 332 65853 31 16438 332 65855
40671 332 65853 31 6345 332 65855
40671 332 65853 31 32937 332 65855
40671 332 65853 31 46820 332 65855
40671 332 65853 31 51080 332 65855
40671 332 65853 31 21051 332 65855
40671 332 65853 31 19694 332 65855
40671 332 65853 31 73103 332 65855
40671 332 65853 31 70778 332 65855
40671 332 65853 31 46167 332 65855
40671 332 65853 31 1879 332 65855
40671 332 65853 31 46669 332 65855
40671 332 65853 31 45860 332 65855
40671 332 65853 31 5466 332 65855
40671 332 65853 31 1541 332 65855
40671 332 65853 31 57287 332 65855
40671 332 65853 31 74865 332 65855
40671 332 65853 31 26710 332 65855
40671 332 65853 31 55642 332 65855
40671 332 65853 31 36298 332 65855
40671 332 65853 31 41526 332 65855
40671 332 65853 31 15838 332 65855
40671 332 65853 31 69214 332 65855
40671 332 65853 31 23389 332 65855
40671 332 65853 31 69182 332 65855
40671 332 65853 31 44377 332 65855
40671 332 65853 31 27394 332 65855
40671 332 65853 31 44031 332 65855
40671 332 65853 31 62219 332 65855
40671 332 65853 31 26905 332 65855
40671 332 65853 31 503 332 65855
40671 332 65853 31 72979 332 65855
40671 332 65853 31 5019 332 65855
40671 332 65853 31 19870 332 65855
40671 332 65853 31 15214 332 65855
40671 332 65853 31 7746 332 65855
40671 332 65853 31 20451 332 65855
40671 332 65853 31 47656 332 65855
40671 332 65853 31 4637 332 65855
40671 332 65853 31 57306 332 65855
40671 332 65853 31 69820 332 65855
40671 332 65853 31 19706 332 65855
40671 332 65853 31 35110 332 65855
40671 332 65853 31 36992 332 65855
40671 332 65853 31 36335 332 65855
40671 332 65853 31 70261 332 65855
40671 332 65853 31 16117 332 65855
40671 332 65853 31 31910 332 65855
40671 332 65853 31 33731 332 65855
40671 332 65853 31 6057 332 65855
40671 332 65853 31 32653 332 65855
40671 332 65853 31 16974 332 65855
40671 332 65853 31 22644 332 65855
40671 332 65853 31 27769 332 65855
40671 332 65853 31 29493 332 65855
40671 332 65853 31 5480 332 65855
40671 332 65853 31 48778 332 65855
40671 332 65853 31 4960 332 65855
40671 332 65853 31 34555 332 65855
40671 332 65853 31 44726 332 65855
40671 332 65853 31 74624 332 65855
40671 332 65853 31 37462 332 65855
40671 332 65853 205 45407 57 65855
40671 332 65853 369 69092 277 65855
40671 332 65856 31 23736 332 65855
40671 332 65856 31 66733 332 65855
40671 332 65856 31 6440 332 65855
40671 332 65856 31 4399 332 65855
40671 332 65856 31 39064 332 65855
40671 332 65856 31 50817 332 65855
40671 332 65856 31 5754 332 65855
40671 332 65856 31 35047 332 65855
40671 332 65856 31 67308 332 65855
40671 332 65856 31 107 332 65855
40671 332 65856 31 70604 332 65855
40671 332 65856 31 57160 332 65855
40671 332 65856 31 13396 332 65855
40671 332 65856 31 59627 332 65855
40671 332 65856 31 44564 332 65855
40671 332 65856 31 30439 332 65855
40671 332 65856 31 20122 332 65855
40671 332 65856 31 32376 332 65855
40671 332 65856 31 57967 332 65855
40671 332 65856 31 2670 332 65855
40671 332 65856 31 31842 332 65855
40671 332 65856 31 67212 332 65855
40671 332 65856 31 53689 332 65855
40671 332 65856 31 11154 332 65855
40671 332 65856 31 16343 332 65855
40671 332 65856 31 41235 332 65855
40671 332 65856 31 36568 332 65855
40671 332 65856 31 30234 332 65855
40671 332 65856 31 49073 332 65855
40671 332 65856 31 35145 332 65855
40671 332 65856 31 38148 332 65855
40671 332 65856 31 55707 332 65855
40671 332 65856 31 73750 332 65855
40671 332 65856 31 27230 332 65855
40671 332 65856 31 23636 332 65855
40671 332 65856 31 70441 332 65855
40671 332 65856 31 16952 332 65855
40671 332 65856 31 69099 332 65855
40671 332 65856 31 5016 332 65855
40671 332 65856 31 42969 332 65855
40671 332 65856 31 39822 332 65855
40671 332 65856 31 51589 332 65855
40671 332 65856 31 8477 332 65855
40671 332 29052 31 30622 332 65855
40671 332 29052 31 72637 332 65855
40671 332 29052 31 54298 332 65855
40671 332 29052 31 66508 332 65855
40671 332 29052 31 48823 332 65855
40671 332 29052 31 66301 332 65855
40671 332 29052 31 45515 332 65855
40671 332 29052 31 46295 332 65855
40671 332 29052 31 39329 332 65855
40671 332 29052 31 28467 332 65855
40671 332 29052 31 39288 332 65855
40671 332 29052 31 47389 332 65855
40671 332 29052 31 31150 332 65855
40671 332 29052 31 44291 332 65855
40671 332 29052 31 2263 332 65855
40671 332 29052 31 30812 332 65855
40671 332 29052 31 22962 332 65855
40671 332 29052 31 16260 332 65855
40671 332 29052 31 63392 332 65855
40671 332 29052 31 58675 332 65855
40671 332 29052 31 70180 332 65855
40671 332 29052 31 56944 332 65855
40671 332 29052 31 44223 332 65855
40671 332 29052 31 3644 332 65855
40671 332 29052 31 24104 332 65855
40671 332 29052 31 9426 332 65855
40671 332 29052 31 24026 332 65855
40671 332 29052 31 3212 332 65855
40671 332 29052 31 72933 332 65855
40671 332 29052 31 42427 332 65855
40671 332 29052 31 38136 332 65855
40671 332 29052 31 50523 332 65855
40671 332 29052 31 11742 332 65855
40671 332 29052 31 44332 332 65855
40671 332 29052 31 15751 332 65855
40671 332 29052 31 13054 332 65855
40671 332 29052 31 72480 332 65855
40671 332 29052 31 13914 332 65855
40671 332 29052 31 51183 332 65855
40671 332 29052 31 73570 332 65855
40671 332 29052 31 22 332 65855
40671 332 29052 31 53384 332 65855
40671 332 29052 31 5861 332 65855
40671 332 29052 31 72809 332 65855
40671 332 29052 31 68221 332 65855
40671 332 29052 31 45229 332 65855
40671 332 29052 31 3611 332 65855
40671 332 29052 31 43847 332 65855
40671 332 29052 31 67768 332 65855
40671 332 29052 31 48420 332 65855
40671 332 29052 31 64151 332 65855
40671 332 29052 31 37633 332 65855
40671 332 29052 31 20785 332 65855
40671 332 29052 31 9330 332 65855
40671 332 29052 31 33365 332 65855
40671 332 29052 31 4163 332 65855
40671 332 29052 31 3794 332 65855
40671 332 29052 31 74555 332 65855
40671 332 29052 31 62691 332 65855
40671 332 29052 31 55993 332 65855
40671 332 29052 31 58515 332 65855
40671 332 29052 31 17107 332 65855
40671 332 29052 31 35527 332 65855
40671 332 29052 31 8597 332 65855
40671 332 29052 31 599 332 65855
40671 332 29052 31 41892 332 65855
40671 332 29052 31 56798 332 65855
40671 332 29052 31 53371 332 65855
40671 332 29052 31 21890 332 65855
40671 332 29052 31 69655 332 65855
40671 332 29052 31 23877 332 65855
40671 332 29052 31 47346 332 65855
40671 332 29052 31 595 332 65855
40671 332 29052 31 11484 332 65855
40671 332 29064 31 12921 332 65855
40671 332 29064 31 39739 332 65855
40671 332 29064 31 23898 332 65855
40671 332 29064 31 36844 332 65855
40671 332 29064 31 65653 332 65855
40671 332 29064 31 46880 332 65855
40671 332 29064 31 62497 332 65855
40671 332 29064 31 25025 332 65855
40671 332 29064 31 47566 332 65855
40671 332 29064 31 42166 332 65855
40671 332 29064 31 11766 332 65855
40671 332 29064 31 22911 332 65855
40671 332 29064 31 43300 332 65855
40671 332 29064 31 35957 332 65855
40671 332 29064 31 53352 332 65855
40671 332 29064 31 241 332 65855
40671 332 29064 31 70588 332 65855
40671 332 29064 31 2999 332 65855
40671 332 29064 31 7304 332 65855
40671 332 29064 31 63675 332 65855
40671 332 29064 31 5285 332 65855
40671 332 29064 31 20905 332 65855
40671 332 29064 31 1654 332 65855
40671 332 29064 31 24497 332 65855
40671 332 29064 31 60201 332 65855
40671 332 29064 31 69701 332 65855
40671 332 29064 31 47037 332 65855
40671 332 29064 31 27205 332 65855
40671 332 29064 31 7165 332 65855
40671 332 29064 31 68478 332 65855
40671 332 29064 31 71761 332 65855
40671 332 29064 31 52800 332 65855
40671 332 29064 31 50466 332 65855
40671 332 29064 31 49518 332 65855
40671 332 29064 31 45729 332 65855
40671 332 29064 31 49215 332 65855
40671 332 29064 31 18121 332 65855
40671 332 29064 31 75348 332 65855
40671 332 29064 31 34443 332 65855
40671 332 29064 31 30783 332 65855
40671 332 29064 31 5082 332 65855
40671 332 29064 31 22343 332 65855
40671 332 29064 369 23785 277 65855
40671 332 29065 31 16824 332 65855
40671 332 29065 31 19189 332 65855
40671 332 29065 31 63031 332 65855
40671 332 29065 31 39127 332 65855
40671 332 29065 31 57239 332 65855
40671 332 29065 31 7332 332 65855
40671 332 29065 31 41972 332 65855
40671 332 29065 31 64663 332 65855
40671 332 29065 31 45597 332 65855
40671 332 29065 31 35959 332 65855
40671 332 29065 31 49132 332 65855
40671 332 29065 31 12360 332 65855
40671 332 29065 31 73087 332 65855
40671 332 29065 31 57817 332 65855
40671 332 29065 31 16364 332 65855
40671 332 29065 31 71326 332 65855
40671 332 29065 31 52212 332 65855
40671 332 29065 31 31161 332 65855
40671 332 29065 31 44693 332 65855
40671 332 29065 31 25169 332 65855
40671 332 29065 31 163 332 65855
40671 332 29065 31 7591 332 65855
40671 332 29065 31 34901 332 65855
40671 332 29065 31 16613 332 65855
40671 332 29065 31 60935 332 65855
40671 332 29065 31 19295 332 65855
40671 332 29065 31 65384 332 65855
40671 332 29065 31 66481 332 65855
40671 332 23453 31 35048 332 65855
40671 332 23453 31 64305 332 65855
40671 332 23453 31 38647 332 65855
40671 332 23453 31 11561 332 65855
40671 332 23453 31 41945 332 65855
40671 332 23453 31 57103 332 65855
40671 332 23453 31 68001 332 65855
40671 332 23453 31 46557 332 65855
40671 332 23453 31 10417 332 65855
40671 332 23453 31 30762 332 65855
40671 332 23453 31 14479 332 65855
40671 332 23453 31 38048 332 65855
40671 369 33054 277 10699 332 65855
40671 369 33054 277 21379 332 65855
40671 369 33054 277 51391 332 65855
40671 369 33054 277 74389 332 65855
40671 369 33054 277 11699 332 65855
40671 369 33054 277 69569 332 65855
40671 369 33054 277 38954 332 65855
40671 369 33054 277 72624 332 65855
40671 369 33054 252 10873 332 65855
40671 369 33054 252 7987 332 65855
40671 369 33054 252 74534 332 65855
40671 369 33054 32 7377 332 65855
40671 332 65861 31 24865 303 20470 332 65855
40671 332 65861 31 24865 303 19766 332 65855
40671 332 65861 31 73217 303 69494 332 65855
40671 332 65861 31 2748 6 63358 332 65855
40671 332 65861 31 19847 290 47209 332 65855
40671 332 65861 31 29427 290 70836 57 65855
40671 332 65861 31 72636 282 72659 332 65855
40671 332 65861 31 3581 240 20718 332 65855
40671 332 65861 369 41897 252 54994 332 65855
40671 332 29064 31 65513 6 37744 332 65855
40671 369 33054 252 65814 303 30952 332 65855
40671 369 33054 252 23447 31 62039 332 65855
40671 369 33054 252 65857 31 59547 332 65855
40671 369 33054 151 62434 211 53154 332 65855
40671 369 33054 151 62434 211 13315 332 65855
40671 369 33054 369 25489 277 60632 332 65855
40671 332 65861 31 34575 358 9577 28 48233 332 65855
40671 332 65861 31 70136 332 1705 31 14056 332 65855
40671 332 65861 31 70136 332 29061 31 29129 332 65855
40671 332 65861 31 70136 332 29061 31 59699 332 65855
40671 332 65861 31 70136 332 29061 31 46679 332 65855
40671 332 65861 31 70136 332 29061 31 22593 332 65855
40671 332 65861 31 64880 332 6058 31 10474 332 65855
40671 332 65861 31 64880 385 54168 254 46350 332 65855
40671 332 65861 31 41815 369 40754 277 18836 332 65855
40671 332 65861 31 37109 332 68805 31 59071 332 65855
40671 332 65861 31 37109 332 68803 31 34674 332 65855
40671 332 65861 31 4830 297 61222 231 25806 332 65855
40671 332 65861 31 51574 294 69931 75 64830 332 65855
40671 332 65861 31 24865 32 57047 364 46254 332 65855
40671 332 65861 31 71744 44 9086 210 40808 332 65855
40671 332 65861 31 44472 8 54541 25 16894 332 65855
40671 332 65861 31 5604 110 1495 340 3812 332 65855
40671 332 65853 31 6362 359 54498 102 59370 332 65855
40671 332 65853 31 28680 139 46159 25 75008 332 65855
40671 332 29052 31 22105 8 59957 25 63189 332 65855
