43189 332 40315
43189 332 10045 31 72079 332 40315
43189 332 10045 31 6905 332 40315
43189 332 10045 31 5454 332 40315
43189 332 10045 31 37109 332 40315
43189 332 10045 31 52436 332 40315
43189 332 10045 31 68049 332 40315
43189 332 10045 31 36276 332 40315
43189 332 10045 31 32830 332 40315
43189 332 10045 31 67218 332 40315
43189 332 10045 31 53912 332 40315
43189 332 10045 31 1444 332 40315
43189 332 10045 31 2748 332 40315
43189 332 10045 31 62497 332 40315
43189 332 10045 31 67997 332 40315
43189 332 10045 31 66788 332 40315
43189 332 10045 31 4892 332 40315
43189 332 10045 31 32357 332 40315
43189 332 10045 31 56226 332 40315
43189 332 10045 31 14729 332 40315
43189 332 10045 31 35880 332 40315
43189 332 10045 31 62148 332 40315
43189 332 10045 31 49417 332 40315
43189 332 10045 31 33132 332 40315
43189 332 10045 31 27960 332 40315
43189 332 10045 31 70625 332 40315
43189 332 10045 31 56532 332 40315
43189 332 10045 31 11292 332 40315
43189 332 10045 31 47107 332 40315
43189 332 10045 31 48642 332 40315
43189 332 10045 31 13124 332 40315
43189 332 10045 31 10694 332 40315
43189 332 10045 31 74370 332 40315
43189 332 10045 31 36571 332 40315
43189 332 10045 31 72855 332 40315
43189 332 10045 31 44074 332 40315
43189 332 10045 31 25928 332 40315
43189 332 10045 31 62341 332 40315
43189 332 10045 31 57819 332 40315
43189 332 10045 31 6534 332 40315
43189 332 10045 31 49084 332 40315
43189 332 10045 31 20003 332 40315
43189 332 10045 31 28376 332 40315
43189 332 10045 31 3955 332 40315
43189 332 10045 31 58806 332 40315
43189 332 10045 31 64590 332 40315
43189 332 10045 31 19694 332 40315
43189 332 10045 31 11708 332 40315
43189 332 10045 31 55099 332 40315
43189 332 10045 31 2286 332 40315
43189 332 10045 31 23082 332 40315
43189 332 10045 31 29493 332 40315
43189 332 10045 252 69092 151 40315
43189 332 10045 252 69092 277 40315
43189 332 10045 369 19933 277 40315
43189 332 65857 31 75234 332 40315
43189 332 1707 31 25006 332 40315
43189 332 1707 31 4081 332 40315
43189 332 23453 31 5505 332 40315
43189 332 23453 31 73560 332 40315
43189 332 10045 31 59220 5 54038 332 40315
