43189 332 12340
43189 332 10045 31 72079 332 12340
43189 332 10045 31 6905 332 12340
43189 332 10045 31 5454 332 12340
43189 332 10045 31 56660 332 12340
43189 332 10045 31 66245 332 12340
43189 332 10045 31 3416 332 12340
43189 332 10045 31 75306 332 12340
43189 332 10045 31 4830 332 12340
43189 332 10045 31 68049 332 12340
43189 332 10045 31 36276 332 12340
43189 332 10045 31 32830 332 12340
43189 332 10045 31 67218 332 12340
43189 332 10045 31 47399 332 12340
43189 332 10045 31 51172 332 12340
43189 332 10045 31 17167 332 12340
43189 332 10045 31 1444 332 12340
43189 332 10045 31 2748 332 12340
43189 332 10045 31 72056 332 12340
43189 332 10045 31 58140 332 12340
43189 332 10045 31 16834 332 12340
43189 332 10045 31 32357 332 12340
43189 332 10045 31 56226 332 12340
43189 332 10045 31 14729 332 12340
43189 332 10045 31 59220 332 12340
43189 332 10045 31 24058 332 12340
43189 332 10045 31 30916 332 12340
43189 332 10045 31 35880 332 12340
43189 332 10045 31 58769 332 12340
43189 332 10045 31 24988 332 12340
43189 332 10045 31 33132 332 12340
43189 332 10045 31 57341 332 12340
43189 332 10045 31 4445 332 12340
43189 332 10045 31 6715 332 12340
43189 332 10045 31 27960 332 12340
43189 332 10045 31 70625 332 12340
43189 332 10045 31 51559 332 12340
43189 332 10045 31 8765 332 12340
43189 332 10045 31 11292 332 12340
43189 332 10045 31 47107 332 12340
43189 332 10045 31 13124 332 12340
43189 332 10045 31 53407 332 12340
43189 332 10045 31 5174 332 12340
43189 332 10045 31 72855 332 12340
43189 332 10045 31 45649 332 12340
43189 332 10045 31 25928 332 12340
43189 332 10045 31 61135 332 12340
43189 332 10045 31 17692 332 12340
43189 332 10045 31 62341 332 12340
43189 332 10045 31 41162 332 12340
43189 332 10045 31 10448 332 12340
43189 332 10045 31 57819 332 12340
43189 332 10045 31 6534 332 12340
43189 332 10045 31 49084 332 12340
43189 332 10045 31 20003 332 12340
43189 332 10045 31 36866 332 12340
43189 332 10045 31 28376 332 12340
43189 332 10045 31 58806 332 12340
43189 332 10045 31 3650 332 12340
43189 332 10045 31 32937 332 12340
43189 332 10045 31 40314 332 12340
43189 332 10045 31 73103 332 12340
43189 332 10045 31 26710 332 12340
43189 332 10045 31 69182 332 12340
43189 332 10045 31 55099 332 12340
43189 332 10045 31 52577 332 12340
43189 332 10045 31 15927 332 12340
43189 332 10045 31 2286 332 12340
43189 332 10045 31 23082 332 12340
43189 332 10045 31 33377 332 12340
43189 332 10045 31 29493 332 12340
43189 332 10045 252 69092 151 12340
43189 332 10045 252 69092 277 12340
43189 332 65857 31 65908 332 12340
43189 332 65857 31 70550 332 12340
43189 332 65857 31 20258 332 12340
43189 332 65857 31 64300 332 12340
43189 332 65857 31 74451 332 12340
43189 332 65857 31 37302 332 12340
43189 332 65857 31 73559 332 12340
43189 332 65857 31 40136 332 12340
43189 332 65857 31 68560 332 12340
43189 332 65857 31 26343 332 12340
43189 332 65856 31 17512 332 12340
43189 332 1707 31 25006 332 12340
43189 332 65855 31 5604 332 12340
43189 332 23453 31 7196 332 12340
43189 332 23453 31 25213 332 12340
43189 332 23453 31 73560 332 12340
