43189 332 29061
43189 332 10045 31 15024 332 29061
43189 332 10045 31 70136 332 29061
43189 332 10045 31 44925 332 29061
43189 332 10045 31 72079 332 29061
43189 332 10045 31 20140 332 29061
43189 332 10045 31 63400 332 29061
43189 332 10045 31 73627 332 29061
43189 332 10045 31 15790 332 29061
43189 332 10045 31 70122 332 29061
43189 332 10045 31 64690 332 29061
43189 332 10045 31 14264 332 29061
43189 332 10045 31 1549 332 29061
43189 332 10045 31 17625 332 29061
43189 332 10045 31 50024 332 29061
43189 332 10045 31 71935 332 29061
43189 332 10045 31 10736 332 29061
43189 332 10045 31 5454 332 29061
43189 332 10045 31 37109 332 29061
43189 332 10045 31 37724 332 29061
43189 332 10045 31 52436 332 29061
43189 332 10045 31 26268 332 29061
43189 332 10045 31 30301 332 29061
43189 332 10045 31 16161 332 29061
43189 332 10045 31 56660 332 29061
43189 332 10045 31 66245 332 29061
43189 332 10045 31 3416 332 29061
43189 332 10045 31 30490 332 29061
43189 332 10045 31 59683 332 29061
43189 332 10045 31 66295 332 29061
43189 332 10045 31 75306 332 29061
43189 332 10045 31 70701 332 29061
43189 332 10045 31 66472 332 29061
43189 332 10045 31 1333 332 29061
43189 332 10045 31 72862 332 29061
43189 332 10045 31 47458 332 29061
43189 332 10045 31 42633 332 29061
43189 332 10045 31 32723 332 29061
43189 332 10045 31 62256 332 29061
43189 332 10045 31 8629 332 29061
43189 332 10045 31 55412 332 29061
43189 332 10045 31 53484 332 29061
43189 332 10045 31 4830 332 29061
43189 332 10045 31 13931 332 29061
43189 332 10045 31 47066 332 29061
43189 332 10045 31 46295 332 29061
43189 332 10045 31 24865 332 29061
43189 332 10045 31 23705 332 29061
43189 332 10045 31 36844 332 29061
43189 332 10045 31 37791 332 29061
43189 332 10045 31 42618 332 29061
43189 332 10045 31 68168 332 29061
43189 332 10045 31 27162 332 29061
43189 332 10045 31 16968 332 29061
43189 332 10045 31 68049 332 29061
43189 332 10045 31 24855 332 29061
43189 332 10045 31 69984 332 29061
43189 332 10045 31 35831 332 29061
43189 332 10045 31 49666 332 29061
43189 332 10045 31 43497 332 29061
43189 332 10045 31 60183 332 29061
43189 332 10045 31 36558 332 29061
43189 332 10045 31 26151 332 29061
43189 332 10045 31 36276 332 29061
43189 332 10045 31 32830 332 29061
43189 332 10045 31 6978 332 29061
43189 332 10045 31 16104 332 29061
43189 332 10045 31 67218 332 29061
43189 332 10045 31 47399 332 29061
43189 332 10045 31 2405 332 29061
43189 332 10045 31 45897 332 29061
43189 332 10045 31 73217 332 29061
43189 332 10045 31 73848 332 29061
43189 332 10045 31 15303 332 29061
43189 332 10045 31 17055 332 29061
43189 332 10045 31 6934 332 29061
43189 332 10045 31 51172 332 29061
43189 332 10045 31 8203 332 29061
43189 332 10045 31 71135 332 29061
43189 332 10045 31 5865 332 29061
43189 332 10045 31 53912 332 29061
43189 332 10045 31 71389 332 29061
43189 332 10045 31 17167 332 29061
43189 332 10045 31 35180 332 29061
43189 332 10045 31 74973 332 29061
43189 332 10045 31 51036 332 29061
43189 332 10045 31 27537 332 29061
43189 332 10045 31 12757 332 29061
43189 332 10045 31 20766 332 29061
43189 332 10045 31 50986 332 29061
43189 332 10045 31 1444 332 29061
43189 332 10045 31 2748 332 29061
43189 332 10045 31 62497 332 29061
43189 332 10045 31 13243 332 29061
43189 332 10045 31 30773 332 29061
43189 332 10045 31 69430 332 29061
43189 332 10045 31 67308 332 29061
43189 332 10045 31 10512 332 29061
43189 332 10045 31 33971 332 29061
43189 332 10045 31 72838 332 29061
43189 332 10045 31 48144 332 29061
43189 332 10045 31 731 332 29061
43189 332 10045 31 70024 332 29061
43189 332 10045 31 30094 332 29061
43189 332 10045 31 8653 332 29061
43189 332 10045 31 72056 332 29061
43189 332 10045 31 13312 332 29061
43189 332 10045 31 13720 332 29061
43189 332 10045 31 57305 332 29061
43189 332 10045 31 67997 332 29061
43189 332 10045 31 58140 332 29061
43189 332 10045 31 65333 332 29061
43189 332 10045 31 2527 332 29061
43189 332 10045 31 22957 332 29061
43189 332 10045 31 66788 332 29061
43189 332 10045 31 48048 332 29061
43189 332 10045 31 22809 332 29061
43189 332 10045 31 53860 332 29061
43189 332 10045 31 26466 332 29061
43189 332 10045 31 44564 332 29061
43189 332 10045 31 24854 332 29061
43189 332 10045 31 38080 332 29061
43189 332 10045 31 16834 332 29061
43189 332 10045 31 69289 332 29061
43189 332 10045 31 58909 332 29061
43189 332 10045 31 51394 332 29061
43189 332 10045 31 65294 332 29061
43189 332 10045 31 42693 332 29061
43189 332 10045 31 23029 332 29061
43189 332 10045 31 101 332 29061
43189 332 10045 31 73529 332 29061
43189 332 10045 31 4892 332 29061
43189 332 10045 31 9802 332 29061
43189 332 10045 31 14769 332 29061
43189 332 10045 31 32357 332 29061
43189 332 10045 31 61321 332 29061
43189 332 10045 31 56226 332 29061
43189 332 10045 31 14729 332 29061
43189 332 10045 31 44380 332 29061
43189 332 10045 31 43571 332 29061
43189 332 10045 31 39775 332 29061
43189 332 10045 31 59220 332 29061
43189 332 10045 31 18019 332 29061
43189 332 10045 31 28491 332 29061
43189 332 10045 31 50480 332 29061
43189 332 10045 31 50458 332 29061
43189 332 10045 31 32376 332 29061
43189 332 10045 31 12330 332 29061
43189 332 10045 31 30916 332 29061
43189 332 10045 31 67639 332 29061
43189 332 10045 31 29362 332 29061
43189 332 10045 31 10715 332 29061
43189 332 10045 31 36458 332 29061
43189 332 10045 31 70287 332 29061
43189 332 10045 31 61075 332 29061
43189 332 10045 31 29596 332 29061
43189 332 10045 31 35880 332 29061
43189 332 10045 31 25912 332 29061
43189 332 10045 31 48726 332 29061
43189 332 10045 31 67212 332 29061
43189 332 10045 31 62148 332 29061
43189 332 10045 31 49456 332 29061
43189 332 10045 31 72283 332 29061
43189 332 10045 31 46210 332 29061
43189 332 10045 31 74467 332 29061
43189 332 10045 31 46309 332 29061
43189 332 10045 31 14740 332 29061
43189 332 10045 31 37598 332 29061
43189 332 10045 31 49417 332 29061
43189 332 10045 31 58769 332 29061
43189 332 10045 31 36540 332 29061
43189 332 10045 31 24988 332 29061
43189 332 10045 31 33132 332 29061
43189 332 10045 31 58348 332 29061
43189 332 10045 31 57341 332 29061
43189 332 10045 31 12442 332 29061
43189 332 10045 31 40730 332 29061
43189 332 10045 31 72693 332 29061
43189 332 10045 31 69019 332 29061
43189 332 10045 31 40951 332 29061
43189 332 10045 31 4445 332 29061
43189 332 10045 31 42198 332 29061
43189 332 10045 31 68180 332 29061
43189 332 10045 31 6715 332 29061
43189 332 10045 31 27960 332 29061
43189 332 10045 31 38459 332 29061
43189 332 10045 31 53262 332 29061
43189 332 10045 31 70625 332 29061
43189 332 10045 31 20793 332 29061
43189 332 10045 31 56532 332 29061
43189 332 10045 31 43655 332 29061
43189 332 10045 31 35564 332 29061
43189 332 10045 31 51559 332 29061
43189 332 10045 31 8966 332 29061
43189 332 10045 31 37720 332 29061
43189 332 10045 31 8765 332 29061
43189 332 10045 31 27406 332 29061
43189 332 10045 31 47194 332 29061
43189 332 10045 31 11292 332 29061
43189 332 10045 31 11961 332 29061
43189 332 10045 31 74574 332 29061
43189 332 10045 31 41239 332 29061
43189 332 10045 31 72418 332 29061
43189 332 10045 31 47107 332 29061
43189 332 10045 31 36156 332 29061
43189 332 10045 31 22642 332 29061
43189 332 10045 31 48642 332 29061
43189 332 10045 31 13124 332 29061
43189 332 10045 31 58961 332 29061
43189 332 10045 31 10694 332 29061
43189 332 10045 31 5992 332 29061
43189 332 10045 31 34541 332 29061
43189 332 10045 31 24688 332 29061
43189 332 10045 31 1548 332 29061
43189 332 10045 31 53407 332 29061
43189 332 10045 31 18223 332 29061
43189 332 10045 31 64335 332 29061
43189 332 10045 31 34318 332 29061
43189 332 10045 31 4598 332 29061
43189 332 10045 31 5850 332 29061
43189 332 10045 31 5174 332 29061
43189 332 10045 31 74370 332 29061
43189 332 10045 31 35621 332 29061
43189 332 10045 31 63591 332 29061
43189 332 10045 31 14898 332 29061
43189 332 10045 31 41749 332 29061
43189 332 10045 31 23861 332 29061
43189 332 10045 31 30236 332 29061
43189 332 10045 31 54314 332 29061
43189 332 10045 31 50152 332 29061
43189 332 10045 31 12403 332 29061
43189 332 10045 31 30068 332 29061
43189 332 10045 31 55065 332 29061
43189 332 10045 31 6451 332 29061
43189 332 10045 31 38148 332 29061
43189 332 10045 31 36571 332 29061
43189 332 10045 31 736 332 29061
43189 332 10045 31 13914 332 29061
43189 332 10045 31 9726 332 29061
43189 332 10045 31 55179 332 29061
43189 332 10045 31 51934 332 29061
43189 332 10045 31 28484 332 29061
43189 332 10045 31 11032 332 29061
43189 332 10045 31 21623 332 29061
43189 332 10045 31 72855 332 29061
43189 332 10045 31 11264 332 29061
43189 332 10045 31 52672 332 29061
43189 332 10045 31 15281 332 29061
43189 332 10045 31 18362 332 29061
43189 332 10045 31 43961 332 29061
43189 332 10045 31 6929 332 29061
43189 332 10045 31 71744 332 29061
43189 332 10045 31 45649 332 29061
43189 332 10045 31 44074 332 29061
43189 332 10045 31 43294 332 29061
43189 332 10045 31 15757 332 29061
43189 332 10045 31 16321 332 29061
43189 332 10045 31 35217 332 29061
43189 332 10045 31 25928 332 29061
43189 332 10045 31 36892 332 29061
43189 332 10045 31 56770 332 29061
43189 332 10045 31 26332 332 29061
43189 332 10045 31 10430 332 29061
43189 332 10045 31 39523 332 29061
43189 332 10045 31 13763 332 29061
43189 332 10045 31 61135 332 29061
43189 332 10045 31 17692 332 29061
43189 332 10045 31 36689 332 29061
43189 332 10045 31 31723 332 29061
43189 332 10045 31 1679 332 29061
43189 332 10045 31 7646 332 29061
43189 332 10045 31 28569 332 29061
43189 332 10045 31 66280 332 29061
43189 332 10045 31 6346 332 29061
43189 332 10045 31 2136 332 29061
43189 332 10045 31 1945 332 29061
43189 332 10045 31 75174 332 29061
43189 332 10045 31 40637 332 29061
43189 332 10045 31 36756 332 29061
43189 332 10045 31 62341 332 29061
43189 332 10045 31 45570 332 29061
43189 332 10045 31 14216 332 29061
43189 332 10045 31 25090 332 29061
43189 332 10045 31 9269 332 29061
43189 332 10045 31 41162 332 29061
43189 332 10045 31 38634 332 29061
43189 332 10045 31 10448 332 29061
43189 332 10045 31 57819 332 29061
43189 332 10045 31 8870 332 29061
43189 332 10045 31 41374 332 29061
43189 332 10045 31 40305 332 29061
43189 332 10045 31 44651 332 29061
43189 332 10045 31 58796 332 29061
43189 332 10045 31 73145 332 29061
43189 332 10045 31 17774 332 29061
43189 332 10045 31 6534 332 29061
43189 332 10045 31 48224 332 29061
43189 332 10045 31 53923 332 29061
43189 332 10045 31 50337 332 29061
43189 332 10045 31 49084 332 29061
43189 332 10045 31 20003 332 29061
43189 332 10045 31 22232 332 29061
43189 332 10045 31 46549 332 29061
43189 332 10045 31 62098 332 29061
43189 332 10045 31 16952 332 29061
43189 332 10045 31 36866 332 29061
43189 332 10045 31 14537 332 29061
43189 332 10045 31 4833 332 29061
43189 332 10045 31 63479 332 29061
43189 332 10045 31 28376 332 29061
43189 332 10045 31 53798 332 29061
43189 332 10045 31 3955 332 29061
43189 332 10045 31 58806 332 29061
43189 332 10045 31 18167 332 29061
43189 332 10045 31 59909 332 29061
43189 332 10045 31 19847 332 29061
43189 332 10045 31 29427 332 29061
43189 332 10045 31 6544 332 29061
43189 332 10045 31 72997 332 29061
43189 332 10045 31 67768 332 29061
43189 332 10045 31 4992 332 29061
43189 332 10045 31 31485 332 29061
43189 332 10045 31 36323 332 29061
43189 332 10045 31 15479 332 29061
43189 332 10045 31 25110 332 29061
43189 332 10045 31 53927 332 29061
43189 332 10045 31 58932 332 29061
43189 332 10045 31 3650 332 29061
43189 332 10045 31 56435 332 29061
43189 332 10045 31 29284 332 29061
43189 332 10045 31 73840 332 29061
43189 332 10045 31 7314 332 29061
43189 332 10045 31 72636 332 29061
43189 332 10045 31 16438 332 29061
43189 332 10045 31 32937 332 29061
43189 332 10045 31 64590 332 29061
43189 332 10045 31 40314 332 29061
43189 332 10045 31 51080 332 29061
43189 332 10045 31 37792 332 29061
43189 332 10045 31 17630 332 29061
43189 332 10045 31 19694 332 29061
43189 332 10045 31 33365 332 29061
43189 332 10045 31 34480 332 29061
43189 332 10045 31 73103 332 29061
43189 332 10045 31 43314 332 29061
43189 332 10045 31 70778 332 29061
43189 332 10045 31 11708 332 29061
43189 332 10045 31 3581 332 29061
43189 332 10045 31 12956 332 29061
43189 332 10045 31 1541 332 29061
43189 332 10045 31 74865 332 29061
43189 332 10045 31 42969 332 29061
43189 332 10045 31 26710 332 29061
43189 332 10045 31 48202 332 29061
43189 332 10045 31 15838 332 29061
43189 332 10045 31 63979 332 29061
43189 332 10045 31 69182 332 29061
43189 332 10045 31 64296 332 29061
43189 332 10045 31 24169 332 29061
43189 332 10045 31 18012 332 29061
43189 332 10045 31 27394 332 29061
43189 332 10045 31 26905 332 29061
43189 332 10045 31 30522 332 29061
43189 332 10045 31 25233 332 29061
43189 332 10045 31 52577 332 29061
43189 332 10045 31 1524 332 29061
43189 332 10045 31 19870 332 29061
43189 332 10045 31 769 332 29061
43189 332 10045 31 15927 332 29061
43189 332 10045 31 15214 332 29061
43189 332 10045 31 32246 332 29061
43189 332 10045 31 12132 332 29061
43189 332 10045 31 8501 332 29061
43189 332 10045 31 70403 332 29061
43189 332 10045 31 2286 332 29061
43189 332 10045 31 59917 332 29061
43189 332 10045 31 23082 332 29061
43189 332 10045 31 33377 332 29061
43189 332 10045 31 16117 332 29061
43189 332 10045 31 32267 332 29061
43189 332 10045 31 14746 332 29061
43189 332 10045 31 53371 332 29061
43189 332 10045 31 51589 332 29061
43189 332 10045 31 22644 332 29061
43189 332 10045 31 27769 332 29061
43189 332 10045 31 29493 332 29061
43189 332 10045 31 48778 332 29061
43189 332 10045 31 6957 332 29061
43189 332 10045 31 17345 332 29061
43189 332 10045 31 23225 332 29061
43189 332 10045 31 6621 332 29061
43189 332 10045 31 37462 332 29061
43189 332 10045 252 69092 277 29061
43189 332 10045 369 14858 277 29061
43189 332 10045 369 19933 277 29061
43189 332 65857 31 38768 332 29061
43189 332 65857 31 52636 332 29061
43189 332 65857 31 53291 332 29061
43189 332 65857 31 39248 332 29061
43189 332 65857 31 30845 332 29061
43189 332 65857 31 23069 332 29061
43189 332 65857 31 66301 332 29061
43189 332 65857 31 69013 332 29061
43189 332 65857 31 36629 332 29061
43189 332 65857 31 37651 332 29061
43189 332 65857 31 12741 332 29061
43189 332 65857 31 30154 332 29061
43189 332 65857 31 57808 332 29061
43189 332 65857 31 65908 332 29061
43189 332 65857 31 8969 332 29061
43189 332 65857 31 22271 332 29061
43189 332 65857 31 45140 332 29061
43189 332 65857 31 32402 332 29061
43189 332 65857 31 6440 332 29061
43189 332 65857 31 21315 332 29061
43189 332 65857 31 69379 332 29061
43189 332 65857 31 62426 332 29061
43189 332 65857 31 60312 332 29061
43189 332 65857 31 18151 332 29061
43189 332 65857 31 70550 332 29061
43189 332 65857 31 29655 332 29061
43189 332 65857 31 20258 332 29061
43189 332 65857 31 7609 332 29061
43189 332 65857 31 42726 332 29061
43189 332 65857 31 72233 332 29061
43189 332 65857 31 21767 332 29061
43189 332 65857 31 5659 332 29061
43189 332 65857 31 15604 332 29061
43189 332 65857 31 21807 332 29061
43189 332 65857 31 4570 332 29061
43189 332 65857 31 32512 332 29061
43189 332 65857 31 16914 332 29061
43189 332 65857 31 53680 332 29061
43189 332 65857 31 47505 332 29061
43189 332 65857 31 75205 332 29061
43189 332 65857 31 37026 332 29061
43189 332 65857 31 65174 332 29061
43189 332 65857 31 20689 332 29061
43189 332 65857 31 59627 332 29061
43189 332 65857 31 21739 332 29061
43189 332 65857 31 3414 332 29061
43189 332 65857 31 44772 332 29061
43189 332 65857 31 52569 332 29061
43189 332 65857 31 38271 332 29061
43189 332 65857 31 64300 332 29061
43189 332 65857 31 68659 332 29061
43189 332 65857 31 70150 332 29061
43189 332 65857 31 29358 332 29061
43189 332 65857 31 47773 332 29061
43189 332 65857 31 8704 332 29061
43189 332 65857 31 33481 332 29061
43189 332 65857 31 72041 332 29061
43189 332 65857 31 72012 332 29061
43189 332 65857 31 26840 332 29061
43189 332 65857 31 22911 332 29061
43189 332 65857 31 57100 332 29061
43189 332 65857 31 74451 332 29061
43189 332 65857 31 14915 332 29061
43189 332 65857 31 50498 332 29061
43189 332 65857 31 74876 332 29061
43189 332 65857 31 45416 332 29061
43189 332 65857 31 8180 332 29061
43189 332 65857 31 51287 332 29061
43189 332 65857 31 39397 332 29061
43189 332 65857 31 25261 332 29061
43189 332 65857 31 59279 332 29061
43189 332 65857 31 50816 332 29061
43189 332 65857 31 31867 332 29061
43189 332 65857 31 14684 332 29061
43189 332 65857 31 2999 332 29061
43189 332 65857 31 52920 332 29061
43189 332 65857 31 15751 332 29061
43189 332 65857 31 42086 332 29061
43189 332 65857 31 66019 332 29061
43189 332 65857 31 4159 332 29061
43189 332 65857 31 39117 332 29061
43189 332 65857 31 4443 332 29061
43189 332 65857 31 18230 332 29061
43189 332 65857 31 73897 332 29061
43189 332 65857 31 32824 332 29061
43189 332 65857 31 54983 332 29061
43189 332 65857 31 509 332 29061
43189 332 65857 31 4507 332 29061
43189 332 65857 31 7018 332 29061
43189 332 65857 31 36130 332 29061
43189 332 65857 31 54617 332 29061
43189 332 65857 31 39182 332 29061
43189 332 65857 31 27230 332 29061
43189 332 65857 31 7340 332 29061
43189 332 65857 31 73559 332 29061
43189 332 65857 31 52959 332 29061
43189 332 65857 31 25422 332 29061
43189 332 65857 31 1600 332 29061
43189 332 65857 31 9727 332 29061
43189 332 65857 31 71702 332 29061
43189 332 65857 31 50290 332 29061
43189 332 65857 31 49353 332 29061
43189 332 65857 31 39301 332 29061
43189 332 65857 31 53570 332 29061
43189 332 65857 31 5319 332 29061
43189 332 65857 31 60201 332 29061
43189 332 65857 31 35018 332 29061
43189 332 65857 31 14666 332 29061
43189 332 65857 31 52243 332 29061
43189 332 65857 31 11926 332 29061
43189 332 65857 31 40136 332 29061
43189 332 65857 31 53014 332 29061
43189 332 65857 31 8371 332 29061
43189 332 65857 31 35519 332 29061
43189 332 65857 31 53151 332 29061
43189 332 65857 31 34894 332 29061
43189 332 65857 31 72286 332 29061
43189 332 65857 31 4537 332 29061
43189 332 65857 31 49502 332 29061
43189 332 65857 31 63954 332 29061
43189 332 65857 31 70019 332 29061
43189 332 65857 31 69099 332 29061
43189 332 65857 31 19733 332 29061
43189 332 65857 31 48420 332 29061
43189 332 65857 31 1855 332 29061
43189 332 65857 31 34945 332 29061
43189 332 65857 31 69233 332 29061
43189 332 65857 31 71213 332 29061
43189 332 65857 31 20785 332 29061
43189 332 65857 31 38325 332 29061
43189 332 65857 31 40298 332 29061
43189 332 65857 31 61962 332 29061
43189 332 65857 31 68560 332 29061
43189 332 65857 31 46820 332 29061
43189 332 65857 31 19960 332 29061
43189 332 65857 31 73769 332 29061
43189 332 65857 31 46167 332 29061
43189 332 65857 31 45349 332 29061
43189 332 65857 31 26343 332 29061
43189 332 65857 31 34687 332 29061
43189 332 65857 31 41526 332 29061
43189 332 65857 31 44377 332 29061
43189 332 65857 31 48822 332 29061
43189 332 65857 31 35791 332 29061
43189 332 65857 31 503 332 29061
43189 332 65857 31 47656 332 29061
43189 332 65857 31 23479 332 29061
43189 332 65857 31 61624 332 29061
43189 332 65857 31 4637 332 29061
43189 332 65857 31 69820 332 29061
43189 332 65857 31 35110 332 29061
43189 332 65857 31 36992 332 29061
43189 332 65857 31 70261 332 29061
43189 332 65857 31 9817 332 29061
43189 332 65857 31 33731 332 29061
43189 332 65857 31 23506 332 29061
43189 332 65857 31 5480 332 29061
43189 332 65857 31 26159 332 29061
43189 332 65857 31 36596 332 29061
43189 332 65856 31 24403 332 29061
43189 332 65856 31 25616 332 29061
43189 332 65856 31 2904 332 29061
43189 332 65856 31 60465 332 29061
43189 332 65856 31 73523 332 29061
43189 332 65856 31 66733 332 29061
43189 332 65856 31 51059 332 29061
43189 332 65856 31 40263 332 29061
43189 332 65856 31 36430 332 29061
43189 332 65856 31 72112 332 29061
43189 332 65856 31 70383 332 29061
43189 332 65856 31 53002 332 29061
43189 332 65856 31 31066 332 29061
43189 332 65856 31 57160 332 29061
43189 332 65856 31 52492 332 29061
43189 332 65856 31 2670 332 29061
43189 332 65856 31 1775 332 29061
43189 332 65856 31 14616 332 29061
43189 332 65856 31 14630 332 29061
43189 332 65856 31 17512 332 29061
43189 332 65856 31 71420 332 29061
43189 332 65856 31 1296 332 29061
43189 332 65856 31 13891 332 29061
43189 332 65856 31 36726 332 29061
43189 332 65856 31 33232 332 29061
43189 332 65856 31 73750 332 29061
43189 332 65856 31 65455 332 29061
43189 332 65856 31 14595 332 29061
43189 332 65856 31 48211 332 29061
43189 332 65856 31 34863 332 29061
43189 332 65856 31 31247 332 29061
43189 332 65856 31 65956 332 29061
43189 332 65856 31 5016 332 29061
43189 332 65856 31 59413 332 29061
43189 332 65856 31 39527 332 29061
43189 332 65856 31 45354 332 29061
43189 332 65856 31 55642 332 29061
43189 332 65856 31 62219 332 29061
43189 332 65856 31 72979 332 29061
43189 332 65856 31 58777 332 29061
43189 332 65856 31 604 332 29061
43189 332 65856 31 4960 332 29061
43189 332 65856 31 4108 332 29061
43189 332 65856 31 44726 332 29061
43189 332 1705 31 66233 332 29061
43189 332 1705 31 17761 332 29061
43189 332 1705 31 24701 332 29061
43189 332 1705 31 68608 332 29061
43189 332 1707 31 25006 332 29061
43189 332 1707 31 53103 332 29061
43189 332 1707 31 19486 332 29061
43189 332 65855 31 72637 332 29061
43189 332 65855 31 41815 332 29061
43189 332 65855 31 48823 332 29061
43189 332 65855 31 22840 332 29061
43189 332 65855 31 45515 332 29061
43189 332 65855 31 28323 332 29061
43189 332 65855 31 17188 332 29061
43189 332 65855 31 11134 332 29061
43189 332 65855 31 39288 332 29061
43189 332 65855 31 47389 332 29061
43189 332 65855 31 65653 332 29061
43189 332 65855 31 28782 332 29061
43189 332 65855 31 46880 332 29061
43189 332 65855 31 16260 332 29061
43189 332 65855 31 58675 332 29061
43189 332 65855 31 42505 332 29061
43189 332 65855 31 11789 332 29061
43189 332 65855 31 35959 332 29061
43189 332 65855 31 56112 332 29061
43189 332 65855 31 39520 332 29061
43189 332 65855 31 71525 332 29061
43189 332 65855 31 67015 332 29061
43189 332 65855 31 42427 332 29061
43189 332 65855 31 4963 332 29061
43189 332 65855 31 73651 332 29061
43189 332 65855 31 29129 332 29061
43189 332 65855 31 33373 332 29061
43189 332 65855 31 59699 332 29061
43189 332 65855 31 7304 332 29061
43189 332 65855 31 73087 332 29061
43189 332 65855 31 46679 332 29061
43189 332 65855 31 20905 332 29061
43189 332 65855 31 53384 332 29061
43189 332 65855 31 31161 332 29061
43189 332 65855 31 28680 332 29061
43189 332 65855 31 24497 332 29061
43189 332 65855 31 71834 332 29061
43189 332 65855 31 69701 332 29061
43189 332 65855 31 5926 332 29061
43189 332 65855 31 74389 332 29061
43189 332 65855 31 22593 332 29061
43189 332 65855 31 163 332 29061
43189 332 65855 31 20718 332 29061
43189 332 65855 31 45229 332 29061
43189 332 65855 31 27205 332 29061
43189 332 65855 31 3611 332 29061
43189 332 65855 31 10417 332 29061
43189 332 65855 31 34901 332 29061
43189 332 65855 31 48285 332 29061
43189 332 65855 31 53891 332 29061
43189 332 65855 31 7165 332 29061
43189 332 65855 31 52800 332 29061
43189 332 65855 31 50466 332 29061
43189 332 65855 31 5604 332 29061
43189 332 65855 31 45729 332 29061
43189 332 65855 31 62691 332 29061
43189 332 65855 31 23877 332 29061
43189 332 65855 31 47346 332 29061
43189 332 65855 31 74624 332 29061
43189 332 65853 31 19430 332 29061
43189 332 65853 31 18845 332 29061
43189 332 65853 31 34670 332 29061
43189 332 65853 31 54334 332 29061
43189 332 65853 31 56645 332 29061
43189 332 65853 31 366 332 29061
43189 332 65853 31 34684 332 29061
43189 332 65853 31 44132 332 29061
43189 332 65853 31 59235 332 29061
43189 332 65853 31 6277 332 29061
43189 332 65853 31 10885 332 29061
43189 332 65853 31 4800 332 29061
43189 332 65853 31 38673 332 29061
43189 332 65853 31 38613 332 29061
43189 332 65853 31 46955 332 29061
43189 332 65853 31 74572 332 29061
43189 332 65853 31 649 332 29061
43189 332 65853 31 13578 332 29061
43189 332 65853 31 37850 332 29061
43189 332 65853 31 55949 332 29061
43189 332 65853 31 1249 332 29061
43189 332 65853 31 26179 332 29061
43189 332 65853 31 26991 332 29061
43189 332 65853 31 7519 332 29061
43189 332 65853 31 2607 332 29061
43189 332 65853 31 52132 332 29061
43189 332 65853 31 23009 332 29061
43189 332 65853 31 41536 332 29061
43189 332 65853 31 28672 332 29061
43189 332 65853 31 26371 332 29061
43189 332 65853 31 20603 332 29061
43189 332 65853 31 37294 332 29061
43189 332 65853 31 45200 332 29061
43189 332 65853 31 14576 332 29061
43189 332 65853 31 41295 332 29061
43189 332 65853 31 75274 332 29061
43189 332 23453 31 25880 332 29061
43189 332 23453 31 7196 332 29061
43189 332 23453 31 37225 332 29061
43189 332 23453 31 6228 332 29061
43189 332 23453 31 49635 332 29061
43189 332 23453 31 17091 332 29061
43189 332 23453 31 25871 332 29061
43189 332 23453 31 31724 332 29061
43189 332 23453 31 40925 332 29061
43189 332 23453 31 21351 332 29061
43189 332 23453 31 50993 332 29061
43189 332 23453 31 12391 332 29061
43189 332 23453 31 73355 332 29061
43189 332 23453 31 58221 332 29061
43189 332 23453 31 19226 332 29061
43189 332 23453 31 54690 332 29061
43189 332 23453 31 75227 332 29061
43189 332 23453 31 14574 332 29061
43189 332 23453 31 39284 332 29061
43189 332 23453 31 31661 332 29061
43189 332 23453 31 1105 332 29061
43189 332 23453 31 52748 332 29061
43189 332 23453 31 52880 332 29061
43189 332 23453 31 12578 332 29061
43189 332 23453 31 8133 332 29061
43189 332 23453 31 64402 332 29061
43189 332 23453 31 36223 332 29061
43189 332 23453 31 4921 332 29061
43189 332 23453 31 30864 332 29061
43189 332 23453 31 57616 332 29061
43189 332 23453 31 3291 332 29061
43189 332 23453 31 25147 332 29061
43189 332 23453 31 13304 332 29061
43189 332 23453 31 22368 332 29061
43189 332 23453 31 40460 332 29061
43189 332 23453 31 73560 332 29061
43189 332 23453 31 69462 332 29061
43189 332 23453 31 14796 332 29061
43189 332 23453 31 62831 332 29061
43189 332 23453 31 59426 332 29061
43189 332 23453 31 56160 332 29061
43189 332 23453 31 56153 332 29061
43189 332 23453 31 23486 332 29061
43189 332 23453 31 4751 332 29061
43189 332 23453 31 65456 332 29061
43189 332 23453 31 43459 332 29061
43189 332 23453 31 25017 332 29061
43189 332 23453 31 55759 332 29061
43189 332 68336 31 65277 332 29061
43189 332 32380 31 18715 332 29061
43189 332 32380 31 33744 332 29061
43189 332 32380 31 12505 332 29061
43189 332 29052 31 8058 332 29061
43189 332 29052 31 68258 332 29061
43189 332 29052 31 74689 332 29061
43189 332 29052 31 24666 332 29061
43189 332 29052 31 1727 332 29061
43189 332 29052 31 34257 332 29061
43189 332 29052 31 46071 332 29061
43189 332 29052 31 16053 332 29061
43189 332 29052 31 8321 332 29061
43189 332 29052 31 72335 332 29061
43189 332 29052 31 16618 332 29061
43189 332 29052 31 24570 332 29061
43189 332 29052 31 51744 332 29061
43189 332 29064 31 25467 332 29061
43189 332 29064 31 23494 332 29061
43189 332 29064 31 8586 332 29061
43189 332 29064 31 40156 332 29061
43189 332 29064 31 8327 332 29061
43189 332 29064 31 9478 332 29061
43189 332 29064 31 67041 332 29061
43189 332 29064 31 36010 332 29061
43189 332 29064 31 68655 332 29061
43189 332 29064 31 4092 332 29061
43189 332 29064 31 17106 332 29061
43189 332 29064 31 15060 332 29061
43189 332 29064 31 5838 332 29061
43189 332 29064 31 57879 332 29061
43189 332 29064 31 9443 332 29061
43189 332 29064 31 23692 332 29061
43189 332 29065 31 15620 332 29061
43189 332 29065 31 53065 332 29061
43189 332 29065 31 40104 332 29061
43189 332 29065 31 54871 332 29061
43189 332 29065 31 45763 332 29061
43189 332 29065 31 22778 332 29061
43189 332 10045 31 1444 297 45397 277 29061
43189 332 10045 31 1444 297 36583 332 29061
43189 332 10045 31 24058 196 9132 277 29061
43189 332 10045 31 57505 304 25847 332 29061
43189 332 10045 31 40496 383 706 332 29061
43189 332 10045 252 69092 32 31909 332 29061
43189 332 10045 252 69092 294 33490 332 29061
43189 332 65857 31 24342 277 1899 332 29061
43189 332 65857 151 33054 277 73487 332 29061
43189 332 32380 369 74024 277 4512 332 29061
43189 332 29064 31 73250 391 59950 332 29061
43189 332 10045 31 70136 332 65861 31 6175 332 29061
43189 332 10045 31 72079 256 54168 254 34402 332 29061
43189 332 10045 31 72079 297 61222 231 68584 332 29061
43189 332 10045 31 42633 332 39331 31 25345 332 29061
43189 332 10045 31 24058 196 6212 321 20288 332 29061
43189 332 10045 31 34318 6 30112 382 39350 332 29061
43189 332 10045 31 19847 290 49452 100 57169 332 29061
43189 332 10045 31 29427 290 31538 100 598 332 29061
43189 332 10045 31 3650 124 7346 269 70047 332 29061
43189 332 65853 31 60073 213 5320 121 34522 57 29061
43189 332 10045 31 24865 32 57047 364 39027 268 58925 332 29061
