43763 332 68803
43763 369 33054 277 72637 332 68803
43763 369 33054 277 48823 332 68803
43763 369 33054 277 1444 332 68803
43763 369 33054 277 29174 332 68803
43763 369 33054 277 36458 332 68803
43763 369 33054 277 70625 332 68803
43763 369 33054 277 46670 332 68803
43763 369 33054 277 6534 332 68803
43763 369 33054 277 11708 332 68803
43763 369 33054 277 12956 332 68803
43763 369 33054 277 62841 332 68803
43763 369 33054 277 17345 332 68803
43763 369 33054 252 3644 332 68803
43763 369 33054 252 9802 332 68803
43763 369 33054 252 49417 332 68803
43763 369 33054 252 31514 332 68803
43763 369 33054 252 7646 332 68803
43763 369 33054 32 28376 332 68803
43763 369 33054 32 14858 332 68803
43763 369 33054 32 58806 332 68803
43763 369 33054 32 32357 332 68803
43763 369 33054 151 37109 332 68803
43763 369 33054 277 71316 75 41897 277 68803
43763 369 33054 277 45140 356 9696 332 68803
43763 369 33054 277 7419 52 32937 332 68803
43763 369 33054 277 19143 83 3650 332 68803
43763 369 33054 277 22024 52 17630 332 68803
43763 369 33054 277 30480 358 57818 332 68803
43763 369 33054 277 25928 358 26332 332 68803
43763 369 33054 277 40298 383 8356 332 68803
43763 369 33054 252 62747 252 52577 332 68803
43763 369 33054 252 40313 31 22809 332 68803
43763 369 33054 252 40313 31 26466 332 68803
43763 369 33054 252 40313 31 33132 332 68803
43763 369 33054 252 40313 31 27960 332 68803
43763 369 33054 252 40313 31 29493 332 68803
43763 369 33054 252 40309 31 67997 332 68803
43763 369 33054 252 40309 31 58804 332 68803
43763 369 33054 252 40309 31 26343 332 68803
43763 369 33054 252 68338 31 4830 332 68803
43763 369 33054 252 68339 31 1333 332 68803
43763 369 33054 252 65861 31 17692 332 68803
43763 369 33054 252 65856 31 49502 332 68803
43763 369 33054 252 65857 31 74464 332 68803
43763 369 33054 332 29052 31 32723 332 68803
43763 369 33054 277 71316 383 69092 294 33490 332 68803
43763 369 33054 277 71316 383 69092 294 68470 332 68803
43763 369 33054 277 71316 75 41897 277 55366 332 68803
43763 369 33054 277 34575 332 65855 31 34674 332 68803
43763 369 33054 277 34575 332 23453 31 25871 332 68803
43763 369 33054 277 34575 332 29065 31 62881 332 68803
43763 369 33054 277 72637 332 68807 31 20653 332 68803
43763 369 33054 277 72637 332 68805 31 1773 332 68803
43763 369 33054 277 72637 332 68805 31 16332 332 68803
43763 369 33054 277 72637 332 68805 31 70915 332 68803
43763 369 33054 277 72637 332 68805 31 64210 332 68803
43763 369 33054 277 72637 332 26184 31 38729 332 68803
43763 369 33054 277 72637 332 26184 31 2783 332 68803
