43962 332 759
43962 300 59812 211 6905 332 759
43962 300 59812 211 32357 332 759
43962 300 59812 211 58806 332 759
43962 332 56027 31 29655 332 759
43962 332 56027 31 59220 332 759
43962 332 56027 31 45448 332 759
43962 332 56027 31 5604 332 759
43962 332 56027 31 9443 332 759
43962 332 56027 31 38954 332 759
43962 332 56027 31 35527 332 759
43962 300 59812 211 58806 321 75205 332 759
43962 332 56027 31 36156 359 3291 332 759
43962 300 23401 211 66019 332 65853 31 7340 332 759
43962 300 59812 211 6905 332 1723 31 37750 332 759
