43962 332 56027
43962 300 59812 211 6905 332 56027
43962 300 59812 211 58806 332 56027
43962 332 74261 31 59220 332 56027
43962 332 74261 31 354 332 56027
43962 332 74261 31 36156 332 56027
43962 332 74261 31 25928 332 56027
43962 332 74261 31 38954 332 56027
43962 332 74261 31 35527 332 56027
43962 332 759 31 29655 332 56027
43962 332 759 31 45448 332 56027
43962 332 759 31 5604 332 56027
43962 332 759 31 9443 332 56027
43962 300 23401 211 52869 57 7925 31 11564 332 56027
43962 300 23401 211 66019 332 65853 31 16104 332 56027
43962 300 59812 211 6905 332 58045 31 48952 332 56027
