44571 332 65857
44571 369 33054 252 65857
44571 332 32380 31 72079 332 65857
44571 332 32380 31 73627 332 65857
44571 332 32380 31 48838 332 65857
44571 332 32380 31 14264 332 65857
44571 332 32380 31 43189 332 65857
44571 332 32380 31 1549 332 65857
44571 332 32380 31 17625 332 65857
44571 332 32380 31 50024 332 65857
44571 332 32380 31 71935 332 65857
44571 332 32380 31 11637 332 65857
44571 332 32380 31 5454 332 65857
44571 332 32380 31 37109 332 65857
44571 332 32380 31 58231 332 65857
44571 332 32380 31 37724 332 65857
44571 332 32380 31 52436 332 65857
44571 332 32380 31 16161 332 65857
44571 332 32380 31 56660 332 65857
44571 332 32380 31 66245 332 65857
44571 332 32380 31 3416 332 65857
44571 332 32380 31 30490 332 65857
44571 332 32380 31 59683 332 65857
44571 332 32380 31 66295 332 65857
44571 332 32380 31 1333 332 65857
44571 332 32380 31 42633 332 65857
44571 332 32380 31 44399 332 65857
44571 332 32380 31 37651 332 65857
44571 332 32380 31 53484 332 65857
44571 332 32380 31 25768 332 65857
44571 332 32380 31 51510 332 65857
44571 332 32380 31 65908 332 65857
44571 332 32380 31 8969 332 65857
44571 332 32380 31 24865 332 65857
44571 332 32380 31 23705 332 65857
44571 332 32380 31 37791 332 65857
44571 332 32380 31 27162 332 65857
44571 332 32380 31 16968 332 65857
44571 332 32380 31 68049 332 65857
44571 332 32380 31 69984 332 65857
44571 332 32380 31 49666 332 65857
44571 332 32380 31 43497 332 65857
44571 332 32380 31 26151 332 65857
44571 332 32380 31 36276 332 65857
44571 332 32380 31 6978 332 65857
44571 332 32380 31 16104 332 65857
44571 332 32380 31 67218 332 65857
44571 332 32380 31 39064 332 65857
44571 332 32380 31 47399 332 65857
44571 332 32380 31 2405 332 65857
44571 332 32380 31 45897 332 65857
44571 332 32380 31 73217 332 65857
44571 332 32380 31 73848 332 65857
44571 332 32380 31 29655 332 65857
44571 332 32380 31 15303 332 65857
44571 332 32380 31 51172 332 65857
44571 332 32380 31 53912 332 65857
44571 332 32380 31 71389 332 65857
44571 332 32380 31 17167 332 65857
44571 332 32380 31 35180 332 65857
44571 332 32380 31 7609 332 65857
44571 332 32380 31 12757 332 65857
44571 332 32380 31 20766 332 65857
44571 332 32380 31 5659 332 65857
44571 332 32380 31 16774 332 65857
44571 332 32380 31 60218 332 65857
44571 332 32380 31 1444 332 65857
44571 332 32380 31 2748 332 65857
44571 332 32380 31 13243 332 65857
44571 332 32380 31 48552 332 65857
44571 332 32380 31 30773 332 65857
44571 332 32380 31 69430 332 65857
44571 332 32380 31 67308 332 65857
44571 332 32380 31 33971 332 65857
44571 332 32380 31 72838 332 65857
44571 332 32380 31 53680 332 65857
44571 332 32380 31 70024 332 65857
44571 332 32380 31 73755 332 65857
44571 332 32380 31 8653 332 65857
44571 332 32380 31 13312 332 65857
44571 332 32380 31 57305 332 65857
44571 332 32380 31 67997 332 65857
44571 332 32380 31 65174 332 65857
44571 332 32380 31 58140 332 65857
44571 332 32380 31 2527 332 65857
44571 332 32380 31 22957 332 65857
44571 332 32380 31 66788 332 65857
44571 332 32380 31 20689 332 65857
44571 332 32380 31 48048 332 65857
44571 332 32380 31 22809 332 65857
44571 332 32380 31 26466 332 65857
44571 332 32380 31 44772 332 65857
44571 332 32380 31 51394 332 65857
44571 332 32380 31 52569 332 65857
44571 332 32380 31 65294 332 65857
44571 332 32380 31 19930 332 65857
44571 332 32380 31 23029 332 65857
44571 332 32380 31 64300 332 65857
44571 332 32380 31 73529 332 65857
44571 332 32380 31 4892 332 65857
44571 332 32380 31 68659 332 65857
44571 332 32380 31 47773 332 65857
44571 332 32380 31 9802 332 65857
44571 332 32380 31 72041 332 65857
44571 332 32380 31 72012 332 65857
44571 332 32380 31 32357 332 65857
44571 332 32380 31 56226 332 65857
44571 332 32380 31 14729 332 65857
44571 332 32380 31 59220 332 65857
44571 332 32380 31 50458 332 65857
44571 332 32380 31 29362 332 65857
44571 332 32380 31 58576 332 65857
44571 332 32380 31 61075 332 65857
44571 332 32380 31 52683 332 65857
44571 332 32380 31 25912 332 65857
44571 332 32380 31 48726 332 65857
44571 332 32380 31 62148 332 65857
44571 332 32380 31 53689 332 65857
44571 332 32380 31 49456 332 65857
44571 332 32380 31 46210 332 65857
44571 332 32380 31 14740 332 65857
44571 332 32380 31 49417 332 65857
44571 332 32380 31 58769 332 65857
44571 332 32380 31 24988 332 65857
44571 332 32380 31 33132 332 65857
44571 332 32380 31 39984 332 65857
44571 332 32380 31 57341 332 65857
44571 332 32380 31 12442 332 65857
44571 332 32380 31 40730 332 65857
44571 332 32380 31 4445 332 65857
44571 332 32380 31 6715 332 65857
44571 332 32380 31 27960 332 65857
44571 332 32380 31 53262 332 65857
44571 332 32380 31 70625 332 65857
44571 332 32380 31 50816 332 65857
44571 332 32380 31 70588 332 65857
44571 332 32380 31 43655 332 65857
44571 332 32380 31 65305 332 65857
44571 332 32380 31 47039 332 65857
44571 332 32380 31 8765 332 65857
44571 332 32380 31 27406 332 65857
44571 332 32380 31 47194 332 65857
44571 332 32380 31 11292 332 65857
44571 332 32380 31 11961 332 65857
44571 332 32380 31 74574 332 65857
44571 332 32380 31 41239 332 65857
44571 332 32380 31 47107 332 65857
44571 332 32380 31 4159 332 65857
44571 332 32380 31 26667 332 65857
44571 332 32380 31 36156 332 65857
44571 332 32380 31 48642 332 65857
44571 332 32380 31 13124 332 65857
44571 332 32380 31 10694 332 65857
44571 332 32380 31 39117 332 65857
44571 332 32380 31 5992 332 65857
44571 332 32380 31 34541 332 65857
44571 332 32380 31 1548 332 65857
44571 332 32380 31 18223 332 65857
44571 332 32380 31 4443 332 65857
44571 332 32380 31 18230 332 65857
44571 332 32380 31 64335 332 65857
44571 332 32380 31 34318 332 65857
44571 332 32380 31 73897 332 65857
44571 332 32380 31 32824 332 65857
44571 332 32380 31 5850 332 65857
44571 332 32380 31 5174 332 65857
44571 332 32380 31 49073 332 65857
44571 332 32380 31 74370 332 65857
44571 332 32380 31 73143 332 65857
44571 332 32380 31 41749 332 65857
44571 332 32380 31 30068 332 65857
44571 332 32380 31 36130 332 65857
44571 332 32380 31 36571 332 65857
44571 332 32380 31 9726 332 65857
44571 332 32380 31 39182 332 65857
44571 332 32380 31 28484 332 65857
44571 332 32380 31 37710 332 65857
44571 332 32380 31 72855 332 65857
44571 332 32380 31 52672 332 65857
44571 332 32380 31 7340 332 65857
44571 332 32380 31 45649 332 65857
44571 332 32380 31 44074 332 65857
44571 332 32380 31 15757 332 65857
44571 332 32380 31 35217 332 65857
44571 332 32380 31 52904 332 65857
44571 332 32380 31 25928 332 65857
44571 332 32380 31 56770 332 65857
44571 332 32380 31 26332 332 65857
44571 332 32380 31 10430 332 65857
44571 332 32380 31 61135 332 65857
44571 332 32380 31 31723 332 65857
44571 332 32380 31 7646 332 65857
44571 332 32380 31 66280 332 65857
44571 332 32380 31 11565 332 65857
44571 332 32380 31 35018 332 65857
44571 332 32380 31 2136 332 65857
44571 332 32380 31 75174 332 65857
44571 332 32380 31 14666 332 65857
44571 332 32380 31 62341 332 65857
44571 332 32380 31 45570 332 65857
44571 332 32380 31 14216 332 65857
44571 332 32380 31 17139 332 65857
44571 332 32380 31 9269 332 65857
44571 332 32380 31 40136 332 65857
44571 332 32380 31 10448 332 65857
44571 332 32380 31 57819 332 65857
44571 332 32380 31 8870 332 65857
44571 332 32380 31 41374 332 65857
44571 332 32380 31 73145 332 65857
44571 332 32380 31 17774 332 65857
44571 332 32380 31 6534 332 65857
44571 332 32380 31 48224 332 65857
44571 332 32380 31 13839 332 65857
44571 332 32380 31 49084 332 65857
44571 332 32380 31 20003 332 65857
44571 332 32380 31 36866 332 65857
44571 332 32380 31 14537 332 65857
44571 332 32380 31 4833 332 65857
44571 332 32380 31 63479 332 65857
44571 332 32380 31 4537 332 65857
44571 332 32380 31 67973 332 65857
44571 332 32380 31 28376 332 65857
44571 332 32380 31 68221 332 65857
44571 332 32380 31 58806 332 65857
44571 332 32380 31 29427 332 65857
44571 332 32380 31 69099 332 65857
44571 332 32380 31 17522 332 65857
44571 332 32380 31 31485 332 65857
44571 332 32380 31 38325 332 65857
44571 332 32380 31 40298 332 65857
44571 332 32380 31 40496 332 65857
44571 332 32380 31 36752 332 65857
44571 332 32380 31 72636 332 65857
44571 332 32380 31 32937 332 65857
44571 332 32380 31 46820 332 65857
44571 332 32380 31 40314 332 65857
44571 332 32380 31 51080 332 65857
44571 332 32380 31 37792 332 65857
44571 332 32380 31 17630 332 65857
44571 332 32380 31 34480 332 65857
44571 332 32380 31 73103 332 65857
44571 332 32380 31 11708 332 65857
44571 332 32380 31 12956 332 65857
44571 332 32380 31 1541 332 65857
44571 332 32380 31 48125 332 65857
44571 332 32380 31 69182 332 65857
44571 332 32380 31 64296 332 65857
44571 332 32380 31 24169 332 65857
44571 332 32380 31 55099 332 65857
44571 332 32380 31 44031 332 65857
44571 332 32380 31 25233 332 65857
44571 332 32380 31 52577 332 65857
44571 332 32380 31 1524 332 65857
44571 332 32380 31 19870 332 65857
44571 332 32380 31 769 332 65857
44571 332 32380 31 15927 332 65857
44571 332 32380 31 12132 332 65857
44571 332 32380 31 47656 332 65857
44571 332 32380 31 8501 332 65857
44571 332 32380 31 2286 332 65857
44571 332 32380 31 59917 332 65857
44571 332 32380 31 4637 332 65857
44571 332 32380 31 23082 332 65857
44571 332 32380 31 33377 332 65857
44571 332 32380 31 19706 332 65857
44571 332 32380 31 16117 332 65857
44571 332 32380 31 9817 332 65857
44571 332 32380 31 31910 332 65857
44571 332 32380 31 33731 332 65857
44571 332 32380 31 32653 332 65857
44571 332 32380 31 32267 332 65857
44571 332 32380 31 14746 332 65857
44571 332 32380 31 22644 332 65857
44571 332 32380 31 65232 332 65857
44571 332 32380 31 29493 332 65857
44571 332 32380 31 6957 332 65857
44571 332 32380 31 17345 332 65857
44571 332 32380 31 6621 332 65857
44571 332 32380 369 19933 277 65857
44571 332 29064 31 27985 332 65857
44571 332 29064 31 15024 332 65857
44571 332 29064 31 44925 332 65857
44571 332 29064 31 20140 332 65857
44571 332 29064 31 56854 332 65857
44571 332 29064 31 38768 332 65857
44571 332 29064 31 30622 332 65857
44571 332 29064 31 62592 332 65857
44571 332 29064 31 65441 332 65857
44571 332 29064 31 52636 332 65857
44571 332 29064 31 53291 332 65857
44571 332 29064 31 30845 332 65857
44571 332 29064 31 10736 332 65857
44571 332 29064 31 75234 332 65857
44571 332 29064 31 23069 332 65857
44571 332 29064 31 75306 332 65857
44571 332 29064 31 51257 332 65857
44571 332 29064 31 66301 332 65857
44571 332 29064 31 42729 332 65857
44571 332 29064 31 47458 332 65857
44571 332 29064 31 69013 332 65857
44571 332 29064 31 36629 332 65857
44571 332 29064 31 8629 332 65857
44571 332 29064 31 12741 332 65857
44571 332 29064 31 30154 332 65857
44571 332 29064 31 29057 332 65857
44571 332 29064 31 57808 332 65857
44571 332 29064 31 19670 332 65857
44571 332 29064 31 22271 332 65857
44571 332 29064 31 33412 332 65857
44571 332 29064 31 47066 332 65857
44571 332 29064 31 46648 332 65857
44571 332 29064 31 45140 332 65857
44571 332 29064 31 20269 332 65857
44571 332 29064 31 46295 332 65857
44571 332 29064 31 32402 332 65857
44571 332 29064 31 6440 332 65857
44571 332 29064 31 21315 332 65857
44571 332 29064 31 68168 332 65857
44571 332 29064 31 69379 332 65857
44571 332 29064 31 36558 332 65857
44571 332 29064 31 32830 332 65857
44571 332 29064 31 4399 332 65857
44571 332 29064 31 62426 332 65857
44571 332 29064 31 2621 332 65857
44571 332 29064 31 18151 332 65857
44571 332 29064 31 70550 332 65857
44571 332 29064 31 39597 332 65857
44571 332 29064 31 17055 332 65857
44571 332 29064 31 6934 332 65857
44571 332 29064 31 37673 332 65857
44571 332 29064 31 20258 332 65857
44571 332 29064 31 59361 332 65857
44571 332 29064 31 18535 332 65857
44571 332 29064 31 28531 332 65857
44571 332 29064 31 42726 332 65857
44571 332 29064 31 72233 332 65857
44571 332 29064 31 74973 332 65857
44571 332 29064 31 51036 332 65857
44571 332 29064 31 21767 332 65857
44571 332 29064 31 15604 332 65857
44571 332 29064 31 21807 332 65857
44571 332 29064 31 25131 332 65857
44571 332 29064 31 50986 332 65857
44571 332 29064 31 15292 332 65857
44571 332 29064 31 31645 332 65857
44571 332 29064 31 20061 332 65857
44571 332 29064 31 32512 332 65857
44571 332 29064 31 10512 332 65857
44571 332 29064 31 16914 332 65857
44571 332 29064 31 35142 332 65857
44571 332 29064 31 48144 332 65857
44571 332 29064 31 731 332 65857
44571 332 29064 31 47505 332 65857
44571 332 29064 31 37026 332 65857
44571 332 29064 31 74887 332 65857
44571 332 29064 31 14736 332 65857
44571 332 29064 31 30094 332 65857
44571 332 29064 31 70376 332 65857
44571 332 29064 31 25025 332 65857
44571 332 29064 31 13396 332 65857
44571 332 29064 31 44612 332 65857
44571 332 29064 31 21537 332 65857
44571 332 29064 31 53860 332 65857
44571 332 29064 31 22223 332 65857
44571 332 29064 31 44564 332 65857
44571 332 29064 31 24854 332 65857
44571 332 29064 31 21739 332 65857
44571 332 29064 31 38080 332 65857
44571 332 29064 31 3414 332 65857
44571 332 29064 31 65295 332 65857
44571 332 29064 31 16834 332 65857
44571 332 29064 31 58909 332 65857
44571 332 29064 31 3644 332 65857
44571 332 29064 31 42693 332 65857
44571 332 29064 31 101 332 65857
44571 332 29064 31 42166 332 65857
44571 332 29064 31 29358 332 65857
44571 332 29064 31 8704 332 65857
44571 332 29064 31 33481 332 65857
44571 332 29064 31 19275 332 65857
44571 332 29064 31 26840 332 65857
44571 332 29064 31 44380 332 65857
44571 332 29064 31 22911 332 65857
44571 332 29064 31 57100 332 65857
44571 332 29064 31 18019 332 65857
44571 332 29064 31 13526 332 65857
44571 332 29064 31 28491 332 65857
44571 332 29064 31 12880 332 65857
44571 332 29064 31 50480 332 65857
44571 332 29064 31 12330 332 65857
44571 332 29064 31 67639 332 65857
44571 332 29064 31 52160 332 65857
44571 332 29064 31 10715 332 65857
44571 332 29064 31 74451 332 65857
44571 332 29064 31 64688 332 65857
44571 332 29064 31 14915 332 65857
44571 332 29064 31 36458 332 65857
44571 332 29064 31 70287 332 65857
44571 332 29064 31 35957 332 65857
44571 332 29064 31 75212 332 65857
44571 332 29064 31 74876 332 65857
44571 332 29064 31 72283 332 65857
44571 332 29064 31 69360 332 65857
44571 332 29064 31 41235 332 65857
44571 332 29064 31 74467 332 65857
44571 332 29064 31 4305 332 65857
44571 332 29064 31 46309 332 65857
44571 332 29064 31 37598 332 65857
44571 332 29064 31 60982 332 65857
44571 332 29064 31 45416 332 65857
44571 332 29064 31 36540 332 65857
44571 332 29064 31 61661 332 65857
44571 332 29064 31 51287 332 65857
44571 332 29064 31 15607 332 65857
44571 332 29064 31 21330 332 65857
44571 332 29064 31 40951 332 65857
44571 332 29064 31 39397 332 65857
44571 332 29064 31 25261 332 65857
44571 332 29064 31 68180 332 65857
44571 332 29064 31 38459 332 65857
44571 332 29064 31 71258 332 65857
44571 332 29064 31 31867 332 65857
44571 332 29064 31 56441 332 65857
44571 332 29064 31 35564 332 65857
44571 332 29064 31 28559 332 65857
44571 332 29064 31 2999 332 65857
44571 332 29064 31 52920 332 65857
44571 332 29064 31 15751 332 65857
44571 332 29064 31 8966 332 65857
44571 332 29064 31 62826 332 65857
44571 332 29064 31 22772 332 65857
44571 332 29064 31 26869 332 65857
44571 332 29064 31 66019 332 65857
44571 332 29064 31 50651 332 65857
44571 332 29064 31 56620 332 65857
44571 332 29064 31 53593 332 65857
44571 332 29064 31 71384 332 65857
44571 332 29064 31 58961 332 65857
44571 332 29064 31 24688 332 65857
44571 332 29064 31 4598 332 65857
44571 332 29064 31 54983 332 65857
44571 332 29064 31 55478 332 65857
44571 332 29064 31 35621 332 65857
44571 332 29064 31 63591 332 65857
44571 332 29064 31 14898 332 65857
44571 332 29064 31 23861 332 65857
44571 332 29064 31 50152 332 65857
44571 332 29064 31 509 332 65857
44571 332 29064 31 35145 332 65857
44571 332 29064 31 6943 332 65857
44571 332 29064 31 4507 332 65857
44571 332 29064 31 7018 332 65857
44571 332 29064 31 6451 332 65857
44571 332 29064 31 38148 332 65857
44571 332 29064 31 51934 332 65857
44571 332 29064 31 70259 332 65857
44571 332 29064 31 37163 332 65857
44571 332 29064 31 21623 332 65857
44571 332 29064 31 56359 332 65857
44571 332 29064 31 11264 332 65857
44571 332 29064 31 15281 332 65857
44571 332 29064 31 18362 332 65857
44571 332 29064 31 27230 332 65857
44571 332 29064 31 6601 332 65857
44571 332 29064 31 5285 332 65857
44571 332 29064 31 71744 332 65857
44571 332 29064 31 73559 332 65857
44571 332 29064 31 43294 332 65857
44571 332 29064 31 1600 332 65857
44571 332 29064 31 2451 332 65857
44571 332 29064 31 9727 332 65857
44571 332 29064 31 50290 332 65857
44571 332 29064 31 39301 332 65857
44571 332 29064 31 53570 332 65857
44571 332 29064 31 14579 332 65857
44571 332 29064 31 39523 332 65857
44571 332 29064 31 17692 332 65857
44571 332 29064 31 8640 332 65857
44571 332 29064 31 5319 332 65857
44571 332 29064 31 28569 332 65857
44571 332 29064 31 60201 332 65857
44571 332 29064 31 16721 332 65857
44571 332 29064 31 57462 332 65857
44571 332 29064 31 7764 332 65857
44571 332 29064 31 15091 332 65857
44571 332 29064 31 3169 332 65857
44571 332 29064 31 52243 332 65857
44571 332 29064 31 40637 332 65857
44571 332 29064 31 64904 332 65857
44571 332 29064 31 11926 332 65857
44571 332 29064 31 38634 332 65857
44571 332 29064 31 47037 332 65857
44571 332 29064 31 53014 332 65857
44571 332 29064 31 57035 332 65857
44571 332 29064 31 40305 332 65857
44571 332 29064 31 44651 332 65857
44571 332 29064 31 58796 332 65857
44571 332 29064 31 8371 332 65857
44571 332 29064 31 35519 332 65857
44571 332 29064 31 53151 332 65857
44571 332 29064 31 53923 332 65857
44571 332 29064 31 62098 332 65857
44571 332 29064 31 16952 332 65857
44571 332 29064 31 33164 332 65857
44571 332 29064 31 34894 332 65857
44571 332 29064 31 72286 332 65857
44571 332 29064 31 49502 332 65857
44571 332 29064 31 16722 332 65857
44571 332 29064 31 63954 332 65857
44571 332 29064 31 70019 332 65857
44571 332 29064 31 55164 332 65857
44571 332 29064 31 35214 332 65857
44571 332 29064 31 48420 332 65857
44571 332 29064 31 41065 332 65857
44571 332 29064 31 8284 332 65857
44571 332 29064 31 34945 332 65857
44571 332 29064 31 25110 332 65857
44571 332 29064 31 20785 332 65857
44571 332 29064 31 59128 332 65857
44571 332 29064 31 3650 332 65857
44571 332 29064 31 56435 332 65857
44571 332 29064 31 31808 332 65857
44571 332 29064 31 7314 332 65857
44571 332 29064 31 18843 332 65857
44571 332 29064 31 64590 332 65857
44571 332 29064 31 68560 332 65857
44571 332 29064 31 19960 332 65857
44571 332 29064 31 73769 332 65857
44571 332 29064 31 46167 332 65857
44571 332 29064 31 45349 332 65857
44571 332 29064 31 46669 332 65857
44571 332 29064 31 26343 332 65857
44571 332 29064 31 19361 332 65857
44571 332 29064 31 74865 332 65857
44571 332 29064 31 26710 332 65857
44571 332 29064 31 48202 332 65857
44571 332 29064 31 41526 332 65857
44571 332 29064 31 63979 332 65857
44571 332 29064 31 44377 332 65857
44571 332 29064 31 18012 332 65857
44571 332 29064 31 48822 332 65857
44571 332 29064 31 45727 332 65857
44571 332 29064 31 26905 332 65857
44571 332 29064 31 74555 332 65857
44571 332 29064 31 503 332 65857
44571 332 29064 31 15214 332 65857
44571 332 29064 31 20344 332 65857
44571 332 29064 31 22487 332 65857
44571 332 29064 31 57550 332 65857
44571 332 29064 31 9584 332 65857
44571 332 29064 31 69820 332 65857
44571 332 29064 31 35110 332 65857
44571 332 29064 31 70261 332 65857
44571 332 29064 31 75348 332 65857
44571 332 29064 31 51589 332 65857
44571 332 29064 31 13031 332 65857
44571 332 29064 31 27769 332 65857
44571 332 29064 31 5480 332 65857
44571 332 29064 31 20513 332 65857
44571 332 29064 31 48778 332 65857
44571 332 29064 31 26159 332 65857
44571 332 29064 31 36596 332 65857
44571 332 29064 31 37462 332 65857
44571 332 29064 31 49503 332 65857
44571 369 33054 277 23403 332 65857
44571 369 33054 277 64735 332 65857
44571 369 33054 277 39248 332 65857
44571 369 33054 277 41111 332 65857
44571 369 33054 277 10933 332 65857
44571 369 33054 277 44613 332 65857
44571 369 33054 277 73669 332 65857
44571 369 33054 277 72304 332 65857
44571 369 33054 277 23655 332 65857
44571 369 33054 277 35533 332 65857
44571 369 33054 277 44610 332 65857
44571 369 33054 277 37878 332 65857
44571 369 33054 277 70150 332 65857
44571 369 33054 277 45597 332 65857
44571 369 33054 277 29174 332 65857
44571 369 33054 277 75371 332 65857
44571 369 33054 277 43452 332 65857
44571 369 33054 277 67453 332 65857
44571 369 33054 277 48923 332 65857
44571 369 33054 277 69019 332 65857
44571 369 33054 277 59279 332 65857
44571 369 33054 277 34266 332 65857
44571 369 33054 277 62557 332 65857
44571 369 33054 277 42086 332 65857
44571 369 33054 277 46670 332 65857
44571 369 33054 277 52745 332 65857
44571 369 33054 277 53565 332 65857
44571 369 33054 277 49355 332 65857
44571 369 33054 277 40568 332 65857
44571 369 33054 277 55065 332 65857
44571 369 33054 277 87 332 65857
44571 369 33054 277 41361 332 65857
44571 369 33054 277 38592 332 65857
44571 369 33054 277 70441 332 65857
44571 369 33054 277 26034 332 65857
44571 369 33054 277 36192 332 65857
44571 369 33054 277 60841 277 65857
44571 369 33054 277 67134 332 65857
44571 369 33054 277 34687 332 65857
44571 369 33054 277 63694 332 65857
44571 369 33054 277 50365 332 65857
44571 369 33054 277 36335 332 65857
44571 369 33054 252 42510 332 65857
44571 369 33054 252 7332 332 65857
44571 369 33054 252 30916 332 65857
44571 369 33054 252 8180 332 65857
44571 369 33054 252 33616 332 65857
44571 369 33054 252 1929 332 65857
44571 369 33054 252 71702 332 65857
44571 369 33054 32 75205 332 65857
44571 369 33054 32 14858 277 65857
44571 369 33054 32 73556 332 65857
44571 369 33054 151 49353 332 65857
44571 369 33054 151 44565 332 65857
44571 369 33054 358 30109 332 65857
44571 252 6067 32 38079 332 65857
44571 252 6067 151 43961 332 65857
44571 252 6067 151 20794 332 65857
44571 332 32380 31 72079 373 63392 332 65857
44571 332 32380 31 72079 75 41897 277 65857
44571 332 32380 31 18715 268 63530 332 65857
44571 332 32380 31 73217 342 37302 332 65857
44571 332 32380 31 73217 303 69494 332 65857
44571 332 32380 31 35180 321 25422 332 65857
44571 332 32380 31 72838 105 42173 332 65857
44571 332 32380 31 70024 151 6544 332 65857
44571 332 32380 31 20689 356 9696 332 65857
44571 332 32380 31 59220 164 67094 332 65857
44571 332 32380 31 59220 361 36992 332 65857
44571 332 32380 31 24058 196 51743 332 65857
44571 332 32380 31 24058 196 72997 332 65857
44571 332 32380 31 24058 196 16974 332 65857
44571 332 32380 31 43655 28 7341 332 65857
44571 332 32380 31 28376 358 68644 332 65857
44571 332 32380 31 29427 126 70604 332 65857
44571 332 32380 31 29427 126 67212 332 65857
44571 332 32380 31 29427 126 32911 332 65857
44571 332 32380 31 29427 126 61624 332 65857
44571 332 32380 31 9667 391 53927 332 65857
44571 332 32380 31 38325 240 71213 332 65857
44571 332 32380 31 32937 75 52959 332 65857
44571 332 32380 31 40314 277 69233 332 65857
44571 332 32380 31 12956 240 19733 332 65857
44571 332 32380 252 69092 294 36170 332 65857
44571 332 32380 252 69092 294 61962 332 65857
44571 332 32380 252 69092 277 36853 332 65857
44571 332 32380 252 69092 277 36323 332 65857
44571 332 29064 31 70550 300 35791 332 65857
44571 332 29064 31 59743 186 1855 332 65857
44571 332 29064 31 70019 75 47366 332 65857
44571 332 29064 31 45860 365 72083 332 65857
44571 369 33054 277 14032 369 39319 332 65857
44571 369 33054 277 50963 277 26736 332 65857
44571 369 33054 277 53065 277 15215 332 65857
44571 369 33054 277 1899 369 24342 332 65857
44571 369 33054 277 21109 155 21455 332 65857
44571 369 33054 277 60841 277 59627 332 65857
44571 369 33054 252 65814 303 74553 332 65857
44571 369 33054 252 62747 151 5865 332 65857
44571 369 33054 252 62747 151 38271 332 65857
44571 369 33054 252 62747 151 16902 332 65857
44571 369 33054 252 40313 31 73460 332 65857
44571 369 33054 252 40313 31 40434 332 65857
44571 369 33054 252 40309 31 18870 332 65857
44571 369 33054 252 40309 31 58804 332 65857
44571 369 33054 252 40309 31 69785 332 65857
44571 369 33054 252 40309 31 74947 332 65857
44571 369 33054 252 40309 31 27394 332 65857
44571 369 33054 252 68338 31 64880 332 65857
44571 369 33054 252 68338 31 20793 332 65857
44571 369 33054 252 68338 31 36756 332 65857
44571 369 33054 252 68339 31 63326 332 65857
44571 369 33054 252 68339 205 45407 57 65857
44571 369 33054 252 23447 31 62039 332 65857
44571 369 33054 252 65861 31 75464 332 65857
44571 369 33054 252 65861 31 2376 332 65857
44571 369 33054 252 65861 31 57319 332 65857
44571 369 33054 252 65861 31 11497 332 65857
44571 369 33054 252 65861 31 54985 332 65857
44571 369 33054 252 65861 31 66293 332 65857
44571 369 33054 252 65861 31 39957 332 65857
44571 369 33054 252 65861 31 5674 332 65857
44571 369 33054 252 65861 31 7135 332 65857
44571 369 33054 252 65861 31 20969 332 65857
44571 369 33054 252 65861 31 62238 332 65857
44571 369 33054 252 65861 31 40753 332 65857
44571 369 33054 252 65861 31 28828 332 65857
44571 369 33054 252 65861 31 23225 332 65857
44571 369 33054 252 65856 31 72862 332 65857
44571 369 33054 252 65856 31 31429 332 65857
44571 369 33054 252 65856 31 45624 332 65857
44571 369 33054 252 65856 31 65989 332 65857
44571 369 33054 252 65856 31 31842 332 65857
44571 369 33054 252 65856 31 9105 332 65857
44571 369 33054 252 65856 31 11154 332 65857
44571 369 33054 252 65856 31 68917 332 65857
44571 369 33054 252 65856 31 5380 332 65857
44571 369 33054 252 65856 31 63042 332 65857
44571 369 33054 252 65856 31 23665 332 65857
44571 369 33054 252 65856 31 54617 332 65857
44571 369 33054 252 65856 31 36892 332 65857
44571 369 33054 252 65856 31 3938 332 65857
44571 369 33054 252 65856 31 18917 332 65857
44571 369 33054 252 29940 336 14684 332 65857
44571 369 33054 332 29052 31 60312 332 65857
44571 369 33054 332 29052 31 1279 332 65857
44571 369 33054 332 29052 31 70180 332 65857
44571 369 33054 332 29052 31 59650 332 65857
44571 369 33054 332 29052 31 28493 332 65857
44571 369 33054 332 29052 31 69289 332 65857
44571 369 33054 332 29052 31 29119 332 65857
44571 369 33054 332 29052 31 50205 332 65857
44571 369 33054 332 29052 31 50498 332 65857
44571 369 33054 332 29052 31 62862 332 65857
44571 369 33054 332 29052 31 74496 332 65857
44571 369 33054 332 29052 31 22 332 65857
44571 369 33054 332 29052 31 43265 332 65857
44571 369 33054 332 29052 31 30898 332 65857
44571 369 33054 332 29052 31 58515 332 65857
44571 369 33054 332 29052 31 69655 332 65857
44571 369 33054 332 29052 31 43267 332 65857
44571 369 33054 32 14858 75 57736 332 65857
44571 252 6067 151 6170 277 15347 332 65857
44571 332 32380 31 72079 332 1707 31 42198 332 65857
44571 332 32380 31 72079 332 10045 31 22232 332 65857
44571 332 32380 31 72079 332 10045 31 70403 332 65857
44571 332 32380 31 72079 332 10045 31 51545 332 65857
44571 332 32380 31 72079 332 65855 31 16824 332 65857
44571 332 32380 31 72079 332 65855 31 59547 332 65857
44571 332 32380 31 72079 332 65855 31 57817 332 65857
44571 332 32380 31 72079 332 65853 31 6362 332 65857
44571 332 32380 31 72079 332 65853 31 53112 332 65857
44571 332 32380 31 72079 332 65853 31 36018 332 65857
44571 332 32380 31 72079 332 65853 31 12237 332 65857
44571 332 32380 31 72079 332 65853 31 23479 332 65857
44571 332 32380 31 72079 332 29065 31 74464 332 65857
44571 332 32380 31 72079 332 29065 31 99 332 65857
44571 332 32380 31 72079 332 29065 31 70990 332 65857
44571 332 32380 31 72079 332 29065 31 9547 332 65857
44571 332 32380 31 72079 332 23453 31 40197 332 65857
44571 332 32380 31 72079 332 23453 31 49256 332 65857
44571 332 32380 31 72079 332 29061 31 4570 332 65857
44571 332 32380 31 72079 332 29061 31 23506 332 65857
44571 332 32380 31 16161 180 10392 71 23543 332 65857
44571 332 32380 31 27162 369 67189 277 23867 332 65857
44571 332 32380 31 43655 28 7341 28 53901 332 65857
44571 369 33054 277 25328 277 17624 256 73676 358 31082 332 65857
