44925 332 68334
44925 321 24058 332 68334
44925 332 10045 31 15024 332 68334
44925 332 10045 31 70136 332 68334
44925 332 10045 31 72079 332 68334
44925 332 10045 31 20140 332 68334
44925 332 10045 31 73627 332 68334
44925 332 10045 31 64880 332 68334
44925 332 10045 31 14264 332 68334
44925 332 10045 31 1549 332 68334
44925 332 10045 31 17625 332 68334
44925 332 10045 31 71935 332 68334
44925 332 10045 31 10736 332 68334
44925 332 10045 31 5454 332 68334
44925 332 10045 31 37109 332 68334
44925 332 10045 31 30301 332 68334
44925 332 10045 31 16161 332 68334
44925 332 10045 31 56660 332 68334
44925 332 10045 31 66245 332 68334
44925 332 10045 31 59683 332 68334
44925 332 10045 31 66295 332 68334
44925 332 10045 31 75306 332 68334
44925 332 10045 31 66472 332 68334
44925 332 10045 31 1333 332 68334
44925 332 10045 31 72862 332 68334
44925 332 10045 31 32723 332 68334
44925 332 10045 31 62256 332 68334
44925 332 10045 31 8629 332 68334
44925 332 10045 31 53484 332 68334
44925 332 10045 31 4830 332 68334
44925 332 10045 31 25768 332 68334
44925 332 10045 31 24865 332 68334
44925 332 10045 31 23705 332 68334
44925 332 10045 31 42618 332 68334
44925 332 10045 31 68168 332 68334
44925 332 10045 31 40284 332 68334
44925 332 10045 31 27162 332 68334
44925 332 10045 31 68049 332 68334
44925 332 10045 31 69984 332 68334
44925 332 10045 31 49666 332 68334
44925 332 10045 31 36558 332 68334
44925 332 10045 31 26151 332 68334
44925 332 10045 31 36276 332 68334
44925 332 10045 31 32830 332 68334
44925 332 10045 31 6978 332 68334
44925 332 10045 31 16104 332 68334
44925 332 10045 31 67218 332 68334
44925 332 10045 31 47399 332 68334
44925 332 10045 31 2405 332 68334
44925 332 10045 31 73217 332 68334
44925 332 10045 31 15303 332 68334
44925 332 10045 31 17055 332 68334
44925 332 10045 31 51172 332 68334
44925 332 10045 31 71135 332 68334
44925 332 10045 31 5865 332 68334
44925 332 10045 31 53912 332 68334
44925 332 10045 31 71389 332 68334
44925 332 10045 31 17167 332 68334
44925 332 10045 31 35180 332 68334
44925 332 10045 31 13416 332 68334
44925 332 10045 31 74973 332 68334
44925 332 10045 31 20766 332 68334
44925 332 10045 31 50986 332 68334
44925 332 10045 31 34858 332 68334
44925 332 10045 31 1444 332 68334
44925 332 10045 31 2748 332 68334
44925 332 10045 31 20061 332 68334
44925 332 10045 31 62497 332 68334
44925 332 10045 31 13243 332 68334
44925 332 10045 31 30773 332 68334
44925 332 10045 31 69430 332 68334
44925 332 10045 31 63392 332 68334
44925 332 10045 31 67308 332 68334
44925 332 10045 31 10512 332 68334
44925 332 10045 31 33971 332 68334
44925 332 10045 31 72838 332 68334
44925 332 10045 31 48144 332 68334
44925 332 10045 31 731 332 68334
44925 332 10045 31 70024 332 68334
44925 332 10045 31 73755 332 68334
44925 332 10045 31 30094 332 68334
44925 332 10045 31 13312 332 68334
44925 332 10045 31 57305 332 68334
44925 332 10045 31 67997 332 68334
44925 332 10045 31 7747 332 68334
44925 332 10045 31 58140 332 68334
44925 332 10045 31 22957 332 68334
44925 332 10045 31 66788 332 68334
44925 332 10045 31 48048 332 68334
44925 332 10045 31 22809 332 68334
44925 332 10045 31 3394 332 68334
44925 332 10045 31 26466 332 68334
44925 332 10045 31 24854 332 68334
44925 332 10045 31 38080 332 68334
44925 332 10045 31 65295 332 68334
44925 332 10045 31 16834 332 68334
44925 332 10045 31 58909 332 68334
44925 332 10045 31 58804 332 68334
44925 332 10045 31 51394 332 68334
44925 332 10045 31 65294 332 68334
44925 332 10045 31 42693 332 68334
44925 332 10045 31 4892 332 68334
44925 332 10045 31 9802 332 68334
44925 332 10045 31 32357 332 68334
44925 332 10045 31 56226 332 68334
44925 332 10045 31 14729 332 68334
44925 332 10045 31 59220 332 68334
44925 332 10045 31 18019 332 68334
44925 332 10045 31 28491 332 68334
44925 332 10045 31 50458 332 68334
44925 332 10045 31 32376 332 68334
44925 332 10045 31 12330 332 68334
44925 332 10045 31 30916 332 68334
44925 332 10045 31 67639 332 68334
44925 332 10045 31 29362 332 68334
44925 332 10045 31 58576 332 68334
44925 332 10045 31 10715 332 68334
44925 332 10045 31 64688 332 68334
44925 332 10045 31 61075 332 68334
44925 332 10045 31 52683 332 68334
44925 332 10045 31 25912 332 68334
44925 332 10045 31 67212 332 68334
44925 332 10045 31 62148 332 68334
44925 332 10045 31 72283 332 68334
44925 332 10045 31 46210 332 68334
44925 332 10045 31 74467 332 68334
44925 332 10045 31 14740 332 68334
44925 332 10045 31 49417 332 68334
44925 332 10045 31 58769 332 68334
44925 332 10045 31 48923 332 68334
44925 332 10045 31 24988 332 68334
44925 332 10045 31 33132 332 68334
44925 332 10045 31 58348 332 68334
44925 332 10045 31 57341 332 68334
44925 332 10045 31 12442 332 68334
44925 332 10045 31 72693 332 68334
44925 332 10045 31 69019 332 68334
44925 332 10045 31 40951 332 68334
44925 332 10045 31 4445 332 68334
44925 332 10045 31 6715 332 68334
44925 332 10045 31 27960 332 68334
44925 332 10045 31 38459 332 68334
44925 332 10045 31 53262 332 68334
44925 332 10045 31 70625 332 68334
44925 332 10045 31 43655 332 68334
44925 332 10045 31 51559 332 68334
44925 332 10045 31 8966 332 68334
44925 332 10045 31 37720 332 68334
44925 332 10045 31 47039 332 68334
44925 332 10045 31 8765 332 68334
44925 332 10045 31 27406 332 68334
44925 332 10045 31 47194 332 68334
44925 332 10045 31 11292 332 68334
44925 332 10045 31 11961 332 68334
44925 332 10045 31 74574 332 68334
44925 332 10045 31 72418 332 68334
44925 332 10045 31 47107 332 68334
44925 332 10045 31 36156 332 68334
44925 332 10045 31 48642 332 68334
44925 332 10045 31 13124 332 68334
44925 332 10045 31 58961 332 68334
44925 332 10045 31 10694 332 68334
44925 332 10045 31 34541 332 68334
44925 332 10045 31 24688 332 68334
44925 332 10045 31 1548 332 68334
44925 332 10045 31 18223 332 68334
44925 332 10045 31 64335 332 68334
44925 332 10045 31 5850 332 68334
44925 332 10045 31 5174 332 68334
44925 332 10045 31 74370 332 68334
44925 332 10045 31 35621 332 68334
44925 332 10045 31 73556 332 68334
44925 332 10045 31 53211 332 68334
44925 332 10045 31 73143 332 68334
44925 332 10045 31 2781 332 68334
44925 332 10045 31 14898 332 68334
44925 332 10045 31 41749 332 68334
44925 332 10045 31 23861 332 68334
44925 332 10045 31 54314 332 68334
44925 332 10045 31 50152 332 68334
44925 332 10045 31 35145 332 68334
44925 332 10045 31 12403 332 68334
44925 332 10045 31 36571 332 68334
44925 332 10045 31 736 332 68334
44925 332 10045 31 9696 332 68334
44925 332 10045 31 55179 332 68334
44925 332 10045 31 51934 332 68334
44925 332 10045 31 70259 332 68334
44925 332 10045 31 72855 332 68334
44925 332 10045 31 1929 332 68334
44925 332 10045 31 71744 332 68334
44925 332 10045 31 45649 332 68334
44925 332 10045 31 44074 332 68334
44925 332 10045 31 16321 332 68334
44925 332 10045 31 35217 332 68334
44925 332 10045 31 25928 332 68334
44925 332 10045 31 56770 332 68334
44925 332 10045 31 10430 332 68334
44925 332 10045 31 61135 332 68334
44925 332 10045 31 17692 332 68334
44925 332 10045 31 31723 332 68334
44925 332 10045 31 28569 332 68334
44925 332 10045 31 20969 332 68334
44925 332 10045 31 66280 332 68334
44925 332 10045 31 6346 332 68334
44925 332 10045 31 57462 332 68334
44925 332 10045 31 2136 332 68334
44925 332 10045 31 75174 332 68334
44925 332 10045 31 36756 332 68334
44925 332 10045 31 62341 332 68334
44925 332 10045 31 45570 332 68334
44925 332 10045 31 14216 332 68334
44925 332 10045 31 73597 332 68334
44925 332 10045 31 9269 332 68334
44925 332 10045 31 41162 332 68334
44925 332 10045 31 10448 332 68334
44925 332 10045 31 57819 332 68334
44925 332 10045 31 8870 332 68334
44925 332 10045 31 41374 332 68334
44925 332 10045 31 73145 332 68334
44925 332 10045 31 17774 332 68334
44925 332 10045 31 6534 332 68334
44925 332 10045 31 48224 332 68334
44925 332 10045 31 13839 332 68334
44925 332 10045 31 49084 332 68334
44925 332 10045 31 20003 332 68334
44925 332 10045 31 46549 332 68334
44925 332 10045 31 62098 332 68334
44925 332 10045 31 36866 332 68334
44925 332 10045 31 4833 332 68334
44925 332 10045 31 28376 332 68334
44925 332 10045 31 68221 332 68334
44925 332 10045 31 58806 332 68334
44925 332 10045 31 59909 332 68334
44925 332 10045 31 19847 332 68334
44925 332 10045 31 29427 332 68334
44925 332 10045 31 4992 332 68334
44925 332 10045 31 15479 332 68334
44925 332 10045 31 25110 332 68334
44925 332 10045 31 59128 332 68334
44925 332 10045 31 53927 332 68334
44925 332 10045 31 58932 332 68334
44925 332 10045 31 3650 332 68334
44925 332 10045 31 40496 332 68334
44925 332 10045 31 56435 332 68334
44925 332 10045 31 73840 332 68334
44925 332 10045 31 7314 332 68334
44925 332 10045 31 50985 332 68334
44925 332 10045 31 72636 332 68334
44925 332 10045 31 32937 332 68334
44925 332 10045 31 64590 332 68334
44925 332 10045 31 40314 332 68334
44925 332 10045 31 37792 332 68334
44925 332 10045 31 17630 332 68334
44925 332 10045 31 73103 332 68334
44925 332 10045 31 43314 332 68334
44925 332 10045 31 3581 332 68334
44925 332 10045 31 12956 332 68334
44925 332 10045 31 1541 332 68334
44925 332 10045 31 48125 332 68334
44925 332 10045 31 42969 332 68334
44925 332 10045 31 26710 332 68334
44925 332 10045 31 48202 332 68334
44925 332 10045 31 15838 332 68334
44925 332 10045 31 69182 332 68334
44925 332 10045 31 64296 332 68334
44925 332 10045 31 24169 332 68334
44925 332 10045 31 18012 332 68334
44925 332 10045 31 27394 332 68334
44925 332 10045 31 55099 332 68334
44925 332 10045 31 44031 332 68334
44925 332 10045 31 30522 332 68334
44925 332 10045 31 25233 332 68334
44925 332 10045 31 52577 332 68334
44925 332 10045 31 1524 332 68334
44925 332 10045 31 19870 332 68334
44925 332 10045 31 769 332 68334
44925 332 10045 31 15927 332 68334
44925 332 10045 31 32246 332 68334
44925 332 10045 31 12132 332 68334
44925 332 10045 31 69569 332 68334
44925 332 10045 31 20043 332 68334
44925 332 10045 31 8501 332 68334
44925 332 10045 31 70403 332 68334
44925 332 10045 31 2286 332 68334
44925 332 10045 31 59917 332 68334
44925 332 10045 31 34489 332 68334
44925 332 10045 31 23082 332 68334
44925 332 10045 31 33377 332 68334
44925 332 10045 31 31910 332 68334
44925 332 10045 31 32267 332 68334
44925 332 10045 31 14746 332 68334
44925 332 10045 31 65232 332 68334
44925 332 10045 31 29493 332 68334
44925 332 10045 31 48778 332 68334
44925 332 10045 31 6957 332 68334
44925 332 10045 31 17345 332 68334
44925 332 10045 31 23225 332 68334
44925 332 10045 31 6621 332 68334
44925 332 10045 252 69092 151 68334
44925 332 10045 252 69092 277 68334
44925 332 10045 369 14858 277 68334
44925 332 10045 369 19933 277 68334
44925 332 65855 31 38768 332 68334
44925 332 65855 31 39739 332 68334
44925 332 65855 31 64735 332 68334
44925 332 65855 31 39248 332 68334
44925 332 65855 31 75234 332 68334
44925 332 65855 31 44399 332 68334
44925 332 65855 31 12741 332 68334
44925 332 65855 31 30154 332 68334
44925 332 65855 31 65908 332 68334
44925 332 65855 31 8969 332 68334
44925 332 65855 31 20269 332 68334
44925 332 65855 31 6440 332 68334
44925 332 65855 31 11134 332 68334
44925 332 65855 31 39288 332 68334
44925 332 65855 31 70550 332 68334
44925 332 65855 31 30812 332 68334
44925 332 65855 31 21767 332 68334
44925 332 65855 31 16260 332 68334
44925 332 65855 31 16914 332 68334
44925 332 65855 31 75205 332 68334
44925 332 65855 31 37026 332 68334
44925 332 65855 31 65174 332 68334
44925 332 65855 31 20689 332 68334
44925 332 65855 31 72012 332 68334
44925 332 65855 31 56867 332 68334
44925 332 65855 31 14915 332 68334
44925 332 65855 31 31842 332 68334
44925 332 65855 31 74876 332 68334
44925 332 65855 31 11154 332 68334
44925 332 65855 31 39520 332 68334
44925 332 65855 31 67015 332 68334
44925 332 65855 31 59279 332 68334
44925 332 65855 31 73651 332 68334
44925 332 65855 31 50816 332 68334
44925 332 65855 31 22772 332 68334
44925 332 65855 31 12360 332 68334
44925 332 65855 31 4159 332 68334
44925 332 65855 31 39117 332 68334
44925 332 65855 31 49073 332 68334
44925 332 65855 31 509 332 68334
44925 332 65855 31 36130 332 68334
44925 332 65855 31 58627 332 68334
44925 332 65855 31 39182 332 68334
44925 332 65855 31 37710 332 68334
44925 332 65855 31 23636 332 68334
44925 332 65855 31 7340 332 68334
44925 332 65855 31 73559 332 68334
44925 332 65855 31 1600 332 68334
44925 332 65855 31 1654 332 68334
44925 332 65855 31 24497 332 68334
44925 332 65855 31 60201 332 68334
44925 332 65855 31 35018 332 68334
44925 332 65855 31 40136 332 68334
44925 332 65855 31 5926 332 68334
44925 332 65855 31 69099 332 68334
44925 332 65855 31 14699 332 68334
44925 332 65855 31 38325 332 68334
44925 332 65855 31 14479 332 68334
44925 332 65855 31 19960 332 68334
44925 332 65855 31 73769 332 68334
44925 332 65855 31 41526 332 68334
44925 332 65855 31 503 332 68334
44925 332 65855 31 72979 332 68334
44925 332 65855 31 47656 332 68334
44925 332 65855 31 4637 332 68334
44925 332 65855 31 33731 332 68334
44925 332 65855 31 39920 332 68334
44925 332 65855 31 26159 332 68334
44925 332 65853 31 19430 332 68334
44925 332 65853 31 30845 332 68334
44925 332 65853 31 29057 332 68334
44925 332 65853 31 64668 332 68334
44925 332 65853 31 59235 332 68334
44925 332 65853 31 26066 332 68334
44925 332 65853 31 64300 332 68334
44925 332 65853 31 29358 332 68334
44925 332 65853 31 38673 332 68334
44925 332 65853 31 12880 332 68334
44925 332 65853 31 70529 332 68334
44925 332 65853 31 36726 332 68334
44925 332 65853 31 48664 332 68334
44925 332 65853 31 71384 332 68334
44925 332 65853 31 4443 332 68334
44925 332 65853 31 71213 332 68334
44925 332 65853 31 37294 332 68334
44925 332 65853 31 18843 332 68334
44925 332 65853 31 38910 332 68334
44925 332 65853 31 9817 332 68334
44925 332 65853 31 19486 332 68334
44925 332 65857 31 15215 332 68334
44925 332 65857 31 22271 332 68334
44925 332 65857 31 40434 332 68334
44925 332 65857 31 24342 332 68334
44925 332 65857 31 42510 332 68334
44925 332 65857 31 35142 332 68334
44925 332 65857 31 44610 332 68334
44925 332 65857 31 34266 332 68334
44925 332 65857 31 62238 332 68334
44925 332 65857 31 34945 332 68334
44925 332 65857 31 21455 332 68334
44925 332 65856 31 43524 332 68334
44925 332 65856 31 37028 332 68334
44925 332 65856 31 7212 332 68334
44925 332 65856 31 27370 332 68334
44925 332 65856 31 43112 332 68334
44925 332 65856 31 35542 332 68334
44925 332 65856 31 9664 332 68334
44925 332 65861 31 1727 332 68334
44925 332 29052 31 39490 332 68334
44925 332 29052 31 14385 332 68334
44925 332 29052 31 49432 332 68334
44925 332 29052 31 71432 332 68334
44925 332 29052 31 20556 332 68334
44925 332 29052 31 39284 332 68334
44925 332 29052 31 31661 332 68334
44925 332 29052 31 46071 332 68334
44925 332 29052 31 72335 332 68334
44925 332 29052 31 39091 332 68334
44925 332 29052 31 51744 332 68334
44925 332 29052 31 65456 332 68334
44925 332 29065 31 17091 332 68334
44925 332 29065 31 75227 332 68334
44925 332 29065 31 9648 332 68334
44925 332 29065 31 16703 332 68334
44925 332 29065 31 26032 332 68334
44925 332 29064 31 66465 332 68334
44925 332 29064 31 52748 332 68334
44925 332 23453 31 6987 332 68334
44925 332 68338 31 5932 332 68334
44925 358 51607 28 46683 332 68334
44925 332 10045 31 27162 32 60562 277 68334
44925 332 10045 31 43655 28 64228 332 68334
44925 332 65855 205 70836 336 66085 332 68334
44925 332 65853 31 9817 358 73557 332 68334
44925 332 65857 151 33054 277 1947 332 68334
44925 321 24058 6 44438 336 56025 332 68334
44925 332 10045 31 20140 358 9577 28 48978 332 68334
44925 332 10045 31 73217 342 65814 303 68890 277 75321 332 68334
