44925 332 64354
44925 332 10045 31 70136 332 64354
44925 332 10045 31 6905 332 64354
44925 332 10045 31 51172 57 64354
44925 332 10045 31 70024 332 64354
44925 332 10045 31 73755 332 64354
44925 332 10045 31 59220 332 64354
44925 332 10045 31 51559 332 64354
44925 332 10045 31 36156 332 64354
44925 332 10045 31 28376 57 64354
44925 332 10045 31 58806 332 64354
44925 332 10045 31 24169 332 64354
44925 332 10045 252 69092 151 64354
44925 332 10045 252 69092 277 64354
44925 332 65855 31 25006 57 64354
44925 332 65855 31 37302 332 64354
44925 332 65855 31 54983 332 64354
44925 332 10045 31 65268 72 67410 277 64354
44925 332 10045 31 7646 332 41016 31 64354
44925 332 10045 252 69092 294 44741 57 64354
44925 332 10045 252 69092 277 72960 57 64354
44925 332 65853 31 71702 332 40338 31 64354
44925 332 65853 31 71702 332 40338 332 64354
44925 332 65857 151 33054 252 26362 332 64354
44925 321 24058 256 54168 254 14003 57 64354
44925 332 10045 31 70136 332 7925 205 48132 57 64354
44925 332 10045 31 70136 332 7925 205 43936 57 64354
44925 332 10045 31 70136 332 7925 205 33282 57 64354
44925 332 10045 31 70136 332 7925 205 20231 57 64354
44925 332 10045 31 70136 332 7925 205 51557 57 64354
44925 332 10045 31 6905 332 32706 31 24698 332 64354
44925 332 10045 31 6905 332 21166 31 59222 332 64354
