45264 332 65853
45264 300 62434 211 72079 332 65853
45264 300 62434 211 14264 332 65853
45264 300 62434 211 66245 332 65853
45264 300 62434 211 72862 332 65853
45264 300 62434 211 32723 332 65853
45264 300 62434 211 65908 332 65853
45264 300 62434 211 45140 332 65853
45264 300 62434 211 32830 332 65853
45264 300 62434 211 70550 332 65853
45264 300 62434 211 51172 332 65853
45264 300 62434 211 72233 332 65853
45264 300 62434 211 6781 332 65853
45264 300 62434 211 29320 332 65853
45264 300 62434 211 1444 332 65853
45264 300 62434 211 75205 332 65853
45264 300 62434 211 72056 332 65853
45264 300 62434 211 65174 332 65853
45264 300 62434 211 58140 332 65853
45264 300 62434 211 58804 332 65853
45264 300 62434 211 32357 332 65853
45264 300 62434 211 57100 332 65853
45264 300 62434 211 13464 332 65853
45264 300 62434 211 24058 332 65853
45264 300 62434 211 52683 332 65853
45264 300 62434 211 48726 332 65853
45264 300 62434 211 71525 332 65853
45264 300 62434 211 40730 332 65853
45264 300 62434 211 40951 332 65853
45264 300 62434 211 52920 332 65853
45264 300 62434 211 24688 332 65853
45264 300 62434 211 37302 332 65853
45264 300 62434 211 73897 332 65853
45264 300 62434 211 72855 332 65853
45264 300 62434 211 59152 332 65853
45264 300 62434 211 1600 332 65853
45264 300 62434 211 56770 332 65853
45264 300 62434 211 17692 332 65853
45264 300 62434 211 2060 332 65853
45264 300 62434 211 11565 332 65853
45264 300 62434 211 40637 332 65853
45264 300 62434 211 6534 332 65853
45264 300 62434 211 28376 332 65853
45264 300 62434 211 58806 332 65853
45264 300 62434 211 19847 332 65853
45264 300 62434 211 31485 332 65853
45264 300 62434 211 53927 332 65853
45264 300 62434 211 64590 332 65853
45264 300 62434 211 40314 332 65853
45264 300 62434 211 17630 332 65853
45264 300 62434 211 19960 332 65853
45264 300 62434 211 19706 332 65853
45264 300 62434 211 31910 332 65853
45264 300 62434 211 33731 332 65853
45264 300 62434 211 5480 332 65853
45264 300 62434 211 34555 332 65853
45264 300 62434 211 28306 332 65853
45264 300 62434 211 26159 332 65853
45264 369 22958 277 31609 332 65853
45264 369 22958 277 37850 332 65853
45264 369 22958 277 26801 332 65853
45264 369 22958 277 15927 332 65853
45264 369 22958 252 59279 332 65853
45264 300 62434 211 72079 382 37878 332 65853
45264 300 62434 211 72079 382 56645 332 65853
45264 300 62434 211 72079 382 5850 332 65853
45264 300 62434 211 72079 382 42618 332 65853
45264 300 62434 211 72079 382 68659 332 65853
45264 300 62434 211 72079 382 30109 332 65853
45264 300 62434 211 72079 382 65305 332 65853
45264 300 62434 211 72079 382 28650 332 65853
45264 300 62434 211 72079 373 66233 332 65853
45264 300 62434 211 72079 373 20689 332 65853
45264 300 62434 211 72079 373 59220 332 65853
45264 300 62434 211 72079 373 21330 332 65853
45264 300 62434 211 72079 164 4443 332 65853
45264 300 62434 211 72079 383 69092 277 65853
45264 300 62434 211 38128 382 15024 332 65853
45264 300 62434 211 38128 382 23393 332 65853
45264 300 62434 211 38128 382 41162 332 65853
45264 300 62434 211 38128 382 26151 332 65853
45264 300 62434 211 38128 382 24596 332 65853
45264 300 62434 211 38128 382 30522 332 65853
45264 300 62434 211 38128 382 73145 332 65853
45264 300 62434 211 38128 382 59433 332 65853
45264 300 62434 211 38128 382 31066 332 65853
45264 300 62434 211 38128 382 48224 332 65853
45264 300 62434 211 38128 382 2748 332 65853
45264 300 62434 211 38128 203 60073 332 65853
45264 300 62434 211 38128 141 14736 332 65853
45264 300 62434 211 10831 373 33373 332 65853
45264 300 62434 211 63319 382 61075 332 65853
45264 300 62434 211 26537 358 64880 332 65853
45264 300 62434 211 45140 356 9696 332 65853
45264 300 62434 211 45140 356 769 332 65853
45264 300 62434 211 23305 15 14740 332 65853
45264 300 62434 211 63685 102 6934 332 65853
45264 300 62434 211 70550 300 5604 332 65853
45264 300 62434 211 70550 303 45649 332 65853
45264 300 62434 211 36805 147 48506 332 65853
45264 300 62434 211 37898 164 51254 332 65853
45264 300 62434 211 1444 342 73217 332 65853
45264 300 62434 211 1444 383 5319 332 65853
45264 300 62434 211 1444 383 19933 277 65853
45264 300 62434 211 1444 383 29427 332 65853
45264 300 62434 211 1444 383 25110 332 65853
45264 300 62434 211 1444 75 24865 332 65853
45264 300 62434 211 1444 114 51394 332 65853
45264 300 62434 211 1444 222 55065 332 65853
45264 300 62434 211 1444 222 33377 332 65853
45264 300 62434 211 1444 222 70261 332 65853
45264 300 62434 211 65174 102 36156 332 65853
45264 300 62434 211 65174 52 5466 332 65853
45264 300 62434 211 53751 277 65268 332 65853
45264 300 62434 211 53751 277 16834 332 65853
45264 300 62434 211 53751 32 39520 332 65853
45264 300 62434 211 53751 255 61624 332 65853
45264 300 62434 211 53751 255 2 332 65853
45264 300 62434 211 53751 255 12741 332 65853
45264 300 62434 211 32357 196 59917 332 65853
45264 300 62434 211 7341 358 43655 332 65853
45264 300 62434 211 24058 196 44925 332 65853
45264 300 62434 211 24058 196 48838 332 65853
45264 300 62434 211 24058 196 17625 332 65853
45264 300 62434 211 24058 196 56660 332 65853
45264 300 62434 211 24058 196 1333 332 65853
45264 300 62434 211 24058 196 27162 332 65853
45264 300 62434 211 24058 196 53002 332 65853
45264 300 62434 211 24058 196 53912 332 65853
45264 300 62434 211 24058 196 20766 332 65853
45264 300 62434 211 24058 196 21807 332 65853
45264 300 62434 211 24058 196 50986 332 65853
45264 300 62434 211 24058 196 26066 332 65853
45264 300 62434 211 24058 196 2527 332 65853
45264 300 62434 211 24058 196 8704 332 65853
45264 300 62434 211 24058 196 33481 332 65853
45264 300 62434 211 24058 196 25006 332 65853
45264 300 62434 211 24058 196 30916 332 65853
45264 300 62434 211 24058 196 72283 332 65853
45264 300 62434 211 24058 196 57341 332 65853
45264 300 62434 211 24058 196 24701 332 65853
45264 300 62434 211 24058 196 70529 332 65853
45264 300 62434 211 24058 196 16268 332 65853
45264 300 62434 211 24058 196 50856 332 65853
45264 300 62434 211 24058 196 53407 332 65853
45264 300 62434 211 24058 196 64335 332 65853
45264 300 62434 211 24058 196 32298 332 65853
45264 300 62434 211 24058 196 73143 332 65853
45264 300 62434 211 24058 196 37710 332 65853
45264 300 62434 211 24058 196 7340 332 65853
45264 300 62434 211 24058 196 49353 332 65853
45264 300 62434 211 24058 196 2136 332 65853
45264 300 62434 211 24058 196 51743 332 65853
45264 300 62434 211 24058 196 53923 332 65853
45264 300 62434 211 24058 196 46549 332 65853
45264 300 62434 211 24058 196 14537 332 65853
45264 300 62434 211 24058 196 14859 332 65853
45264 300 62434 211 24058 196 1641 332 65853
45264 300 62434 211 24058 196 26710 332 65853
45264 300 62434 211 24058 196 48822 332 65853
45264 300 62434 211 24058 196 20174 332 65853
45264 300 62434 211 24058 196 16974 332 65853
45264 300 62434 211 24058 277 36041 332 65853
45264 300 62434 211 66747 102 11363 332 65853
45264 300 62434 211 44378 303 1524 332 65853
45264 300 62434 211 57936 254 42693 332 65853
45264 300 62434 211 27376 155 4830 332 65853
45264 300 62434 211 26494 356 57305 332 65853
45264 300 62434 211 60924 155 1963 332 65853
45264 300 62434 211 72687 217 75212 332 65853
45264 300 62434 211 21109 155 53891 332 65853
45264 300 62434 211 21109 155 15570 332 65853
45264 300 62434 211 21109 155 12880 332 65853
45264 300 62434 211 21109 155 52132 332 65853
45264 300 62434 211 21109 155 43304 332 65853
45264 300 62434 211 21109 155 57941 332 65853
45264 300 62434 211 21109 32 8640 332 65853
45264 300 62434 211 37302 60 22772 332 65853
45264 300 62434 211 11794 52 38325 332 65853
45264 300 62434 211 11794 52 29284 332 65853
45264 300 62434 211 11794 52 37792 332 65853
45264 300 62434 211 11794 52 46167 332 65853
45264 300 62434 211 14858 277 41065 332 65853
45264 300 62434 211 14858 294 72636 332 65853
45264 300 62434 211 14858 222 36335 332 65853
45264 300 62434 211 18597 164 36689 332 65853
45264 300 62434 211 18597 373 44399 332 65853
45264 300 62434 211 18597 373 21315 332 65853
45264 300 62434 211 18597 373 366 332 65853
45264 300 62434 211 18597 373 74887 332 65853
45264 300 62434 211 18597 373 56112 332 65853
45264 300 62434 211 18597 373 38459 332 65853
45264 300 62434 211 18597 373 4598 332 65853
45264 300 62434 211 18597 373 10289 332 65853
45264 300 62434 211 18597 373 52577 332 65853
45264 300 62434 211 18597 382 14666 332 65853
45264 300 62434 211 18597 382 36558 332 65853
45264 300 62434 211 18597 382 34238 332 65853
45264 300 62434 211 18597 382 15303 332 65853
45264 300 62434 211 18597 382 69360 332 65853
45264 300 62434 211 18597 382 12994 332 65853
45264 300 62434 211 18597 382 73597 332 65853
45264 300 62434 211 18597 382 69019 332 65853
45264 300 62434 211 18597 382 43055 332 65853
45264 300 62434 211 48050 383 11497 332 65853
45264 300 62434 211 48050 252 59909 332 65853
45264 300 62434 211 28376 101 72693 332 65853
45264 300 62434 211 58806 102 63276 332 65853
45264 300 62434 211 58806 358 13935 332 65853
45264 300 62434 211 32131 126 41295 332 65853
45264 300 62434 211 19847 84 57303 332 65853
45264 300 62434 211 19847 75 23705 332 65853
45264 300 62434 211 21879 155 19694 332 65853
45264 300 62434 211 31485 252 70024 332 65853
45264 300 62434 211 47724 282 62557 332 65853
45264 300 62434 211 47724 282 11926 332 65853
45264 300 62434 211 47724 115 8335 332 65853
45264 300 62434 211 47724 115 58932 332 65853
45264 300 62434 211 3650 124 71909 332 65853
45264 300 62434 211 3650 124 24234 332 65853
45264 300 62434 211 40314 240 17522 332 65853
45264 300 62434 211 40314 52 31808 332 65853
45264 300 62434 211 40314 52 20603 332 65853
45264 300 62434 211 40314 52 11787 332 65853
45264 300 62434 211 40314 52 3581 332 65853
45264 300 62434 211 15756 364 67997 332 65853
45264 300 62434 211 15756 364 52243 332 65853
45264 300 62434 211 15756 237 41536 332 65853
45264 300 62434 211 15756 237 51080 332 65853
45264 300 62434 211 17630 277 14699 332 65853
45264 300 62434 211 7339 52 11708 332 65853
45264 300 62434 211 63472 102 6929 332 65853
45264 300 62434 211 17538 356 74876 332 65853
45264 300 62434 211 31910 52 67239 332 65853
45264 300 62434 211 31910 52 12956 332 65853
45264 300 62434 211 65931 103 11017 332 65853
45264 300 62434 211 65931 101 30490 332 65853
45264 300 62434 252 33054 277 34575 332 65853
45264 300 62434 252 33054 277 24773 332 65853
45264 300 62434 252 33054 277 23403 332 65853
45264 300 62434 252 33054 277 68356 332 65853
45264 300 62434 252 33054 277 24403 332 65853
45264 300 62434 252 33054 277 73627 332 65853
45264 300 62434 252 33054 277 25616 332 65853
45264 300 62434 252 33054 277 56854 332 65853
45264 300 62434 252 33054 277 38768 332 65853
45264 300 62434 252 33054 277 70122 332 65853
45264 300 62434 252 33054 277 40671 332 65853
45264 300 62434 252 33054 277 71935 332 65853
45264 300 62434 252 33054 277 2904 332 65853
45264 300 62434 252 33054 277 64735 332 65853
45264 300 62434 252 33054 277 39248 332 65853
45264 300 62434 252 33054 277 11637 332 65853
45264 300 62434 252 33054 277 18845 332 65853
45264 300 62434 252 33054 277 67231 332 65853
45264 300 62434 252 33054 277 52102 332 65853
45264 300 62434 252 33054 277 66472 332 65853
45264 300 62434 252 33054 277 8629 332 65853
45264 300 62434 252 33054 277 30154 332 65853
45264 300 62434 252 33054 277 53484 332 65853
45264 300 62434 252 33054 277 71680 332 65853
45264 300 62434 252 33054 277 64668 332 65853
45264 300 62434 252 33054 277 1624 332 65853
45264 300 62434 252 33054 277 31504 332 65853
45264 300 62434 252 33054 277 26818 332 65853
45264 300 62434 252 33054 277 36350 332 65853
45264 300 62434 252 33054 277 58506 332 65853
45264 300 62434 252 33054 277 18151 332 65853
45264 300 62434 252 33054 277 73848 332 65853
45264 300 62434 252 33054 277 41182 332 65853
45264 300 62434 252 33054 277 46970 332 65853
45264 300 62434 252 33054 277 17816 332 65853
45264 300 62434 252 33054 277 20868 332 65853
45264 300 62434 252 33054 277 74973 332 65853
45264 300 62434 252 33054 277 69430 332 65853
45264 300 62434 252 33054 277 53680 332 65853
45264 300 62434 252 33054 277 55883 332 65853
45264 300 62434 252 33054 277 11249 332 65853
45264 300 62434 252 33054 277 37026 332 65853
45264 300 62434 252 33054 277 71513 332 65853
45264 300 62434 252 33054 277 48048 332 65853
45264 300 62434 252 33054 277 101 332 65853
45264 300 62434 252 33054 277 53267 332 65853
45264 300 62434 252 33054 277 47773 332 65853
45264 300 62434 252 33054 277 72041 332 65853
45264 300 62434 252 33054 277 72012 332 65853
45264 300 62434 252 33054 277 29174 332 65853
45264 300 62434 252 33054 277 75371 332 65853
45264 300 62434 252 33054 277 56867 332 65853
45264 300 62434 252 33054 277 53174 332 65853
45264 300 62434 252 33054 277 46612 332 65853
45264 300 62434 252 33054 277 28491 332 65853
45264 300 62434 252 33054 277 2218 332 65853
45264 300 62434 252 33054 277 50480 332 65853
45264 300 62434 252 33054 277 12330 332 65853
45264 300 62434 252 33054 277 46955 332 65853
45264 300 62434 252 33054 277 29362 332 65853
45264 300 62434 252 33054 277 36458 332 65853
45264 300 62434 252 33054 277 70287 332 65853
45264 300 62434 252 33054 277 14616 332 65853
45264 300 62434 252 33054 277 14630 332 65853
45264 300 62434 252 33054 277 17512 332 65853
45264 300 62434 252 33054 277 49456 332 65853
45264 300 62434 252 33054 277 46210 332 65853
45264 300 62434 252 33054 277 52309 332 65853
45264 300 62434 252 33054 277 58348 332 65853
45264 300 62434 252 33054 277 61661 332 65853
45264 300 62434 252 33054 277 12442 332 65853
45264 300 62434 252 33054 277 51287 332 65853
45264 300 62434 252 33054 277 39397 332 65853
45264 300 62434 252 33054 277 25261 332 65853
45264 300 62434 252 33054 277 35530 332 65853
45264 300 62434 252 33054 277 53262 332 65853
45264 300 62434 252 33054 277 70625 332 65853
45264 300 62434 252 33054 277 13578 332 65853
45264 300 62434 252 33054 277 74737 332 65853
45264 300 62434 252 33054 277 8966 332 65853
45264 300 62434 252 33054 277 37720 332 65853
45264 300 62434 252 33054 277 8765 332 65853
45264 300 62434 252 33054 277 27406 332 65853
45264 300 62434 252 33054 277 66019 332 65853
45264 300 62434 252 33054 277 56620 332 65853
45264 300 62434 252 33054 277 72418 332 65853
45264 300 62434 252 33054 277 47107 332 65853
45264 300 62434 252 33054 277 5986 332 65853
45264 300 62434 252 33054 277 58961 332 65853
45264 300 62434 252 33054 277 33232 332 65853
45264 300 62434 252 33054 277 1548 332 65853
45264 300 62434 252 33054 277 19050 332 65853
45264 300 62434 252 33054 277 64947 332 65853
45264 300 62434 252 33054 277 2781 332 65853
45264 300 62434 252 33054 277 41749 332 65853
45264 300 62434 252 33054 277 50152 332 65853
45264 300 62434 252 33054 277 509 332 65853
45264 300 62434 252 33054 277 64436 332 65853
45264 300 62434 252 33054 277 18362 332 65853
45264 300 62434 252 33054 277 6601 332 65853
45264 300 62434 252 33054 277 38832 332 65853
45264 300 62434 252 33054 277 40846 332 65853
45264 300 62434 252 33054 277 73559 332 65853
45264 300 62434 252 33054 277 43294 332 65853
45264 300 62434 252 33054 277 25928 332 65853
45264 300 62434 252 33054 277 14579 332 65853
45264 300 62434 252 33054 277 10430 332 65853
45264 300 62434 252 33054 277 61135 332 65853
45264 300 62434 252 33054 277 31723 332 65853
45264 300 62434 252 33054 277 66280 332 65853
45264 300 62434 252 33054 277 6346 332 65853
45264 300 62434 252 33054 277 38592 332 65853
45264 300 62434 252 33054 277 1945 332 65853
45264 300 62434 252 33054 277 75174 332 65853
45264 300 62434 252 33054 277 26991 332 65853
45264 300 62434 252 33054 277 9368 332 65853
45264 300 62434 252 33054 277 64904 332 65853
45264 300 62434 252 33054 277 9269 332 65853
45264 300 62434 252 33054 277 40136 332 65853
45264 300 62434 252 33054 277 57819 332 65853
45264 300 62434 252 33054 277 41374 332 65853
45264 300 62434 252 33054 277 14815 332 65853
45264 300 62434 252 33054 277 36192 332 65853
45264 300 62434 252 33054 277 13839 332 65853
45264 300 62434 252 33054 277 49084 332 65853
45264 300 62434 252 33054 277 33164 332 65853
45264 300 62434 252 33054 277 36866 332 65853
45264 300 62434 252 33054 277 40298 332 65853
45264 300 62434 252 33054 277 48125 332 65853
45264 300 62434 252 33054 277 74865 332 65853
45264 300 62434 252 33054 277 54310 332 65853
45264 300 62434 252 33054 277 41526 332 65853
45264 300 62434 252 33054 277 8501 332 65853
45264 300 62434 252 33054 277 6431 332 65853
45264 300 62434 252 33054 277 6630 332 65853
45264 300 62434 252 33054 277 13031 332 65853
45264 300 62434 252 33054 277 27769 332 65853
45264 300 62434 252 33054 277 62841 332 65853
45264 300 62434 252 33054 277 48778 332 65853
45264 300 62434 252 33054 277 62745 332 65853
45264 300 62434 252 33054 277 44726 332 65853
45264 300 62434 252 33054 277 17345 332 65853
45264 300 62434 252 33054 252 14798 332 65853
45264 300 62434 252 33054 252 59683 332 65853
45264 300 62434 252 33054 252 68049 332 65853
45264 300 62434 252 33054 252 29243 332 65853
45264 300 62434 252 33054 252 19515 332 65853
45264 300 62434 252 33054 252 25755 332 65853
45264 300 62434 252 33054 252 9802 332 65853
45264 300 62434 252 33054 252 49417 332 65853
45264 300 62434 252 33054 252 53593 332 65853
45264 300 62434 252 33054 252 18230 332 65853
45264 300 62434 252 33054 252 74370 332 65853
45264 300 62434 252 33054 252 12403 332 65853
45264 300 62434 252 33054 252 6943 332 65853
45264 300 62434 252 33054 252 71702 332 65853
45264 300 62434 252 33054 252 7646 332 65853
45264 300 62434 252 33054 252 35519 332 65853
45264 300 62434 252 33054 252 34894 332 65853
45264 300 62434 252 33054 252 72286 332 65853
45264 300 62434 252 33054 252 38810 332 65853
45264 300 62434 252 33054 252 19486 332 65853
45264 300 62434 252 33054 252 6621 332 65853
45264 300 62434 252 33054 32 36540 332 65853
45264 300 62434 252 33054 32 32512 332 65853
45264 300 62434 252 33054 32 72838 332 65853
45264 300 62434 252 33054 32 4445 332 65853
45264 300 62434 252 33054 32 8870 332 65853
45264 300 62434 252 33054 32 10512 332 65853
45264 300 62434 252 33054 32 35180 332 65853
45264 300 62434 252 33054 32 53151 332 65853
45264 300 62434 252 33054 32 37673 332 65853
45264 300 62434 252 33054 32 50290 332 65853
45264 300 62434 252 33054 151 37109 332 65853
45264 300 62434 252 33054 151 4507 332 65853
45264 300 62434 252 33054 358 24854 332 65853
45264 300 62434 252 33054 358 44612 332 65853
45264 369 22958 277 65814 303 23029 332 65853
45264 369 22958 277 65814 303 58769 332 65853
45264 369 22958 277 65814 303 52672 332 65853
45264 369 22958 277 65814 303 33971 332 65853
45264 369 22958 277 65814 303 29254 332 65853
45264 369 22958 277 65814 303 40496 332 65853
45264 369 22958 277 65814 303 16721 332 65853
45264 369 22958 277 65814 303 73875 332 65853
45264 369 22958 277 65814 342 68560 332 65853
45264 369 22958 277 65814 342 39527 332 65853
45264 369 22958 277 65814 277 24817 332 65853
45264 300 62434 211 33363 105 27339 172 47194 332 65853
45264 300 62434 211 33363 105 27339 172 50337 332 65853
45264 300 62434 211 33363 105 27339 105 58627 332 65853
45264 300 62434 211 44667 300 59812 211 45407 57 65853
45264 300 62434 211 44667 300 59812 211 24988 332 65853
45264 300 62434 211 44667 300 59812 211 11756 332 65853
45264 300 62434 211 44667 300 59812 211 44074 332 65853
45264 300 62434 211 44667 300 59812 110 11949 332 65853
45264 300 62434 211 72079 382 30109 28 4637 332 65853
45264 300 62434 211 72079 300 66239 88 69820 332 65853
45264 300 62434 211 72079 300 66239 88 35110 332 65853
45264 300 62434 211 72079 300 66239 88 36992 332 65853
45264 300 62434 211 72079 300 66239 211 3394 332 65853
45264 300 62434 211 72079 300 66239 211 42505 332 65853
45264 300 62434 211 72079 300 66239 211 25233 332 65853
45264 300 62434 211 72079 332 1707 31 63400 332 65853
45264 300 62434 211 72079 332 1707 31 43189 332 65853
45264 300 62434 211 72079 332 1707 31 5454 332 65853
45264 300 62434 211 72079 332 1707 31 37724 332 65853
45264 300 62434 211 72079 332 1707 31 52436 332 65853
45264 300 62434 211 72079 332 1707 31 3416 332 65853
45264 300 62434 211 72079 332 1707 31 42633 332 65853
45264 300 62434 211 72079 332 1707 31 35504 332 65853
45264 300 62434 211 72079 332 1707 31 36276 332 65853
45264 300 62434 211 72079 332 1707 31 16104 332 65853
45264 300 62434 211 72079 332 1707 31 67218 332 65853
45264 300 62434 211 72079 332 1707 31 47399 332 65853
45264 300 62434 211 72079 332 1707 31 2405 332 65853
45264 300 62434 211 72079 332 1707 31 71389 332 65853
45264 300 62434 211 72079 332 1707 31 17167 332 65853
45264 300 62434 211 72079 332 1707 31 13243 332 65853
45264 300 62434 211 72079 332 1707 31 8653 332 65853
45264 300 62434 211 72079 332 1707 31 13312 332 65853
45264 300 62434 211 72079 332 1707 31 26466 332 65853
45264 300 62434 211 72079 332 1707 31 56226 332 65853
45264 300 62434 211 72079 332 1707 31 18019 332 65853
45264 300 62434 211 72079 332 1707 31 35880 332 65853
45264 300 62434 211 72079 332 1707 31 9105 332 65853
45264 300 62434 211 72079 332 1707 31 62148 332 65853
45264 300 62434 211 72079 332 1707 31 60982 332 65853
45264 300 62434 211 72079 332 1707 31 33132 332 65853
45264 300 62434 211 72079 332 1707 31 6715 332 65853
45264 300 62434 211 72079 332 1707 31 27960 332 65853
45264 300 62434 211 72079 332 1707 31 20793 332 65853
45264 300 62434 211 72079 332 1707 31 56532 332 65853
45264 300 62434 211 72079 332 1707 31 47686 332 65853
45264 300 62434 211 72079 332 1707 31 51559 332 65853
45264 300 62434 211 72079 332 1707 31 11292 332 65853
45264 300 62434 211 72079 332 1707 31 74574 332 65853
45264 300 62434 211 72079 332 1707 31 48642 332 65853
45264 300 62434 211 72079 332 1707 31 13124 332 65853
45264 300 62434 211 72079 332 1707 31 71384 332 65853
45264 300 62434 211 72079 332 1707 31 34541 332 65853
45264 300 62434 211 72079 332 1707 31 8270 332 65853
45264 300 62434 211 72079 332 1707 31 55179 332 65853
45264 300 62434 211 72079 332 1707 31 39182 332 65853
45264 300 62434 211 72079 332 1707 31 51934 332 65853
45264 300 62434 211 72079 332 1707 31 26332 332 65853
45264 300 62434 211 72079 332 1707 31 53103 332 65853
45264 300 62434 211 72079 332 1707 31 39523 332 65853
45264 300 62434 211 72079 332 1707 31 36756 332 65853
45264 300 62434 211 72079 332 1707 31 62341 332 65853
45264 300 62434 211 72079 332 1707 31 17139 332 65853
45264 300 62434 211 72079 332 1707 31 20003 332 65853
45264 300 62434 211 72079 332 1707 31 63479 332 65853
45264 300 62434 211 72079 332 1707 31 53798 332 65853
45264 300 62434 211 72079 332 1707 31 3955 332 65853
45264 300 62434 211 72079 332 1707 31 13725 332 65853
45264 300 62434 211 72079 332 1707 31 71213 332 65853
45264 300 62434 211 72079 332 1707 31 32937 332 65853
45264 300 62434 211 72079 332 1707 31 15838 332 65853
45264 300 62434 211 72079 332 1707 31 69182 332 65853
45264 300 62434 211 72079 332 1707 31 24169 332 65853
45264 300 62434 211 72079 332 1707 31 18012 332 65853
45264 300 62434 211 72079 332 1707 31 27394 332 65853
45264 300 62434 211 72079 332 1707 31 44031 332 65853
45264 300 62434 211 72079 332 1707 31 15214 332 65853
45264 300 62434 211 72079 332 1707 31 2286 332 65853
45264 300 62434 211 72079 332 1707 31 23082 332 65853
45264 300 62434 211 72079 332 1707 31 32267 332 65853
45264 300 62434 211 72079 332 1707 31 29493 332 65853
45264 300 62434 211 72079 332 10045 31 70136 332 65853
45264 300 62434 211 72079 332 10045 31 20140 332 65853
45264 300 62434 211 72079 332 10045 31 15790 332 65853
45264 300 62434 211 72079 332 10045 31 1549 332 65853
45264 300 62434 211 72079 332 10045 31 50024 332 65853
45264 300 62434 211 72079 332 10045 31 10736 332 65853
45264 300 62434 211 72079 332 10045 31 70445 332 65853
45264 300 62434 211 72079 332 10045 31 58231 332 65853
45264 300 62434 211 72079 332 10045 31 30301 332 65853
45264 300 62434 211 72079 332 10045 31 16161 332 65853
45264 300 62434 211 72079 332 10045 31 66295 332 65853
45264 300 62434 211 72079 332 10045 31 75306 332 65853
45264 300 62434 211 72079 332 10045 31 70701 332 65853
45264 300 62434 211 72079 332 10045 31 51257 332 65853
45264 300 62434 211 72079 332 10045 31 47458 332 65853
45264 300 62434 211 72079 332 10045 31 53050 332 65853
45264 300 62434 211 72079 332 10045 31 62256 332 65853
45264 300 62434 211 72079 332 10045 31 27362 332 65853
45264 300 62434 211 72079 332 10045 31 55412 332 65853
45264 300 62434 211 72079 332 10045 31 11652 332 65853
45264 300 62434 211 72079 332 10045 31 25768 332 65853
45264 300 62434 211 72079 332 10045 31 13931 332 65853
45264 300 62434 211 72079 332 10045 31 47066 332 65853
45264 300 62434 211 72079 332 10045 31 37791 332 65853
45264 300 62434 211 72079 332 10045 31 68168 332 65853
45264 300 62434 211 72079 332 10045 31 47435 332 65853
45264 300 62434 211 72079 332 10045 31 16968 332 65853
45264 300 62434 211 72079 332 10045 31 24855 332 65853
45264 300 62434 211 72079 332 10045 31 69984 332 65853
45264 300 62434 211 72079 332 10045 31 35831 332 65853
45264 300 62434 211 72079 332 10045 31 49666 332 65853
45264 300 62434 211 72079 332 10045 31 43497 332 65853
45264 300 62434 211 72079 332 10045 31 6978 332 65853
45264 300 62434 211 72079 332 10045 31 45897 332 65853
45264 300 62434 211 72079 332 10045 31 15564 332 65853
45264 300 62434 211 72079 332 10045 31 17055 332 65853
45264 300 62434 211 72079 332 10045 31 71135 332 65853
45264 300 62434 211 72079 332 10045 31 5865 332 65853
45264 300 62434 211 72079 332 10045 31 51036 332 65853
45264 300 62434 211 72079 332 10045 31 27537 332 65853
45264 300 62434 211 72079 332 10045 31 12757 332 65853
45264 300 62434 211 72079 332 10045 31 16774 332 65853
45264 300 62434 211 72079 332 10045 31 17463 332 65853
45264 300 62434 211 72079 332 10045 31 30773 332 65853
45264 300 62434 211 72079 332 10045 31 48144 332 65853
45264 300 62434 211 72079 332 10045 31 73755 332 65853
45264 300 62434 211 72079 332 10045 31 30094 332 65853
45264 300 62434 211 72079 332 10045 31 22957 332 65853
45264 300 62434 211 72079 332 10045 31 66788 332 65853
45264 300 62434 211 72079 332 10045 31 22809 332 65853
45264 300 62434 211 72079 332 10045 31 53860 332 65853
45264 300 62434 211 72079 332 10045 31 65295 332 65853
45264 300 62434 211 72079 332 10045 31 69289 332 65853
45264 300 62434 211 72079 332 10045 31 58909 332 65853
45264 300 62434 211 72079 332 10045 31 65294 332 65853
45264 300 62434 211 72079 332 10045 31 73529 332 65853
45264 300 62434 211 72079 332 10045 31 4892 332 65853
45264 300 62434 211 72079 332 10045 31 61321 332 65853
45264 300 62434 211 72079 332 10045 31 29119 332 65853
45264 300 62434 211 72079 332 10045 31 44380 332 65853
45264 300 62434 211 72079 332 10045 31 43571 332 65853
45264 300 62434 211 72079 332 10045 31 39775 332 65853
45264 300 62434 211 72079 332 10045 31 50458 332 65853
45264 300 62434 211 72079 332 10045 31 67639 332 65853
45264 300 62434 211 72079 332 10045 31 58576 332 65853
45264 300 62434 211 72079 332 10045 31 10715 332 65853
45264 300 62434 211 72079 332 10045 31 64688 332 65853
45264 300 62434 211 72079 332 10045 31 29596 332 65853
45264 300 62434 211 72079 332 10045 31 25912 332 65853
45264 300 62434 211 72079 332 10045 31 75463 332 65853
45264 300 62434 211 72079 332 10045 31 42736 332 65853
45264 300 62434 211 72079 332 10045 31 74467 332 65853
45264 300 62434 211 72079 332 10045 31 4305 332 65853
45264 300 62434 211 72079 332 10045 31 46309 332 65853
45264 300 62434 211 72079 332 10045 31 37598 332 65853
45264 300 62434 211 72079 332 10045 31 36312 332 65853
45264 300 62434 211 72079 332 10045 31 983 332 65853
45264 300 62434 211 72079 332 10045 31 35564 332 65853
45264 300 62434 211 72079 332 10045 31 11961 332 65853
45264 300 62434 211 72079 332 10045 31 41239 332 65853
45264 300 62434 211 72079 332 10045 31 22642 332 65853
45264 300 62434 211 72079 332 10045 31 10694 332 65853
45264 300 62434 211 72079 332 10045 31 5992 332 65853
45264 300 62434 211 72079 332 10045 31 18223 332 65853
45264 300 62434 211 72079 332 10045 31 34318 332 65853
45264 300 62434 211 72079 332 10045 31 57633 332 65853
45264 300 62434 211 72079 332 10045 31 5174 332 65853
45264 300 62434 211 72079 332 10045 31 35621 332 65853
45264 300 62434 211 72079 332 10045 31 22720 332 65853
45264 300 62434 211 72079 332 10045 31 53211 332 65853
45264 300 62434 211 72079 332 10045 31 63591 332 65853
45264 300 62434 211 72079 332 10045 31 14898 332 65853
45264 300 62434 211 72079 332 10045 31 23861 332 65853
45264 300 62434 211 72079 332 10045 31 54314 332 65853
45264 300 62434 211 72079 332 10045 31 55274 332 65853
45264 300 62434 211 72079 332 10045 31 30068 332 65853
45264 300 62434 211 72079 332 10045 31 6451 332 65853
45264 300 62434 211 72079 332 10045 31 36571 332 65853
45264 300 62434 211 72079 332 10045 31 736 332 65853
45264 300 62434 211 72079 332 10045 31 9726 332 65853
45264 300 62434 211 72079 332 10045 31 28484 332 65853
45264 300 62434 211 72079 332 10045 31 70259 332 65853
45264 300 62434 211 72079 332 10045 31 14496 332 65853
45264 300 62434 211 72079 332 10045 31 11032 332 65853
45264 300 62434 211 72079 332 10045 31 21623 332 65853
45264 300 62434 211 72079 332 10045 31 12723 332 65853
45264 300 62434 211 72079 332 10045 31 11264 332 65853
45264 300 62434 211 72079 332 10045 31 15281 332 65853
45264 300 62434 211 72079 332 10045 31 71744 332 65853
45264 300 62434 211 72079 332 10045 31 21584 332 65853
45264 300 62434 211 72079 332 10045 31 15757 332 65853
45264 300 62434 211 72079 332 10045 31 2451 332 65853
45264 300 62434 211 72079 332 10045 31 16321 332 65853
45264 300 62434 211 72079 332 10045 31 35217 332 65853
45264 300 62434 211 72079 332 10045 31 36892 332 65853
45264 300 62434 211 72079 332 10045 31 13763 332 65853
45264 300 62434 211 72079 332 10045 31 1679 332 65853
45264 300 62434 211 72079 332 10045 31 28569 332 65853
45264 300 62434 211 72079 332 10045 31 20969 332 65853
45264 300 62434 211 72079 332 10045 31 15091 332 65853
45264 300 62434 211 72079 332 10045 31 45570 332 65853
45264 300 62434 211 72079 332 10045 31 14216 332 65853
45264 300 62434 211 72079 332 10045 31 25090 332 65853
45264 300 62434 211 72079 332 10045 31 38634 332 65853
45264 300 62434 211 72079 332 10045 31 10448 332 65853
45264 300 62434 211 72079 332 10045 31 64211 332 65853
45264 300 62434 211 72079 332 10045 31 16902 332 65853
45264 300 62434 211 72079 332 10045 31 14405 332 65853
45264 300 62434 211 72079 332 10045 31 40305 332 65853
45264 300 62434 211 72079 332 10045 31 44651 332 65853
45264 300 62434 211 72079 332 10045 31 58796 332 65853
45264 300 62434 211 72079 332 10045 31 17774 332 65853
45264 300 62434 211 72079 332 10045 31 62098 332 65853
45264 300 62434 211 72079 332 10045 31 4833 332 65853
45264 300 62434 211 72079 332 10045 31 69544 332 65853
45264 300 62434 211 72079 332 10045 31 67973 332 65853
45264 300 62434 211 72079 332 10045 31 6544 332 65853
45264 300 62434 211 72079 332 10045 31 4992 332 65853
45264 300 62434 211 72079 332 10045 31 36323 332 65853
45264 300 62434 211 72079 332 10045 31 15479 332 65853
45264 300 62434 211 72079 332 10045 31 67502 332 65853
45264 300 62434 211 72079 332 10045 31 59128 332 65853
45264 300 62434 211 72079 332 10045 31 10103 332 65853
45264 300 62434 211 72079 332 10045 31 56435 332 65853
45264 300 62434 211 72079 332 10045 31 73840 332 65853
45264 300 62434 211 72079 332 10045 31 7314 332 65853
45264 300 62434 211 72079 332 10045 31 50985 332 65853
45264 300 62434 211 72079 332 10045 31 16438 332 65853
45264 300 62434 211 72079 332 10045 31 22383 332 65853
45264 300 62434 211 72079 332 10045 31 73103 332 65853
45264 300 62434 211 72079 332 10045 31 43314 332 65853
45264 300 62434 211 72079 332 10045 31 70778 332 65853
45264 300 62434 211 72079 332 10045 31 1541 332 65853
45264 300 62434 211 72079 332 10045 31 19361 332 65853
45264 300 62434 211 72079 332 10045 31 48202 332 65853
45264 300 62434 211 72079 332 10045 31 63979 332 65853
45264 300 62434 211 72079 332 10045 31 64296 332 65853
45264 300 62434 211 72079 332 10045 31 55099 332 65853
45264 300 62434 211 72079 332 10045 31 26905 332 65853
45264 300 62434 211 72079 332 10045 31 19870 332 65853
45264 300 62434 211 72079 332 10045 31 20344 332 65853
45264 300 62434 211 72079 332 10045 31 7746 332 65853
45264 300 62434 211 72079 332 10045 31 12132 332 65853
45264 300 62434 211 72079 332 10045 31 16246 332 65853
45264 300 62434 211 72079 332 10045 31 6370 332 65853
45264 300 62434 211 72079 332 10045 31 16117 332 65853
45264 300 62434 211 72079 332 10045 31 6057 332 65853
45264 300 62434 211 72079 332 10045 31 14746 332 65853
45264 300 62434 211 72079 332 10045 31 22644 332 65853
45264 300 62434 211 72079 332 10045 31 65232 332 65853
45264 300 62434 211 72079 332 10045 31 6957 332 65853
45264 300 62434 211 72079 332 10045 31 23225 332 65853
45264 300 62434 211 72079 332 10045 31 37462 332 65853
45264 300 62434 211 72079 332 1705 31 75234 332 65853
45264 300 62434 211 72079 332 1705 31 8969 332 65853
45264 300 62434 211 72079 332 1705 31 72112 332 65853
45264 300 62434 211 72079 332 1705 31 21767 332 65853
45264 300 62434 211 72079 332 1705 31 44772 332 65853
45264 300 62434 211 72079 332 1705 31 52569 332 65853
45264 300 62434 211 72079 332 1705 31 17761 332 65853
45264 300 62434 211 72079 332 1705 31 71258 332 65853
45264 300 62434 211 72079 332 1705 31 68895 332 65853
45264 300 62434 211 72079 332 1705 31 1026 332 65853
45264 300 62434 211 72079 332 1705 31 34863 332 65853
45264 300 62434 211 72079 332 1705 31 35018 332 65853
45264 300 62434 211 72079 332 1705 31 53014 332 65853
45264 300 62434 211 72079 332 1705 31 487 332 65853
45264 300 62434 211 72079 332 1705 31 73769 332 65853
45264 300 62434 211 72079 332 1705 31 503 332 65853
45264 300 62434 211 72079 332 1705 31 47656 332 65853
45264 300 62434 211 72079 332 60031 31 685 332 65853
45264 300 62434 211 72079 332 60031 31 46820 332 65853
45264 300 62434 211 72079 332 65855 31 53291 332 65853
45264 300 62434 211 72079 332 65855 31 60465 332 65853
45264 300 62434 211 72079 332 65855 31 9707 332 65853
45264 300 62434 211 72079 332 65855 31 23069 332 65853
45264 300 62434 211 72079 332 65855 31 749 332 65853
45264 300 62434 211 72079 332 65855 31 22840 332 65853
45264 300 62434 211 72079 332 65855 31 73523 332 65853
45264 300 62434 211 72079 332 65855 31 36629 332 65853
45264 300 62434 211 72079 332 65855 31 57808 332 65853
45264 300 62434 211 72079 332 65855 31 20269 332 65853
45264 300 62434 211 72079 332 65855 31 32402 332 65853
45264 300 62434 211 72079 332 65855 31 11134 332 65853
45264 300 62434 211 72079 332 65855 31 49905 332 65853
45264 300 62434 211 72079 332 65855 31 66116 332 65853
45264 300 62434 211 72079 332 65855 31 62426 332 65853
45264 300 62434 211 72079 332 65855 31 39597 332 65853
45264 300 62434 211 72079 332 65855 31 28782 332 65853
45264 300 62434 211 72079 332 65855 31 29655 332 65853
45264 300 62434 211 72079 332 65855 31 1279 332 65853
45264 300 62434 211 72079 332 65855 31 38355 332 65853
45264 300 62434 211 72079 332 65855 31 18535 332 65853
45264 300 62434 211 72079 332 65855 31 7609 332 65853
45264 300 62434 211 72079 332 65855 31 15604 332 65853
45264 300 62434 211 72079 332 65855 31 24552 332 65853
45264 300 62434 211 72079 332 65855 31 25131 332 65853
45264 300 62434 211 72079 332 65855 31 31645 332 65853
45264 300 62434 211 72079 332 65855 31 485 332 65853
45264 300 62434 211 72079 332 65855 31 16914 332 65853
45264 300 62434 211 72079 332 65855 31 38123 332 65853
45264 300 62434 211 72079 332 65855 31 47505 332 65853
45264 300 62434 211 72079 332 65855 31 56019 332 65853
45264 300 62434 211 72079 332 65855 31 59650 332 65853
45264 300 62434 211 72079 332 65855 31 54964 332 65853
45264 300 62434 211 72079 332 65855 31 11789 332 65853
45264 300 62434 211 72079 332 65855 31 18987 332 65853
45264 300 62434 211 72079 332 65855 31 26840 332 65853
45264 300 62434 211 72079 332 65855 31 14655 332 65853
45264 300 62434 211 72079 332 65855 31 60868 332 65853
45264 300 62434 211 72079 332 65855 31 14915 332 65853
45264 300 62434 211 72079 332 65855 31 1775 332 65853
45264 300 62434 211 72079 332 65855 31 45416 332 65853
45264 300 62434 211 72079 332 65855 31 67015 332 65853
45264 300 62434 211 72079 332 65855 31 15607 332 65853
45264 300 62434 211 72079 332 65855 31 4963 332 65853
45264 300 62434 211 72079 332 65855 31 3628 332 65853
45264 300 62434 211 72079 332 65855 31 73651 332 65853
45264 300 62434 211 72079 332 65855 31 5631 332 65853
45264 300 62434 211 72079 332 65855 31 50816 332 65853
45264 300 62434 211 72079 332 65855 31 31867 332 65853
45264 300 62434 211 72079 332 65855 31 64739 332 65853
45264 300 62434 211 72079 332 65855 31 16962 332 65853
45264 300 62434 211 72079 332 65855 31 50651 332 65853
45264 300 62434 211 72079 332 65855 31 4159 332 65853
45264 300 62434 211 72079 332 65855 31 39117 332 65853
45264 300 62434 211 72079 332 65855 31 3087 332 65853
45264 300 62434 211 72079 332 65855 31 54983 332 65853
45264 300 62434 211 72079 332 65855 31 58800 332 65853
45264 300 62434 211 72079 332 65855 31 7018 332 65853
45264 300 62434 211 72079 332 65855 31 36130 332 65853
45264 300 62434 211 72079 332 65855 31 64471 332 65853
45264 300 62434 211 72079 332 65855 31 56359 332 65853
45264 300 62434 211 72079 332 65855 31 60674 332 65853
45264 300 62434 211 72079 332 65855 31 43265 332 65853
45264 300 62434 211 72079 332 65855 31 14595 332 65853
45264 300 62434 211 72079 332 65855 31 7135 332 65853
45264 300 62434 211 72079 332 65855 31 28680 332 65853
45264 300 62434 211 72079 332 65855 31 60871 332 65853
45264 300 62434 211 72079 332 65855 31 24743 332 65853
45264 300 62434 211 72079 332 65855 31 65956 332 65853
45264 300 62434 211 72079 332 65855 31 57035 332 65853
45264 300 62434 211 72079 332 65855 31 5926 332 65853
45264 300 62434 211 72079 332 65855 31 59065 332 65853
45264 300 62434 211 72079 332 65855 31 37611 332 65853
45264 300 62434 211 72079 332 65855 31 4537 332 65853
45264 300 62434 211 72079 332 65855 31 49502 332 65853
45264 300 62434 211 72079 332 65855 31 63954 332 65853
45264 300 62434 211 72079 332 65855 31 25889 332 65853
45264 300 62434 211 72079 332 65855 31 48285 332 65853
45264 300 62434 211 72079 332 65855 31 25372 332 65853
45264 300 62434 211 72079 332 65855 31 38817 332 65853
45264 300 62434 211 72079 332 65855 31 67588 332 65853
45264 300 62434 211 72079 332 65855 31 6345 332 65853
45264 300 62434 211 72079 332 65855 31 21051 332 65853
45264 300 62434 211 72079 332 65855 31 1879 332 65853
45264 300 62434 211 72079 332 65855 31 46669 332 65853
45264 300 62434 211 72079 332 65855 31 45860 332 65853
45264 300 62434 211 72079 332 65855 31 57287 332 65853
45264 300 62434 211 72079 332 65855 31 55642 332 65853
45264 300 62434 211 72079 332 65855 31 36298 332 65853
45264 300 62434 211 72079 332 65855 31 69214 332 65853
45264 300 62434 211 72079 332 65855 31 23389 332 65853
45264 300 62434 211 72079 332 65855 31 67407 332 65853
45264 300 62434 211 72079 332 65855 31 44377 332 65853
45264 300 62434 211 72079 332 65855 31 62219 332 65853
45264 300 62434 211 72079 332 65855 31 72979 332 65853
45264 300 62434 211 72079 332 65855 31 5019 332 65853
45264 300 62434 211 72079 332 65855 31 20451 332 65853
45264 300 62434 211 72079 332 65855 31 57306 332 65853
45264 300 62434 211 72079 332 65855 31 32653 332 65853
45264 300 62434 211 72079 332 65855 31 4960 332 65853
45264 300 62434 211 72079 332 65855 31 4108 332 65853
45264 300 62434 211 72079 332 65855 31 74624 332 65853
45264 300 62434 211 72079 332 65857 31 62592 332 65853
45264 300 62434 211 72079 332 65857 31 30845 332 65853
45264 300 62434 211 72079 332 65857 31 6362 332 65853
45264 300 62434 211 72079 332 65857 31 29057 332 65853
45264 300 62434 211 72079 332 65857 31 69379 332 65853
45264 300 62434 211 72079 332 65857 31 20258 332 65853
45264 300 62434 211 72079 332 65857 31 28531 332 65853
45264 300 62434 211 72079 332 65857 31 70376 332 65853
45264 300 62434 211 72079 332 65857 31 21739 332 65853
45264 300 62434 211 72079 332 65857 31 19930 332 65853
45264 300 62434 211 72079 332 65857 31 64300 332 65853
45264 300 62434 211 72079 332 65857 31 29358 332 65853
45264 300 62434 211 72079 332 65857 31 19275 332 65853
45264 300 62434 211 72079 332 65857 31 53112 332 65853
45264 300 62434 211 72079 332 65857 31 52160 332 65853
45264 300 62434 211 72079 332 65857 31 74451 332 65853
45264 300 62434 211 72079 332 65857 31 36018 332 65853
45264 300 62434 211 72079 332 65857 31 62826 332 65853
45264 300 62434 211 72079 332 65857 31 37163 332 65853
45264 300 62434 211 72079 332 65857 31 9727 332 65853
45264 300 62434 211 72079 332 65857 31 7764 332 65853
45264 300 62434 211 72079 332 65857 31 16722 332 65853
45264 300 62434 211 72079 332 65857 31 8284 332 65853
45264 300 62434 211 72079 332 65857 31 36752 332 65853
45264 300 62434 211 72079 332 65857 31 18843 332 65853
45264 300 62434 211 72079 332 65857 31 61962 332 65853
45264 300 62434 211 72079 332 65857 31 45349 332 65853
45264 300 62434 211 72079 332 65857 31 12237 332 65853
45264 300 62434 211 72079 332 65857 31 63326 332 65853
45264 300 62434 211 72079 332 65857 31 23479 332 65853
45264 300 62434 211 72079 332 65857 31 57550 332 65853
45264 300 62434 211 72079 332 65857 31 9817 332 65853
45264 300 62434 211 72079 332 65857 31 20513 332 65853
45264 300 62434 211 72079 332 65857 31 43267 332 65853
45264 300 62434 211 72079 332 65856 31 40263 332 65853
45264 300 62434 211 72079 332 65856 31 7948 332 65853
45264 300 62434 211 72079 332 65856 31 13891 332 65853
45264 300 62434 211 72079 332 65856 31 61170 332 65853
45264 300 62434 211 72079 332 65856 31 36726 332 65853
45264 300 62434 211 72079 332 65856 31 48211 332 65853
45264 300 62434 211 72079 332 65856 31 34380 332 65853
45264 300 62434 211 72079 332 65856 31 67999 332 65853
45264 300 62434 211 72079 332 65856 31 63304 332 65853
45264 300 62434 211 72079 332 65856 31 604 332 65853
45264 300 62434 211 72079 332 29052 31 19430 332 65853
45264 300 62434 211 72079 332 29052 31 51865 332 65853
45264 300 62434 211 72079 332 29052 31 11640 332 65853
45264 300 62434 211 72079 332 29052 31 51822 332 65853
45264 300 62434 211 72079 332 29052 31 49542 332 65853
45264 300 62434 211 72079 332 29052 31 12991 332 65853
45264 300 62434 211 72079 332 29052 31 54334 332 65853
45264 300 62434 211 72079 332 29052 31 35029 332 65853
45264 300 62434 211 72079 332 29052 31 54149 332 65853
45264 300 62434 211 72079 332 29052 31 51623 332 65853
45264 300 62434 211 72079 332 29052 31 12194 332 65853
45264 300 62434 211 72079 332 29052 31 3134 332 65853
45264 300 62434 211 72079 332 29052 31 59900 332 65853
45264 300 62434 211 72079 332 29052 31 49845 332 65853
45264 300 62434 211 72079 332 29052 31 43013 332 65853
45264 300 62434 211 72079 332 29052 31 59235 332 65853
45264 300 62434 211 72079 332 29052 31 67138 332 65853
45264 300 62434 211 72079 332 29052 31 38673 332 65853
45264 300 62434 211 72079 332 29052 31 38613 332 65853
45264 300 62434 211 72079 332 29052 31 58363 332 65853
45264 300 62434 211 72079 332 29052 31 649 332 65853
45264 300 62434 211 72079 332 29052 31 27970 332 65853
45264 300 62434 211 72079 332 29052 31 55831 332 65853
45264 300 62434 211 72079 332 29052 31 40702 332 65853
45264 300 62434 211 72079 332 29052 31 48664 332 65853
45264 300 62434 211 72079 332 29052 31 72343 332 65853
45264 300 62434 211 72079 332 29052 31 54520 332 65853
45264 300 62434 211 72079 332 29052 31 19065 332 65853
45264 300 62434 211 72079 332 29052 31 7519 332 65853
45264 300 62434 211 72079 332 29052 31 43048 332 65853
45264 300 62434 211 72079 332 29052 31 56438 332 65853
45264 300 62434 211 72079 332 29052 31 26700 332 65853
45264 300 62434 211 72079 332 29052 31 64127 332 65853
45264 300 62434 211 72079 332 29052 31 26371 332 65853
45264 300 62434 211 72079 332 29052 31 63843 332 65853
45264 300 62434 211 72079 332 29052 31 37294 332 65853
45264 300 62434 211 72079 332 29052 31 45200 332 65853
45264 300 62434 211 72079 332 29052 31 38910 332 65853
45264 300 62434 211 72079 332 29052 31 24754 332 65853
45264 300 62434 211 72079 332 29052 31 32036 332 65853
45264 300 62434 211 72079 332 29052 31 37287 332 65853
45264 300 62434 211 72079 332 29065 31 34670 332 65853
45264 300 62434 211 72079 332 29065 31 15996 332 65853
45264 300 62434 211 72079 332 29065 31 33185 332 65853
45264 300 62434 211 72079 332 29065 31 39163 332 65853
45264 300 62434 211 72079 332 29065 31 34684 332 65853
45264 300 62434 211 72079 332 29065 31 52531 332 65853
45264 300 62434 211 72079 332 29065 31 18920 332 65853
45264 300 62434 211 72079 332 29065 31 10885 332 65853
45264 300 62434 211 72079 332 29065 31 61721 332 65853
45264 300 62434 211 72079 332 29065 31 14928 332 65853
45264 300 62434 211 72079 332 29065 31 74572 332 65853
45264 300 62434 211 72079 332 29065 31 17714 332 65853
45264 300 62434 211 72079 332 29065 31 69720 332 65853
45264 300 62434 211 72079 332 29065 31 55949 332 65853
45264 300 62434 211 72079 332 29065 31 1249 332 65853
45264 300 62434 211 72079 332 29065 31 67962 332 65853
45264 300 62434 211 72079 332 29065 31 26179 332 65853
45264 300 62434 211 72079 332 29065 31 15240 332 65853
45264 300 62434 211 72079 332 29065 31 70033 332 65853
45264 300 62434 211 72079 332 29065 31 9825 332 65853
45264 300 62434 211 72079 332 29065 31 33667 332 65853
45264 300 62434 211 72079 332 29065 31 28672 332 65853
45264 300 62434 211 72079 332 29065 31 6656 332 65853
45264 300 62434 211 72079 332 29065 31 14576 332 65853
45264 300 62434 211 72079 332 29065 31 75173 332 65853
45264 300 62434 211 72079 332 29065 31 58243 332 65853
45264 300 62434 211 72079 332 29065 31 31767 332 65853
45264 300 62434 211 72079 332 29064 31 11406 332 65853
45264 300 62434 211 72079 332 29064 31 64944 332 65853
45264 300 62434 211 72079 332 29064 31 17134 332 65853
45264 300 62434 211 72079 332 29064 31 69964 332 65853
45264 300 62434 211 72079 332 29064 31 47344 332 65853
45264 300 62434 211 72079 332 29064 31 35021 332 65853
45264 300 62434 211 72079 332 29064 31 6277 332 65853
45264 300 62434 211 72079 332 29064 31 28832 332 65853
45264 300 62434 211 72079 332 29064 31 15353 332 65853
45264 300 62434 211 72079 332 29064 31 72748 332 65853
45264 300 62434 211 72079 332 29064 31 63941 332 65853
45264 300 62434 211 72079 332 29064 31 48574 332 65853
45264 300 62434 211 72079 332 29064 31 2607 332 65853
45264 300 62434 211 72079 332 29064 31 23009 332 65853
45264 300 62434 211 72079 332 29064 31 70026 332 65853
45264 300 62434 211 72079 332 29064 31 3409 332 65853
45264 300 62434 211 72079 332 29064 31 75274 332 65853
45264 300 62434 211 72079 332 29064 31 18164 332 65853
45264 300 62434 211 72079 332 29064 31 678 332 65853
45264 300 62434 211 72079 332 23453 31 41496 332 65853
45264 300 62434 211 72079 332 23453 31 63417 332 65853
45264 300 62434 211 72079 332 23453 31 44132 332 65853
45264 300 62434 211 72079 332 23453 31 13045 332 65853
45264 300 62434 211 72079 332 23453 31 4800 332 65853
45264 300 62434 211 72079 332 23453 31 13139 332 65853
45264 300 62434 211 72079 332 23453 31 52183 332 65853
45264 300 62434 211 72079 332 23453 31 49384 332 65853
45264 300 62434 211 72079 332 23453 31 64213 332 65853
45264 300 62434 211 72079 332 23453 31 38138 332 65853
45264 300 62434 211 72079 332 23453 31 26963 332 65853
45264 300 62434 211 72079 332 23453 31 14960 332 65853
45264 300 62434 211 72079 332 23453 31 627 332 65853
45264 300 62434 211 72079 332 3992 31 23889 332 65853
45264 300 62434 211 72079 383 69092 294 12601 332 65853
45264 300 62434 211 72079 297 61222 231 69270 332 65853
45264 300 62434 211 38128 85 17058 214 51063 332 65853
45264 300 62434 211 72862 369 53811 277 63860 332 65853
45264 300 62434 211 73460 332 65861 31 12975 332 65853
45264 300 62434 211 65908 114 72858 397 41728 332 65853
45264 300 62434 211 37898 348 57047 364 65603 332 65853
45264 300 62434 211 16927 114 33504 155 10760 332 65853
45264 300 62434 211 32131 290 36030 373 61605 57 65853
45264 300 62434 211 40314 52 22952 240 60908 332 65853
45264 300 62434 211 72079 332 29064 31 23009 240 70509 332 65853
