46639 332 68805
46639 332 68807 31 46821 332 68805
46639 332 68807 31 72637 332 68805
46639 332 68807 31 37109 332 68805
46639 332 68807 31 42633 332 68805
46639 332 68807 31 32723 332 68805
46639 332 68807 31 1444 332 68805
46639 332 68807 31 61721 332 68805
46639 332 68807 31 67997 332 68805
46639 332 68807 31 22809 332 68805
46639 332 68807 31 6987 332 68805
46639 332 68807 31 58804 332 68805
46639 332 68807 31 32357 332 68805
46639 332 68807 31 29174 332 68805
46639 332 68807 31 12330 332 68805
46639 332 68807 31 27960 332 68805
46639 332 68807 31 70625 332 68805
46639 332 68807 31 73556 332 68805
46639 332 68807 31 25928 332 68805
46639 332 68807 31 17692 332 68805
46639 332 68807 31 57819 332 68805
46639 332 68807 31 6534 332 68805
46639 332 68807 31 28376 332 68805
46639 332 68807 31 58806 332 68805
46639 332 68807 31 19847 332 68805
46639 332 68807 31 3650 332 68805
46639 332 68807 31 11708 332 68805
46639 332 68807 31 12956 332 68805
46639 332 68807 31 20213 332 68805
46639 332 68807 31 29493 332 68805
46639 332 26184 31 36458 332 68805
46639 332 26184 31 37302 332 68805
46639 332 68807 31 1444 383 25110 332 68805
46639 332 68807 31 25928 358 26332 332 68805
46639 332 68807 369 69092 294 4830 332 68805
46639 332 68807 369 69092 294 68560 332 68805
46639 332 68807 369 69092 277 3042 332 68805
46639 332 26184 31 40314 52 19960 332 68805
46639 332 68807 31 72637 332 65855 31 4892 332 68805
46639 332 68807 31 72637 332 65855 31 29129 332 68805
46639 332 68807 31 72637 332 65855 31 7646 332 68805
46639 332 68807 31 72637 332 65855 31 26710 332 68805
46639 332 68807 31 72637 332 65855 31 59071 332 68805
46639 332 68807 31 72637 332 68803 31 1773 332 68805
46639 332 68807 31 72637 332 68803 31 16332 332 68805
46639 332 68807 31 72637 332 68803 31 70915 332 68805
46639 332 68807 31 72637 332 68803 31 57818 332 68805
46639 332 68807 31 72637 332 68803 31 46670 332 68805
46639 332 68807 31 72637 332 68803 31 64210 332 68805
46639 332 68807 31 72637 332 68803 31 26343 332 68805
46639 332 68807 31 72637 332 6058 31 31272 332 68805
46639 332 68807 31 72637 332 6058 31 74947 332 68805
46639 332 68807 31 72637 332 29052 31 36971 332 68805
46639 332 68807 31 72637 332 29052 31 35029 332 68805
46639 332 68807 31 72637 369 33054 277 20904 332 68805
46639 332 68807 31 32723 300 66239 88 15033 332 68805
46639 332 68807 31 3650 93 73838 52 71392 332 68805
