46639 332 26184
46639 332 68807 31 72637 332 26184
46639 332 68807 31 70916 332 26184
46639 332 68807 31 32723 332 26184
46639 332 68807 31 20653 332 26184
46639 332 68807 31 65908 332 26184
46639 332 68807 31 1444 332 26184
46639 332 68807 31 67997 332 26184
46639 332 68807 31 22809 332 26184
46639 332 68807 31 26466 332 26184
46639 332 68807 31 6987 332 26184
46639 332 68807 31 68470 332 26184
46639 332 68807 31 32357 332 26184
46639 332 68807 31 12330 332 26184
46639 332 68807 31 4445 332 26184
46639 332 68807 31 27960 332 26184
46639 332 68807 31 73559 332 26184
46639 332 68807 31 17692 332 26184
46639 332 68807 31 6534 332 26184
46639 332 68807 31 28376 332 26184
46639 332 68807 31 3650 332 26184
46639 332 68807 31 17630 332 26184
46639 332 68807 31 11708 332 26184
46639 332 68807 31 12956 332 26184
46639 332 68807 31 20213 332 26184
46639 332 68807 31 29493 332 26184
46639 332 68807 31 15032 332 26184
46639 332 68805 31 36458 332 26184
46639 332 68805 31 37302 332 26184
46639 332 68807 31 1444 383 19933 332 26184
46639 332 68807 31 11708 240 57616 332 26184
46639 332 68807 369 69092 294 32937 332 26184
46639 332 68807 369 69092 294 40314 332 26184
46639 332 68807 369 69092 294 71006 332 26184
46639 332 68807 369 69092 294 65174 332 26184
46639 332 68807 31 72637 332 65855 31 13243 332 26184
46639 332 68807 31 72637 332 65855 31 30094 332 26184
46639 332 68807 31 72637 332 65855 31 33132 332 26184
46639 332 68807 31 72637 332 65855 31 60674 332 26184
46639 332 68807 31 72637 332 65855 31 67768 332 26184
46639 332 68807 31 72637 332 65855 31 17345 332 26184
46639 332 68807 31 72637 332 68803 31 25871 332 26184
46639 332 68807 31 72637 332 68803 31 38729 332 26184
46639 332 68807 31 72637 332 68803 31 2783 332 26184
46639 332 68807 31 72637 332 29052 31 31661 332 26184
46639 332 68807 31 72637 332 29052 31 20603 332 26184
46639 332 68807 31 72637 332 29065 31 48552 332 26184
46639 332 68807 31 72637 332 23453 31 12578 332 26184
46639 332 68807 31 65908 297 61222 231 14302 332 26184
