50024 332 40312
50024 143 69742 113 59220 332 40312
50024 143 69742 113 6534 332 40312
50024 143 69742 113 58806 332 40312
50024 332 65855 31 72079 332 40312
50024 332 65855 31 5454 332 40312
50024 332 65855 31 12741 332 40312
50024 332 65855 31 65908 332 40312
50024 332 65855 31 68049 332 40312
50024 332 65855 31 30109 332 40312
50024 332 65855 31 67218 332 40312
50024 332 65855 31 47399 332 40312
50024 332 65855 31 17167 332 40312
50024 332 65855 31 1444 332 40312
50024 332 65855 31 2748 332 40312
50024 332 65855 31 13243 332 40312
50024 332 65855 31 22809 332 40312
50024 332 65855 31 32357 332 40312
50024 332 65855 31 35880 332 40312
50024 332 65855 31 62148 332 40312
50024 332 65855 31 46210 332 40312
50024 332 65855 31 33132 332 40312
50024 332 65855 31 6715 332 40312
50024 332 65855 31 27960 332 40312
50024 332 65855 31 53262 332 40312
50024 332 65855 31 70625 332 40312
50024 332 65855 31 64739 332 40312
50024 332 65855 31 8765 332 40312
50024 332 65855 31 47107 332 40312
50024 332 65855 31 36156 332 40312
50024 332 65855 31 24688 332 40312
50024 332 65855 31 53407 332 40312
50024 332 65855 31 32824 332 40312
50024 332 65855 31 45649 332 40312
50024 332 65855 31 44074 332 40312
50024 332 65855 31 25928 332 40312
50024 332 65855 31 11565 332 40312
50024 332 65855 31 57819 332 40312
50024 332 65855 31 49084 332 40312
50024 332 65855 31 20003 332 40312
50024 332 65855 31 32937 332 40312
50024 332 65855 31 17630 332 40312
50024 332 65855 31 19694 332 40312
50024 332 65855 31 69182 332 40312
50024 332 65855 31 2286 332 40312
50024 332 65855 31 23082 332 40312
50024 332 65855 31 29493 332 40312
50024 332 65855 369 19933 277 40312
50024 332 65855 369 69092 277 40312
50024 332 65853 31 30522 332 40312
50024 332 29065 31 73560 332 40312
