53291 332 65856
53291 332 65853 31 15024 332 65856
53291 332 65853 31 70136 332 65856
53291 332 65853 31 44925 332 65856
53291 332 65853 31 24403 332 65856
53291 332 65853 31 65268 332 65856
53291 332 65853 31 72079 332 65856
53291 332 65853 31 20140 332 65856
53291 332 65853 31 73627 332 65856
53291 332 65853 31 15790 332 65856
53291 332 65853 31 64880 332 65856
53291 332 65853 31 25616 332 65856
53291 332 65853 31 56854 332 65856
53291 332 65853 31 70122 332 65856
53291 332 65853 31 40671 332 65856
53291 332 65853 31 14264 332 65856
53291 332 65853 31 62592 332 65856
53291 332 65853 31 43189 332 65856
53291 332 65853 31 1549 332 65856
53291 332 65853 31 71935 332 65856
53291 332 65853 31 2904 332 65856
53291 332 65853 31 64735 332 65856
53291 332 65853 31 39248 332 65856
53291 332 65853 31 30845 332 65856
53291 332 65853 31 60465 332 65856
53291 332 65853 31 10736 332 65856
53291 332 65853 31 5454 332 65856
53291 332 65853 31 37109 332 65856
53291 332 65853 31 58231 332 65856
53291 332 65853 31 37724 332 65856
53291 332 65853 31 52436 332 65856
53291 332 65853 31 75234 332 65856
53291 332 65853 31 16161 332 65856
53291 332 65853 31 56660 332 65856
53291 332 65853 31 66245 332 65856
53291 332 65853 31 3416 332 65856
53291 332 65853 31 30490 332 65856
53291 332 65853 31 59683 332 65856
53291 332 65853 31 66295 332 65856
53291 332 65853 31 75306 332 65856
53291 332 65853 31 70701 332 65856
53291 332 65853 31 1333 332 65856
53291 332 65853 31 72862 332 65856
53291 332 65853 31 51257 332 65856
53291 332 65853 31 73523 332 65856
53291 332 65853 31 47458 332 65856
53291 332 65853 31 42633 332 65856
53291 332 65853 31 53050 332 65856
53291 332 65853 31 44399 332 65856
53291 332 65853 31 36629 332 65856
53291 332 65853 31 62256 332 65856
53291 332 65853 31 8629 332 65856
53291 332 65853 31 27362 332 65856
53291 332 65853 31 30154 332 65856
53291 332 65853 31 29057 332 65856
53291 332 65853 31 53484 332 65856
53291 332 65853 31 57808 332 65856
53291 332 65853 31 25768 332 65856
53291 332 65853 31 65908 332 65856
53291 332 65853 31 8969 332 65856
53291 332 65853 31 45140 332 65856
53291 332 65853 31 40263 332 65856
53291 332 65853 31 24865 332 65856
53291 332 65853 31 23705 332 65856
53291 332 65853 31 49905 332 65856
53291 332 65853 31 37791 332 65856
53291 332 65853 31 42618 332 65856
53291 332 65853 31 72112 332 65856
53291 332 65853 31 68168 332 65856
53291 332 65853 31 69379 332 65856
53291 332 65853 31 47435 332 65856
53291 332 65853 31 27162 332 65856
53291 332 65853 31 16968 332 65856
53291 332 65853 31 68049 332 65856
53291 332 65853 31 24855 332 65856
53291 332 65853 31 69984 332 65856
53291 332 65853 31 43497 332 65856
53291 332 65853 31 36558 332 65856
53291 332 65853 31 26151 332 65856
53291 332 65853 31 36276 332 65856
53291 332 65853 31 32830 332 65856
53291 332 65853 31 6978 332 65856
53291 332 65853 31 16104 332 65856
53291 332 65853 31 67218 332 65856
53291 332 65853 31 47399 332 65856
53291 332 65853 31 18151 332 65856
53291 332 65853 31 2405 332 65856
53291 332 65853 31 7948 332 65856
53291 332 65853 31 70550 332 65856
53291 332 65853 31 45897 332 65856
53291 332 65853 31 73217 332 65856
53291 332 65853 31 73848 332 65856
53291 332 65853 31 53002 332 65856
53291 332 65853 31 29655 332 65856
53291 332 65853 31 15303 332 65856
53291 332 65853 31 17055 332 65856
53291 332 65853 31 6934 332 65856
53291 332 65853 31 51172 332 65856
53291 332 65853 31 71135 332 65856
53291 332 65853 31 5865 332 65856
53291 332 65853 31 53912 332 65856
53291 332 65853 31 19515 332 65856
53291 332 65853 31 71389 332 65856
53291 332 65853 31 17167 332 65856
53291 332 65853 31 35180 332 65856
53291 332 65853 31 20868 332 65856
53291 332 65853 31 7609 332 65856
53291 332 65853 31 74973 332 65856
53291 332 65853 31 51036 332 65856
53291 332 65853 31 27537 332 65856
53291 332 65853 31 12757 332 65856
53291 332 65853 31 20766 332 65856
53291 332 65853 31 21767 332 65856
53291 332 65853 31 16774 332 65856
53291 332 65853 31 21807 332 65856
53291 332 65853 31 17463 332 65856
53291 332 65853 31 25131 332 65856
53291 332 65853 31 50986 332 65856
53291 332 65853 31 1444 332 65856
53291 332 65853 31 2748 332 65856
53291 332 65853 31 31066 332 65856
53291 332 65853 31 31645 332 65856
53291 332 65853 31 32512 332 65856
53291 332 65853 31 13243 332 65856
53291 332 65853 31 30773 332 65856
53291 332 65853 31 69430 332 65856
53291 332 65853 31 10512 332 65856
53291 332 65853 31 33971 332 65856
53291 332 65853 31 16914 332 65856
53291 332 65853 31 72838 332 65856
53291 332 65853 31 38123 332 65856
53291 332 65853 31 37026 332 65856
53291 332 65853 31 74887 332 65856
53291 332 65853 31 70024 332 65856
53291 332 65853 31 73755 332 65856
53291 332 65853 31 30094 332 65856
53291 332 65853 31 8653 332 65856
53291 332 65853 31 13312 332 65856
53291 332 65853 31 57305 332 65856
53291 332 65853 31 67997 332 65856
53291 332 65853 31 65174 332 65856
53291 332 65853 31 58140 332 65856
53291 332 65853 31 2527 332 65856
53291 332 65853 31 22957 332 65856
53291 332 65853 31 66788 332 65856
53291 332 65853 31 44612 332 65856
53291 332 65853 31 48048 332 65856
53291 332 65853 31 22809 332 65856
53291 332 65853 31 53860 332 65856
53291 332 65853 31 37878 332 65856
53291 332 65853 31 26466 332 65856
53291 332 65853 31 24854 332 65856
53291 332 65853 31 21739 332 65856
53291 332 65853 31 65295 332 65856
53291 332 65853 31 44772 332 65856
53291 332 65853 31 58804 332 65856
53291 332 65853 31 54964 332 65856
53291 332 65853 31 51394 332 65856
53291 332 65853 31 42693 332 65856
53291 332 65853 31 64300 332 65856
53291 332 65853 31 101 332 65856
53291 332 65853 31 73529 332 65856
53291 332 65853 31 4892 332 65856
53291 332 65853 31 68659 332 65856
53291 332 65853 31 29358 332 65856
53291 332 65853 31 9802 332 65856
53291 332 65853 31 33481 332 65856
53291 332 65853 31 72041 332 65856
53291 332 65853 31 72012 332 65856
53291 332 65853 31 32357 332 65856
53291 332 65853 31 29174 332 65856
53291 332 65853 31 26840 332 65856
53291 332 65853 31 56226 332 65856
53291 332 65853 31 56867 332 65856
53291 332 65853 31 51254 332 65856
53291 332 65853 31 44380 332 65856
53291 332 65853 31 39775 332 65856
53291 332 65853 31 57100 332 65856
53291 332 65853 31 59220 332 65856
53291 332 65853 31 18019 332 65856
53291 332 65853 31 28491 332 65856
53291 332 65853 31 12880 332 65856
53291 332 65853 31 50480 332 65856
53291 332 65853 31 50458 332 65856
53291 332 65853 31 12330 332 65856
53291 332 65853 31 24058 332 65856
53291 332 65853 31 30916 332 65856
53291 332 65853 31 52160 332 65856
53291 332 65853 31 29362 332 65856
53291 332 65853 31 58576 332 65856
53291 332 65853 31 10715 332 65856
53291 332 65853 31 74451 332 65856
53291 332 65853 31 64688 332 65856
53291 332 65853 31 36458 332 65856
53291 332 65853 31 70287 332 65856
53291 332 65853 31 61075 332 65856
53291 332 65853 31 1775 332 65856
53291 332 65853 31 52683 332 65856
53291 332 65853 31 9105 332 65856
53291 332 65853 31 25912 332 65856
53291 332 65853 31 48726 332 65856
53291 332 65853 31 14616 332 65856
53291 332 65853 31 62148 332 65856
53291 332 65853 31 14630 332 65856
53291 332 65853 31 74876 332 65856
53291 332 65853 31 17512 332 65856
53291 332 65853 31 49456 332 65856
53291 332 65853 31 72283 332 65856
53291 332 65853 31 46210 332 65856
53291 332 65853 31 74467 332 65856
53291 332 65853 31 14740 332 65856
53291 332 65853 31 11363 332 65856
53291 332 65853 31 45416 332 65856
53291 332 65853 31 49417 332 65856
53291 332 65853 31 58769 332 65856
53291 332 65853 31 36540 332 65856
53291 332 65853 31 33132 332 65856
53291 332 65853 31 61661 332 65856
53291 332 65853 31 57341 332 65856
53291 332 65853 31 12442 332 65856
53291 332 65853 31 51287 332 65856
53291 332 65853 31 72693 332 65856
53291 332 65853 31 69019 332 65856
53291 332 65853 31 39397 332 65856
53291 332 65853 31 3628 332 65856
53291 332 65853 31 6715 332 65856
53291 332 65853 31 27960 332 65856
53291 332 65853 31 38459 332 65856
53291 332 65853 31 59279 332 65856
53291 332 65853 31 53262 332 65856
53291 332 65853 31 70625 332 65856
53291 332 65853 31 13891 332 65856
53291 332 65853 31 50816 332 65856
53291 332 65853 31 20793 332 65856
53291 332 65853 31 31867 332 65856
53291 332 65853 31 56532 332 65856
53291 332 65853 31 43655 332 65856
53291 332 65853 31 61170 332 65856
53291 332 65853 31 35564 332 65856
53291 332 65853 31 70529 332 65856
53291 332 65853 31 64739 332 65856
53291 332 65853 31 65305 332 65856
53291 332 65853 31 36726 332 65856
53291 332 65853 31 52920 332 65856
53291 332 65853 31 74737 332 65856
53291 332 65853 31 8966 332 65856
53291 332 65853 31 62826 332 65856
53291 332 65853 31 37720 332 65856
53291 332 65853 31 8765 332 65856
53291 332 65853 31 66019 332 65856
53291 332 65853 31 47194 332 65856
53291 332 65853 31 11292 332 65856
53291 332 65853 31 11961 332 65856
53291 332 65853 31 74574 332 65856
53291 332 65853 31 41239 332 65856
53291 332 65853 31 53593 332 65856
53291 332 65853 31 47107 332 65856
53291 332 65853 31 4159 332 65856
53291 332 65853 31 36156 332 65856
53291 332 65853 31 22642 332 65856
53291 332 65853 31 48642 332 65856
53291 332 65853 31 13124 332 65856
53291 332 65853 31 71384 332 65856
53291 332 65853 31 58961 332 65856
53291 332 65853 31 10694 332 65856
53291 332 65853 31 39117 332 65856
53291 332 65853 31 33232 332 65856
53291 332 65853 31 5992 332 65856
53291 332 65853 31 34541 332 65856
53291 332 65853 31 24688 332 65856
53291 332 65853 31 1548 332 65856
53291 332 65853 31 18223 332 65856
53291 332 65853 31 18230 332 65856
53291 332 65853 31 37302 332 65856
53291 332 65853 31 64335 332 65856
53291 332 65853 31 34318 332 65856
53291 332 65853 31 73897 332 65856
53291 332 65853 31 32298 332 65856
53291 332 65853 31 57633 332 65856
53291 332 65853 31 5850 332 65856
53291 332 65853 31 5174 332 65856
53291 332 65853 31 74370 332 65856
53291 332 65853 31 53211 332 65856
53291 332 65853 31 41749 332 65856
53291 332 65853 31 23861 332 65856
53291 332 65853 31 68895 332 65856
53291 332 65853 31 50152 332 65856
53291 332 65853 31 29254 332 65856
53291 332 65853 31 12403 332 65856
53291 332 65853 31 6943 332 65856
53291 332 65853 31 7018 332 65856
53291 332 65853 31 6451 332 65856
53291 332 65853 31 36130 332 65856
53291 332 65853 31 36571 332 65856
53291 332 65853 31 64471 332 65856
53291 332 65853 31 9696 332 65856
53291 332 65853 31 9726 332 65856
53291 332 65853 31 55179 332 65856
53291 332 65853 31 39182 332 65856
53291 332 65853 31 51934 332 65856
53291 332 65853 31 28484 332 65856
53291 332 65853 31 70259 332 65856
53291 332 65853 31 14496 332 65856
53291 332 65853 31 37710 332 65856
53291 332 65853 31 37163 332 65856
53291 332 65853 31 21623 332 65856
53291 332 65853 31 12723 332 65856
53291 332 65853 31 72855 332 65856
53291 332 65853 31 56359 332 65856
53291 332 65853 31 11264 332 65856
53291 332 65853 31 52672 332 65856
53291 332 65853 31 15281 332 65856
53291 332 65853 31 1026 332 65856
53291 332 65853 31 18362 332 65856
53291 332 65853 31 59152 332 65856
53291 332 65853 31 6601 332 65856
53291 332 65853 31 71744 332 65856
53291 332 65853 31 7340 332 65856
53291 332 65853 31 45649 332 65856
53291 332 65853 31 73559 332 65856
53291 332 65853 31 44074 332 65856
53291 332 65853 31 60674 332 65856
53291 332 65853 31 15757 332 65856
53291 332 65853 31 1600 332 65856
53291 332 65853 31 16321 332 65856
53291 332 65853 31 14595 332 65856
53291 332 65853 31 50290 332 65856
53291 332 65853 31 49353 332 65856
53291 332 65853 31 48211 332 65856
53291 332 65853 31 35217 332 65856
53291 332 65853 31 25928 332 65856
53291 332 65853 31 36892 332 65856
53291 332 65853 31 56770 332 65856
53291 332 65853 31 10430 332 65856
53291 332 65853 31 39523 332 65856
53291 332 65853 31 7135 332 65856
53291 332 65853 31 61135 332 65856
53291 332 65853 31 17692 332 65856
53291 332 65853 31 8640 332 65856
53291 332 65853 31 34863 332 65856
53291 332 65853 31 1679 332 65856
53291 332 65853 31 7646 332 65856
53291 332 65853 31 20969 332 65856
53291 332 65853 31 66280 332 65856
53291 332 65853 31 11565 332 65856
53291 332 65853 31 6346 332 65856
53291 332 65853 31 35018 332 65856
53291 332 65853 31 38592 332 65856
53291 332 65853 31 15091 332 65856
53291 332 65853 31 2136 332 65856
53291 332 65853 31 1945 332 65856
53291 332 65853 31 75174 332 65856
53291 332 65853 31 14666 332 65856
53291 332 65853 31 52243 332 65856
53291 332 65853 31 36756 332 65856
53291 332 65853 31 62341 332 65856
53291 332 65853 31 45570 332 65856
53291 332 65853 31 14216 332 65856
53291 332 65853 31 26801 332 65856
53291 332 65853 31 17139 332 65856
53291 332 65853 31 9269 332 65856
53291 332 65853 31 41162 332 65856
53291 332 65853 31 40136 332 65856
53291 332 65853 31 38634 332 65856
53291 332 65853 31 10448 332 65856
53291 332 65853 31 53014 332 65856
53291 332 65853 31 57819 332 65856
53291 332 65853 31 65956 332 65856
53291 332 65853 31 8870 332 65856
53291 332 65853 31 41374 332 65856
53291 332 65853 31 40305 332 65856
53291 332 65853 31 44651 332 65856
53291 332 65853 31 73145 332 65856
53291 332 65853 31 35519 332 65856
53291 332 65853 31 487 332 65856
53291 332 65853 31 17774 332 65856
53291 332 65853 31 6534 332 65856
53291 332 65853 31 48224 332 65856
53291 332 65853 31 53151 332 65856
53291 332 65853 31 53923 332 65856
53291 332 65853 31 13839 332 65856
53291 332 65853 31 49084 332 65856
53291 332 65853 31 20003 332 65856
53291 332 65853 31 46549 332 65856
53291 332 65853 31 62098 332 65856
53291 332 65853 31 33164 332 65856
53291 332 65853 31 36866 332 65856
53291 332 65853 31 72286 332 65856
53291 332 65853 31 14537 332 65856
53291 332 65853 31 4833 332 65856
53291 332 65853 31 63479 332 65856
53291 332 65853 31 49502 332 65856
53291 332 65853 31 28376 332 65856
53291 332 65853 31 16722 332 65856
53291 332 65853 31 58806 332 65856
53291 332 65853 31 19847 332 65856
53291 332 65853 31 25889 332 65856
53291 332 65853 31 29427 332 65856
53291 332 65853 31 17522 332 65856
53291 332 65853 31 31485 332 65856
53291 332 65853 31 41065 332 65856
53291 332 65853 31 13725 332 65856
53291 332 65853 31 34380 332 65856
53291 332 65853 31 36323 332 65856
53291 332 65853 31 8284 332 65856
53291 332 65853 31 15479 332 65856
53291 332 65853 31 14699 332 65856
53291 332 65853 31 67502 332 65856
53291 332 65853 31 25110 332 65856
53291 332 65853 31 38325 332 65856
53291 332 65853 31 59128 332 65856
53291 332 65853 31 53927 332 65856
53291 332 65853 31 40298 332 65856
53291 332 65853 31 40496 332 65856
53291 332 65853 31 56435 332 65856
53291 332 65853 31 73840 332 65856
53291 332 65853 31 36752 332 65856
53291 332 65853 31 7314 332 65856
53291 332 65853 31 72636 332 65856
53291 332 65853 31 18843 332 65856
53291 332 65853 31 32937 332 65856
53291 332 65853 31 64590 332 65856
53291 332 65853 31 68560 332 65856
53291 332 65853 31 39527 332 65856
53291 332 65853 31 46820 332 65856
53291 332 65853 31 40314 332 65856
53291 332 65853 31 51080 332 65856
53291 332 65853 31 37792 332 65856
53291 332 65853 31 17630 332 65856
53291 332 65853 31 67239 332 65856
53291 332 65853 31 19960 332 65856
53291 332 65853 31 73103 332 65856
53291 332 65853 31 73769 332 65856
53291 332 65853 31 43314 332 65856
53291 332 65853 31 46167 332 65856
53291 332 65853 31 11708 332 65856
53291 332 65853 31 46669 332 65856
53291 332 65853 31 3581 332 65856
53291 332 65853 31 12956 332 65856
53291 332 65853 31 1541 332 65856
53291 332 65853 31 48125 332 65856
53291 332 65853 31 19361 332 65856
53291 332 65853 31 67999 332 65856
53291 332 65853 31 63304 332 65856
53291 332 65853 31 74865 332 65856
53291 332 65853 31 26710 332 65856
53291 332 65853 31 48202 332 65856
53291 332 65853 31 55642 332 65856
53291 332 65853 31 41526 332 65856
53291 332 65853 31 15838 332 65856
53291 332 65853 31 63979 332 65856
53291 332 65853 31 69182 332 65856
53291 332 65853 31 64296 332 65856
53291 332 65853 31 67407 332 65856
53291 332 65853 31 24169 332 65856
53291 332 65853 31 44377 332 65856
53291 332 65853 31 48822 332 65856
53291 332 65853 31 27394 332 65856
53291 332 65853 31 44031 332 65856
53291 332 65853 31 62219 332 65856
53291 332 65853 31 26905 332 65856
53291 332 65853 31 25233 332 65856
53291 332 65853 31 503 332 65856
53291 332 65853 31 52577 332 65856
53291 332 65853 31 72979 332 65856
53291 332 65853 31 1524 332 65856
53291 332 65853 31 5019 332 65856
53291 332 65853 31 19870 332 65856
53291 332 65853 31 769 332 65856
53291 332 65853 31 15927 332 65856
53291 332 65853 31 15214 332 65856
53291 332 65853 31 20344 332 65856
53291 332 65853 31 12132 332 65856
53291 332 65853 31 20174 332 65856
53291 332 65853 31 47656 332 65856
53291 332 65853 31 16246 332 65856
53291 332 65853 31 8501 332 65856
53291 332 65853 31 57550 332 65856
53291 332 65853 31 2286 332 65856
53291 332 65853 31 59917 332 65856
53291 332 65853 31 61624 332 65856
53291 332 65853 31 23082 332 65856
53291 332 65853 31 33377 332 65856
53291 332 65853 31 19706 332 65856
53291 332 65853 31 16117 332 65856
53291 332 65853 31 33731 332 65856
53291 332 65853 31 604 332 65856
53291 332 65853 31 32267 332 65856
53291 332 65853 31 6630 332 65856
53291 332 65853 31 14746 332 65856
53291 332 65853 31 16974 332 65856
53291 332 65853 31 22644 332 65856
53291 332 65853 31 65232 332 65856
53291 332 65853 31 27769 332 65856
53291 332 65853 31 29493 332 65856
53291 332 65853 31 62841 332 65856
53291 332 65853 31 48778 332 65856
53291 332 65853 31 6957 332 65856
53291 332 65853 31 4960 332 65856
53291 332 65853 31 4108 332 65856
53291 332 65853 31 34555 332 65856
53291 332 65853 31 44726 332 65856
53291 332 65853 31 17345 332 65856
53291 332 65853 31 6621 332 65856
53291 332 65853 31 26159 332 65856
53291 332 65853 369 19933 332 65856
53291 332 65855 31 23736 332 65856
53291 332 65855 31 6905 332 65856
53291 332 65855 31 2376 332 65856
53291 332 65855 31 69013 332 65856
53291 332 65855 31 66733 332 65856
53291 332 65855 31 6440 332 65856
53291 332 65855 31 4399 332 65856
53291 332 65855 31 39064 332 65856
53291 332 65855 31 50817 332 65856
53291 332 65855 31 5754 332 65856
53291 332 65855 31 35047 332 65856
53291 332 65855 31 67308 332 65856
53291 332 65855 31 731 332 65856
53291 332 65855 31 107 332 65856
53291 332 65855 31 70604 332 65856
53291 332 65855 31 57160 332 65856
53291 332 65855 31 13396 332 65856
53291 332 65855 31 59627 332 65856
53291 332 65855 31 44564 332 65856
53291 332 65855 31 38080 332 65856
53291 332 65855 31 30439 332 65856
53291 332 65855 31 20122 332 65856
53291 332 65855 31 14729 332 65856
53291 332 65855 31 32376 332 65856
53291 332 65855 31 57967 332 65856
53291 332 65855 31 2670 332 65856
53291 332 65855 31 31842 332 65856
53291 332 65855 31 67212 332 65856
53291 332 65855 31 53689 332 65856
53291 332 65855 31 11154 332 65856
53291 332 65855 31 16343 332 65856
53291 332 65855 31 41235 332 65856
53291 332 65855 31 36568 332 65856
53291 332 65855 31 30234 332 65856
53291 332 65855 31 354 332 65856
53291 332 65855 31 32824 332 65856
53291 332 65855 31 49073 332 65856
53291 332 65855 31 73556 332 65856
53291 332 65855 31 35145 332 65856
53291 332 65855 31 38148 332 65856
53291 332 65855 31 55707 332 65856
53291 332 65855 31 73750 332 65856
53291 332 65855 31 1929 332 65856
53291 332 65855 31 43961 332 65856
53291 332 65855 31 27230 332 65856
53291 332 65855 31 23636 332 65856
53291 332 65855 31 70441 332 65856
53291 332 65855 31 16952 332 65856
53291 332 65855 31 69099 332 65856
53291 332 65855 31 72997 332 65856
53291 332 65855 31 3042 332 65856
53291 332 65855 31 5016 332 65856
53291 332 65855 31 3650 332 65856
53291 332 65855 31 34480 332 65856
53291 332 65855 31 42969 332 65856
53291 332 65855 31 39822 332 65856
53291 332 65855 31 51589 332 65856
53291 332 65855 31 8477 332 65856
53291 332 65857 31 15215 332 65856
53291 332 65857 31 52636 332 65856
53291 332 65857 31 75464 332 65856
53291 332 65857 31 73460 332 65856
53291 332 65857 31 41111 332 65856
53291 332 65857 31 10933 332 65856
53291 332 65857 31 51510 332 65856
53291 332 65857 31 22271 332 65856
53291 332 65857 31 33412 332 65856
53291 332 65857 31 40434 332 65856
53291 332 65857 31 31429 332 65856
53291 332 65857 31 57319 332 65856
53291 332 65857 31 5659 332 65856
53291 332 65857 31 60218 332 65856
53291 332 65857 31 42510 332 65856
53291 332 65857 31 74553 332 65856
53291 332 65857 31 18870 332 65856
53291 332 65857 31 48552 332 65856
53291 332 65857 31 23655 332 65856
53291 332 65857 31 47366 332 65856
53291 332 65857 31 69785 332 65856
53291 332 65857 31 45624 332 65856
53291 332 65857 31 7341 332 65856
53291 332 65857 31 65989 332 65856
53291 332 65857 31 36170 332 65856
53291 332 65857 31 68917 332 65856
53291 332 65857 31 48923 332 65856
53291 332 65857 31 39984 332 65856
53291 332 65857 31 5380 332 65856
53291 332 65857 31 68180 332 65856
53291 332 65857 31 34266 332 65856
53291 332 65857 31 63042 332 65856
53291 332 65857 31 23665 332 65856
53291 332 65857 31 46670 332 65856
53291 332 65857 31 33616 332 65856
53291 332 65857 31 49355 332 65856
53291 332 65857 31 40568 332 65856
53291 332 65857 31 55478 332 65856
53291 332 65857 31 54617 332 65856
53291 332 65857 31 57462 332 65856
53291 332 65857 31 62238 332 65856
53291 332 65857 31 40753 332 65856
53291 332 65857 31 3938 332 65856
53291 332 65857 31 70019 332 65856
53291 332 65857 31 72083 332 65856
53291 332 65857 31 34945 332 65856
53291 332 65857 31 69233 332 65856
53291 332 65857 31 26343 332 65856
53291 332 65857 31 32911 332 65856
53291 332 65857 31 18917 332 65856
53291 332 65857 31 36596 332 65856
53291 332 65857 151 33054 252 65856
53291 332 65857 369 41897 277 65856
53291 332 65857 369 14858 277 65856
53291 332 23453 31 37987 332 65856
53291 332 23453 31 51059 332 65856
53291 332 23453 31 36430 332 65856
53291 332 23453 31 40284 332 65856
53291 332 23453 31 13087 332 65856
53291 332 23453 31 74200 332 65856
53291 332 23453 31 8676 332 65856
53291 332 23453 31 51518 332 65856
53291 332 23453 31 18034 332 65856
53291 332 23453 31 74638 332 65856
53291 332 23453 31 31931 332 65856
53291 332 23453 31 5767 332 65856
53291 332 23453 31 31247 332 65856
53291 332 23453 31 18167 332 65856
53291 332 23453 31 59413 332 65856
53291 332 23453 31 17809 332 65856
53291 332 23453 31 45354 332 65856
53291 332 23453 31 3675 332 65856
53291 332 23453 31 37773 332 65856
53291 332 23453 31 18900 332 65856
53291 332 23453 31 58777 332 65856
53291 332 23453 31 44007 332 65856
53291 332 29052 31 65030 332 65856
53291 332 29052 31 37028 332 65856
53291 332 29052 31 21115 332 65856
53291 332 29052 31 43929 332 65856
53291 332 29052 31 70383 332 65856
53291 332 29052 31 16792 332 65856
53291 332 29052 31 19093 332 65856
53291 332 29052 31 27926 332 65856
53291 332 29052 31 6326 332 65856
53291 332 29052 31 34499 332 65856
53291 332 29052 31 1296 332 65856
53291 332 29052 31 12547 332 65856
53291 332 29052 31 31007 332 65856
53291 332 29052 31 7212 332 65856
53291 332 29052 31 65642 332 65856
53291 332 29052 31 9664 332 65856
53291 332 29064 31 72868 332 65856
53291 332 29064 31 52492 332 65856
53291 332 29064 31 64362 332 65856
53291 332 29064 31 30236 332 65856
53291 332 29064 31 12759 332 65856
53291 332 29064 31 49915 332 65856
53291 332 29064 31 45919 332 65856
53291 332 29065 31 62376 332 65856
53291 332 29065 31 2851 332 65856
53291 332 29065 31 30662 332 65856
53291 332 29061 31 71420 332 65856
53291 332 29061 31 65455 332 65856
53291 332 65853 31 59220 361 35542 332 65856
53291 332 65853 31 24058 196 24775 332 65856
53291 332 65853 31 24058 196 50528 277 65856
53291 332 65853 31 43655 28 40518 332 65856
53291 332 65853 31 62557 277 58756 332 65856
53291 332 65853 31 6451 277 20056 332 65856
53291 332 65853 31 19847 84 26209 332 65856
53291 332 65853 31 29427 26 2007 332 65856
53291 332 65853 369 69092 294 68471 332 65856
53291 332 65853 369 69092 294 21687 332 65856
53291 332 65853 369 69092 294 58604 332 65856
53291 332 65857 151 33054 277 18144 332 65856
53291 332 65857 151 33054 277 27370 332 65856
53291 332 65857 151 33054 277 44818 332 65856
53291 332 65857 151 33054 277 71931 332 65856
53291 332 65857 151 33054 277 18584 332 65856
53291 332 65857 369 41897 277 24679 332 65856
53291 332 29064 31 21202 313 69308 332 65856
53291 332 65853 31 34575 332 65861 31 43861 332 65856
53291 332 65853 31 34575 332 65861 31 33697 332 65856
53291 332 65853 31 15024 332 10045 31 2203 332 65856
53291 332 65853 31 15024 332 10045 31 34695 332 65856
53291 332 65853 31 15024 332 10045 31 9365 332 65856
53291 332 65853 31 15024 332 10045 31 20043 332 65856
53291 332 65853 31 15024 332 1705 31 68456 332 65856
53291 332 65853 31 15024 332 68334 31 43524 332 65856
53291 332 65853 31 15024 332 68334 31 43112 332 65856
53291 332 65853 31 70136 332 68337 31 65605 332 65856
53291 332 65853 31 44925 332 68338 31 17790 332 65856
53291 332 65853 31 72079 300 62434 211 12179 332 65856
53291 332 65853 31 65908 114 72858 155 37609 332 65856
53291 332 65853 31 65908 114 72858 155 17698 332 65856
53291 332 65853 31 65603 348 57047 364 66657 332 65856
53291 332 65853 31 56438 358 2588 28 49406 332 65856
53291 332 65853 31 5604 110 48204 38 10787 332 65856
53291 332 65853 31 5604 110 11583 363 47279 332 65856
53291 332 65853 369 19933 277 28944 278 72657 332 65856
53291 332 65857 369 41897 277 24679 277 9355 332 65856
53291 332 29052 31 59204 277 63161 26 23781 396 16941 28 28328 332 65856
