62011 332 29052
62011 336 14504 255 61624 332 29052
62011 336 53751 277 65268 332 29052
62011 336 53751 277 21115 332 29052
62011 336 53751 155 69092 277 29052
62011 336 53751 32 39520 332 29052
62011 336 53751 255 24058 332 29052
62011 336 53751 255 54290 332 29052
62011 336 53751 255 12741 332 29052
62011 336 14504 255 6780 34 29427 332 29052
62011 336 14504 255 7846 342 64880 332 29052
62011 336 14504 255 7846 342 58804 332 29052
62011 336 14504 255 7846 342 39957 332 29052
62011 336 14504 255 32004 358 34318 332 29052
62011 336 14504 255 49761 155 67239 332 29052
62011 336 14504 255 49761 155 21752 332 29052
62011 336 14504 255 49761 155 15479 332 29052
62011 336 14504 255 49761 155 67502 332 29052
62011 336 14504 255 49761 100 19847 332 29052
62011 336 14504 255 26378 382 56620 332 29052
62011 336 14504 255 68417 397 59413 332 29052
62011 336 53751 277 21115 369 33054 332 29052
62011 336 53751 277 10684 75 11001 332 29052
62011 336 53751 277 24605 32 14858 332 29052
62011 336 53751 277 28231 252 9025 332 29052
62011 336 53751 277 1125 252 19933 332 29052
62011 336 53751 277 9777 32 56340 332 29052
62011 336 53751 277 1072 369 14859 332 29052
62011 336 53751 277 28155 32 21890 332 29052
62011 336 53751 277 28155 32 59204 332 29052
62011 336 53751 28 38944 315 58576 332 29052
62011 336 53751 28 38944 383 14579 332 29052
62011 336 53751 28 38944 310 1444 332 29052
62011 336 53751 28 38944 358 32824 332 29052
62011 336 53751 28 59913 102 6934 332 29052
62011 336 53751 28 59913 102 36156 332 29052
62011 336 53751 28 59913 32 43961 332 29052
62011 336 53751 28 73592 277 44399 332 29052
62011 336 53751 28 73592 277 51574 332 29052
62011 336 53751 28 73592 277 37791 332 29052
62011 336 53751 28 73592 277 43908 332 29052
62011 336 53751 28 73592 277 17624 332 29052
62011 336 53751 28 73592 277 366 332 29052
62011 336 53751 28 73592 277 6749 332 29052
62011 336 53751 28 73592 277 51172 332 29052
62011 336 53751 28 73592 277 65235 332 29052
62011 336 53751 28 73592 277 11497 332 29052
62011 336 53751 28 73592 277 10174 332 29052
62011 336 53751 28 73592 277 47505 332 29052
62011 336 53751 28 73592 277 37542 332 29052
62011 336 53751 28 73592 277 59220 332 29052
62011 336 53751 28 73592 277 20794 332 29052
62011 336 53751 28 73592 277 75212 332 29052
62011 336 53751 28 73592 277 48726 332 29052
62011 336 53751 28 73592 277 45416 332 29052
62011 336 53751 28 73592 277 21330 332 29052
62011 336 53751 28 73592 277 4445 332 29052
62011 336 53751 28 73592 277 73556 332 29052
62011 336 53751 28 73592 277 26019 332 29052
62011 336 53751 28 73592 277 23636 332 29052
62011 336 53751 28 73592 277 50290 332 29052
62011 336 53751 28 73592 277 52577 332 29052
62011 336 53751 28 73592 252 36596 332 29052
62011 336 53751 28 73592 151 28491 332 29052
62011 336 53751 28 73592 369 64904 332 29052
62011 336 53751 28 73592 358 48048 332 29052
62011 336 53751 28 73592 358 65174 332 29052
62011 336 53751 28 73592 358 70122 332 29052
62011 336 53751 28 73592 358 26801 332 29052
62011 336 53751 28 73592 358 32929 332 29052
62011 336 53751 28 73592 358 25928 332 29052
62011 336 53751 28 73592 358 71680 332 29052
62011 336 53751 28 73592 358 32357 332 29052
62011 336 53751 28 73592 358 101 332 29052
62011 336 53751 28 73592 358 6346 332 29052
62011 336 53751 28 73592 358 28376 332 29052
62011 336 53751 28 73592 358 27946 332 29052
62011 336 53751 28 73592 358 72636 332 29052
62011 336 53751 28 73592 358 17630 332 29052
62011 336 53751 252 30855 28 25131 332 29052
62011 336 53751 252 30855 151 34792 332 29052
62011 336 53751 252 6067 32 24688 332 29052
62011 336 53751 252 6067 32 64335 332 29052
62011 336 53751 252 6067 151 73355 332 29052
62011 336 53751 252 6067 151 32512 332 29052
62011 336 53751 252 6067 151 40298 332 29052
62011 336 53751 252 6067 151 1945 332 29052
62011 336 53751 252 6067 151 10289 332 29052
62011 336 53751 252 6067 151 28323 332 29052
62011 336 53751 252 6067 151 56441 332 29052
62011 336 53751 252 6067 151 72838 332 29052
62011 336 53751 252 6067 151 70550 332 29052
62011 336 53751 252 6067 151 25110 332 29052
62011 336 53751 252 6067 151 40951 332 29052
62011 336 53751 252 6067 151 731 332 29052
62011 336 53751 252 6067 151 59683 332 29052
62011 336 53751 252 6067 151 35180 332 29052
62011 336 53751 252 6067 151 26159 332 29052
62011 336 53751 252 6067 151 75205 332 29052
62011 336 53751 252 6067 151 33616 332 29052
62011 336 53751 252 6067 151 70383 332 29052
62011 336 53751 252 6067 151 44597 332 29052
62011 336 53751 252 6067 151 57100 332 29052
62011 336 53751 252 6067 151 58806 332 29052
62011 336 53751 252 6067 151 74973 332 29052
62011 336 53751 252 6067 151 27406 332 29052
62011 336 53751 252 6067 151 51467 332 29052
62011 336 53751 252 6067 151 37673 332 29052
62011 336 53751 252 6067 151 1299 332 29052
62011 336 53751 252 6067 369 6534 332 29052
62011 336 53751 252 6067 369 24854 332 29052
62011 336 53751 252 6067 369 70150 332 29052
62011 336 53751 252 6067 369 18151 332 29052
62011 336 53751 252 47068 75 23705 332 29052
62011 336 53751 252 47068 75 66305 332 29052
62011 336 53751 252 47068 277 27162 332 29052
62011 336 53751 155 69092 75 19515 332 29052
62011 336 53751 155 69092 75 13416 332 29052
62011 336 53751 155 69092 75 40409 332 29052
62011 336 53751 155 69092 75 29174 332 29052
62011 336 53751 155 69092 75 52745 332 29052
62011 336 53751 155 69092 75 6943 332 29052
62011 336 53751 155 69092 75 20596 332 29052
62011 336 53751 155 69092 75 3650 332 29052
62011 336 53751 155 69092 75 34480 332 29052
62011 336 53751 155 69092 75 11708 332 29052
62011 336 53751 155 69092 142 69820 332 29052
62011 336 53751 155 69092 294 36540 332 29052
62011 336 53751 155 69092 294 42726 332 29052
62011 336 53751 155 69092 294 23029 332 29052
62011 336 53751 155 69092 294 5466 332 29052
62011 336 53751 155 69092 294 64590 332 29052
62011 336 53751 155 69092 294 12956 332 29052
62011 336 53751 155 69092 294 3291 332 29052
62011 336 53751 155 69092 294 10512 332 29052
62011 336 53751 155 69092 294 73755 332 29052
62011 336 53751 155 69092 294 33481 332 29052
62011 336 53751 155 69092 294 10715 332 29052
62011 336 53751 155 69092 294 73840 332 29052
62011 336 53751 155 69092 294 53151 332 29052
62011 336 53751 155 69092 294 19694 332 29052
62011 336 53751 155 69092 294 1727 332 29052
62011 336 53751 155 69092 294 32937 332 29052
62011 336 53751 155 69092 294 31723 332 29052
62011 336 53751 155 69092 294 14729 332 29052
62011 336 53751 155 69092 294 10430 332 29052
62011 336 53751 155 69092 294 57305 332 29052
62011 336 53751 155 69092 294 12880 332 29052
62011 336 53751 155 69092 294 37792 332 29052
62011 336 53751 155 69092 294 21051 332 29052
62011 336 53751 155 69092 294 4830 332 29052
62011 336 53751 155 69092 294 14740 332 29052
62011 336 53751 155 69092 294 58490 332 29052
62011 336 53751 155 69092 294 56770 332 29052
62011 336 53751 155 69092 294 8454 332 29052
62011 336 53751 155 69092 294 14630 332 29052
62011 336 53751 155 69092 294 61962 332 29052
62011 336 53751 155 69092 294 72079 332 29052
62011 336 53751 155 69092 294 29358 332 29052
62011 336 53751 155 69092 294 65908 332 29052
62011 336 53751 155 69092 294 24013 332 29052
62011 336 53751 155 69092 294 42693 332 29052
62011 336 53751 155 69092 294 33232 332 29052
62011 336 53751 155 69092 294 70024 332 29052
62011 336 53751 155 69092 294 33164 332 29052
62011 336 53751 155 69092 294 40136 332 29052
62011 336 53751 155 69092 294 45515 332 29052
62011 336 53751 155 69092 294 68288 332 29052
62011 336 53751 155 69092 294 47773 332 29052
62011 336 53751 155 69092 294 2953 332 29052
62011 336 53751 155 69092 294 56944 332 29052
62011 336 53751 155 69092 294 43497 332 29052
62011 336 53751 155 69092 294 43314 332 29052
62011 336 53751 155 69092 294 75174 332 29052
62011 336 53751 155 69092 294 45200 332 29052
62011 336 53751 155 69092 294 59433 332 29052
62011 336 53751 155 69092 294 73103 332 29052
62011 336 53751 155 69092 294 44610 332 29052
62011 336 53751 155 69092 294 5850 332 29052
62011 336 53751 155 69092 294 44612 332 29052
62011 336 53751 155 69092 294 8765 332 29052
62011 336 53751 155 69092 294 48923 332 29052
62011 336 53751 155 69092 294 47067 332 29052
62011 336 53751 155 69092 294 73559 332 29052
62011 336 53751 155 69092 294 35880 332 29052
62011 336 53751 155 69092 294 57341 332 29052
62011 336 53751 155 69092 294 8870 332 29052
62011 336 53751 155 69092 294 40314 332 29052
62011 336 53751 155 69092 294 40496 332 29052
62011 336 53751 155 69092 294 35527 332 29052
62011 336 53751 155 69092 294 70625 332 29052
62011 336 53751 155 69092 294 65456 332 29052
62011 336 53751 155 69092 294 68895 332 29052
62011 336 53751 155 69092 294 32298 332 29052
62011 336 53751 155 69092 294 52243 332 29052
62011 336 53751 155 69092 294 66509 332 29052
62011 336 53751 155 69092 294 49502 332 29052
62011 336 53751 155 69092 294 40637 332 29052
62011 336 53751 155 69092 294 31910 332 29052
62011 336 53751 155 69092 294 55158 332 29052
62011 336 53751 155 69092 294 72855 332 29052
62011 336 53751 155 69092 294 30490 332 29052
62011 336 53751 155 69092 294 4637 332 29052
62011 336 53751 155 69092 294 26700 332 29052
62011 336 53751 155 69092 294 16260 332 29052
62011 336 53751 155 69092 294 13054 332 29052
62011 336 53751 155 69092 294 59909 332 29052
62011 336 53751 155 69092 294 24701 332 29052
62011 336 53751 155 69092 294 37500 332 29052
62011 336 53751 155 69092 294 68560 332 29052
62011 336 53751 155 69092 294 9013 332 29052
62011 336 53751 155 69092 294 52920 332 29052
62011 336 53751 155 69092 294 74876 332 29052
62011 336 53751 155 69092 294 5280 332 29052
62011 336 53751 155 69092 294 736 332 29052
62011 336 53751 155 69092 294 69013 332 29052
62011 336 53751 155 69092 294 20003 332 29052
62011 336 53751 155 69092 294 33187 332 29052
62011 336 53751 155 69092 294 55164 332 29052
62011 336 53751 155 69092 294 52309 332 29052
62011 336 53751 155 69092 294 56438 332 29052
62011 336 53751 155 69092 294 69841 332 29052
62011 336 53751 155 69092 294 1600 332 29052
62011 336 53751 155 69092 294 73570 332 29052
62011 336 53751 155 69092 294 48778 332 29052
62011 336 53751 155 69092 151 1524 332 29052
62011 336 53751 155 69092 151 20174 332 29052
62011 336 53751 155 69092 277 16618 332 29052
62011 336 53751 155 69092 277 72997 332 29052
62011 336 53751 155 69092 277 48420 332 29052
62011 336 53751 155 69092 277 3042 332 29052
62011 336 53751 155 69092 277 36323 332 29052
62011 336 53751 155 69092 277 51637 332 29052
62011 336 53751 155 69092 277 56435 332 29052
62011 336 53751 155 69092 277 36752 332 29052
62011 336 53751 155 69092 277 63843 332 29052
62011 336 53751 155 69092 277 7314 332 29052
62011 336 53751 155 69092 277 73769 332 29052
62011 336 53751 155 69092 277 74555 332 29052
62011 336 53751 155 69092 277 25233 332 29052
62011 336 53751 155 69092 277 65397 332 29052
62011 336 53751 105 21356 155 22105 332 29052
62011 336 53751 105 21356 155 1963 332 29052
62011 336 53751 382 616 358 62341 332 29052
62011 336 53751 382 616 358 68644 332 29052
62011 336 53751 382 616 358 30109 332 29052
62011 336 53751 382 8039 303 73627 332 29052
62011 336 53751 382 26415 303 72693 332 29052
62011 336 53751 300 59812 211 45407 57 29052
62011 336 53751 300 59812 211 6905 332 29052
62011 336 53751 300 59812 211 2263 332 29052
62011 336 53751 300 59812 211 40730 332 29052
62011 336 53751 300 59812 211 60751 332 29052
62011 336 53751 300 59812 211 66019 332 29052
62011 336 53751 300 59812 211 48506 332 29052
62011 336 53751 300 59812 211 15271 332 29052
62011 336 53751 300 59812 211 18362 332 29052
62011 336 53751 300 59812 211 44074 332 29052
62011 336 53751 300 59812 211 17692 332 29052
62011 336 53751 300 62434 211 14264 332 29052
62011 336 53751 300 62434 211 12203 332 29052
62011 336 53751 300 62434 211 66245 332 29052
62011 336 53751 300 62434 211 72862 332 29052
62011 336 53751 300 62434 211 32723 332 29052
62011 336 53751 300 62434 211 43929 332 29052
62011 336 53751 300 62434 211 45140 332 29052
62011 336 53751 300 62434 211 32830 332 29052
62011 336 53751 300 62434 211 72056 332 29052
62011 336 53751 300 62434 211 58140 332 29052
62011 336 53751 300 62434 211 15762 332 29052
62011 336 53751 300 62434 211 31842 332 29052
62011 336 53751 300 62434 211 71525 332 29052
62011 336 53751 300 62434 211 11257 332 29052
62011 336 53751 300 62434 211 73897 332 29052
62011 336 53751 300 62434 211 53927 332 29052
62011 336 53751 300 62434 211 19960 332 29052
62011 336 53751 300 62434 211 599 332 29052
62011 336 53751 300 62434 211 33731 332 29052
62011 336 53751 300 62434 211 5480 332 29052
62011 336 53751 300 62434 211 34555 332 29052
62011 336 53751 300 62434 211 11484 332 29052
62011 336 53751 332 9589 31 27960 332 29052
62011 336 53751 32 67410 272 3955 332 29052
62011 336 53751 255 52103 105 14736 332 29052
62011 336 53751 255 49360 305 4992 332 29052
62011 336 53751 255 24058 196 44925 332 29052
62011 336 53751 255 24058 196 17625 332 29052
62011 336 53751 255 24058 196 56660 332 29052
62011 336 53751 255 24058 196 1333 332 29052
62011 336 53751 255 24058 196 32306 332 29052
62011 336 53751 255 24058 196 24865 332 29052
62011 336 53751 255 24058 196 26151 332 29052
62011 336 53751 255 24058 196 53002 332 29052
62011 336 53751 255 24058 196 53912 332 29052
62011 336 53751 255 24058 196 20766 332 29052
62011 336 53751 255 24058 196 21807 332 29052
62011 336 53751 255 24058 196 50986 332 29052
62011 336 53751 255 24058 196 2748 332 29052
62011 336 53751 255 24058 196 8704 332 29052
62011 336 53751 255 24058 196 30916 332 29052
62011 336 53751 255 24058 196 72283 332 29052
62011 336 53751 255 24058 196 44565 332 29052
62011 336 53751 255 24058 196 72480 332 29052
62011 336 53751 255 24058 196 73143 332 29052
62011 336 53751 255 24058 196 38148 332 29052
62011 336 53751 255 24058 196 37710 332 29052
62011 336 53751 255 24058 196 7340 332 29052
62011 336 53751 255 24058 196 49353 332 29052
62011 336 53751 255 24058 196 2136 332 29052
62011 336 53751 255 24058 196 51743 332 29052
62011 336 53751 255 24058 196 53923 332 29052
62011 336 53751 255 24058 196 46549 332 29052
62011 336 53751 255 24058 196 14537 332 29052
62011 336 53751 255 24058 196 69099 332 29052
62011 336 53751 255 24058 196 64151 332 29052
62011 336 53751 255 24058 196 1641 332 29052
62011 336 53751 255 24058 196 42969 332 29052
62011 336 53751 255 24058 196 30522 332 29052
62011 336 53751 255 24058 196 33377 332 29052
62011 336 53751 255 24058 196 39920 332 29052
62011 336 53751 255 24058 277 36041 332 29052
62011 336 53751 255 32685 336 7417 332 29052
62011 336 53751 255 32685 336 34222 332 29052
62011 336 53751 255 32685 336 3007 332 29052
62011 336 53751 151 41897 252 49685 332 29052
62011 336 53751 151 41897 277 49845 332 29052
62011 336 53751 151 41897 277 67316 332 29052
62011 336 53751 151 41897 277 72996 332 29052
62011 336 53751 151 41897 277 47039 332 29052
62011 336 53751 151 41897 277 28505 332 29052
62011 336 53751 151 41897 277 72286 332 29052
62011 336 53751 151 41897 32 12391 332 29052
62011 336 53751 151 41897 32 3644 332 29052
62011 336 53751 256 5797 254 20556 332 29052
62011 336 53751 369 15647 277 38768 332 29052
62011 336 14504 255 6780 34 29427 383 25182 332 29052
62011 336 14504 255 6780 34 29427 126 4598 332 29052
62011 336 14504 255 6780 34 29427 126 19870 332 29052
62011 336 14504 255 6780 385 18633 6 67481 332 29052
62011 336 14504 255 53409 332 29064 31 15024 332 29052
62011 336 14504 255 53409 332 29064 31 70136 332 29052
62011 336 14504 255 53409 332 29064 31 29281 332 29052
62011 336 14504 255 53409 332 29064 31 23813 332 29052
62011 336 14504 255 53409 332 29064 31 20140 332 29052
62011 336 14504 255 53409 332 29064 31 15790 332 29052
62011 336 14504 255 53409 332 29064 31 44499 332 29052
62011 336 14504 255 53409 332 29064 31 37987 332 29052
62011 336 14504 255 53409 332 29064 31 56854 332 29052
62011 336 14504 255 53409 332 29064 31 30622 332 29052
62011 336 14504 255 53409 332 29064 31 64690 332 29052
62011 336 14504 255 53409 332 29064 31 40671 332 29052
62011 336 14504 255 53409 332 29064 31 72637 332 29052
62011 336 14504 255 53409 332 29064 31 43189 332 29052
62011 336 14504 255 53409 332 29064 31 1549 332 29052
62011 336 14504 255 53409 332 29064 31 65441 332 29052
62011 336 14504 255 53409 332 29064 31 52636 332 29052
62011 336 14504 255 53409 332 29064 31 50024 332 29052
62011 336 14504 255 53409 332 29064 31 2904 332 29052
62011 336 14504 255 53409 332 29064 31 53291 332 29052
62011 336 14504 255 53409 332 29064 31 65030 332 29052
62011 336 14504 255 53409 332 29064 31 23736 332 29052
62011 336 14504 255 53409 332 29064 31 30845 332 29052
62011 336 14504 255 53409 332 29064 31 60465 332 29052
62011 336 14504 255 53409 332 29064 31 27247 332 29052
62011 336 14504 255 53409 332 29064 31 10736 332 29052
62011 336 14504 255 53409 332 29064 31 5454 332 29052
62011 336 14504 255 53409 332 29064 31 51865 332 29052
62011 336 14504 255 53409 332 29064 31 37109 332 29052
62011 336 14504 255 53409 332 29064 31 54298 332 29052
62011 336 14504 255 53409 332 29064 31 37724 332 29052
62011 336 14504 255 53409 332 29064 31 52436 332 29052
62011 336 14504 255 53409 332 29064 31 30301 332 29052
62011 336 14504 255 53409 332 29064 31 75234 332 29052
62011 336 14504 255 53409 332 29064 31 16161 332 29052
62011 336 14504 255 53409 332 29064 31 33177 332 29052
62011 336 14504 255 53409 332 29064 31 67231 332 29052
62011 336 14504 255 53409 332 29064 31 48823 332 29052
62011 336 14504 255 53409 332 29064 31 27423 332 29052
62011 336 14504 255 53409 332 29064 31 23069 332 29052
62011 336 14504 255 53409 332 29064 31 11640 332 29052
62011 336 14504 255 53409 332 29064 31 66295 332 29052
62011 336 14504 255 53409 332 29064 31 51822 332 29052
62011 336 14504 255 53409 332 29064 31 75306 332 29052
62011 336 14504 255 53409 332 29064 31 70701 332 29052
62011 336 14504 255 53409 332 29064 31 51257 332 29052
62011 336 14504 255 53409 332 29064 31 66301 332 29052
62011 336 14504 255 53409 332 29064 31 73523 332 29052
62011 336 14504 255 53409 332 29064 31 47458 332 29052
62011 336 14504 255 53409 332 29064 31 42633 332 29052
62011 336 14504 255 53409 332 29064 31 53050 332 29052
62011 336 14504 255 53409 332 29064 31 51059 332 29052
62011 336 14504 255 53409 332 29064 31 36629 332 29052
62011 336 14504 255 53409 332 29064 31 38847 332 29052
62011 336 14504 255 53409 332 29064 31 8629 332 29052
62011 336 14504 255 53409 332 29064 31 36971 332 29052
62011 336 14504 255 53409 332 29064 31 30154 332 29052
62011 336 14504 255 53409 332 29064 31 53484 332 29052
62011 336 14504 255 53409 332 29064 31 35029 332 29052
62011 336 14504 255 53409 332 29064 31 57808 332 29052
62011 336 14504 255 53409 332 29064 31 25768 332 29052
62011 336 14504 255 53409 332 29064 31 15868 332 29052
62011 336 14504 255 53409 332 29064 31 8969 332 29052
62011 336 14504 255 53409 332 29064 31 19670 332 29052
62011 336 14504 255 53409 332 29064 31 22271 332 29052
62011 336 14504 255 53409 332 29064 31 47066 332 29052
62011 336 14504 255 53409 332 29064 31 46648 332 29052
62011 336 14504 255 53409 332 29064 31 46295 332 29052
62011 336 14504 255 53409 332 29064 31 32402 332 29052
62011 336 14504 255 53409 332 29064 31 57608 332 29052
62011 336 14504 255 53409 332 29064 31 6440 332 29052
62011 336 14504 255 53409 332 29064 31 4525 332 29052
62011 336 14504 255 53409 332 29064 31 45220 332 29052
62011 336 14504 255 53409 332 29064 31 17188 332 29052
62011 336 14504 255 53409 332 29064 31 11134 332 29052
62011 336 14504 255 53409 332 29064 31 26607 332 29052
62011 336 14504 255 53409 332 29064 31 66233 332 29052
62011 336 14504 255 53409 332 29064 31 39288 332 29052
62011 336 14504 255 53409 332 29064 31 64668 332 29052
62011 336 14504 255 53409 332 29064 31 8058 332 29052
62011 336 14504 255 53409 332 29064 31 42618 332 29052
62011 336 14504 255 53409 332 29064 31 1624 332 29052
62011 336 14504 255 53409 332 29064 31 21315 332 29052
62011 336 14504 255 53409 332 29064 31 36430 332 29052
62011 336 14504 255 53409 332 29064 31 72112 332 29052
62011 336 14504 255 53409 332 29064 31 47389 332 29052
62011 336 14504 255 53409 332 29064 31 68168 332 29052
62011 336 14504 255 53409 332 29064 31 47435 332 29052
62011 336 14504 255 53409 332 29064 31 16968 332 29052
62011 336 14504 255 53409 332 29064 31 24855 332 29052
62011 336 14504 255 53409 332 29064 31 69984 332 29052
62011 336 14504 255 53409 332 29064 31 31504 332 29052
62011 336 14504 255 53409 332 29064 31 36558 332 29052
62011 336 14504 255 53409 332 29064 31 36276 332 29052
62011 336 14504 255 53409 332 29064 31 6978 332 29052
62011 336 14504 255 53409 332 29064 31 4399 332 29052
62011 336 14504 255 53409 332 29064 31 36350 332 29052
62011 336 14504 255 53409 332 29064 31 58506 332 29052
62011 336 14504 255 53409 332 29064 31 67218 332 29052
62011 336 14504 255 53409 332 29064 31 47399 332 29052
62011 336 14504 255 53409 332 29064 31 2405 332 29052
62011 336 14504 255 53409 332 29064 31 45897 332 29052
62011 336 14504 255 53409 332 29064 31 56645 332 29052
62011 336 14504 255 53409 332 29064 31 51175 332 29052
62011 336 14504 255 53409 332 29064 31 39597 332 29052
62011 336 14504 255 53409 332 29064 31 15564 332 29052
62011 336 14504 255 53409 332 29064 31 29655 332 29052
62011 336 14504 255 53409 332 29064 31 15303 332 29052
62011 336 14504 255 53409 332 29064 31 17055 332 29052
62011 336 14504 255 53409 332 29064 31 12194 332 29052
62011 336 14504 255 53409 332 29064 31 20258 332 29052
62011 336 14504 255 53409 332 29064 31 71135 332 29052
62011 336 14504 255 53409 332 29064 31 54914 332 29052
62011 336 14504 255 53409 332 29064 31 71909 332 29052
62011 336 14504 255 53409 332 29064 31 40085 332 29052
62011 336 14504 255 53409 332 29064 31 18535 332 29052
62011 336 14504 255 53409 332 29064 31 37591 332 29052
62011 336 14504 255 53409 332 29064 31 71389 332 29052
62011 336 14504 255 53409 332 29064 31 17167 332 29052
62011 336 14504 255 53409 332 29064 31 59088 332 29052
62011 336 14504 255 53409 332 29064 31 63645 332 29052
62011 336 14504 255 53409 332 29064 31 7609 332 29052
62011 336 14504 255 53409 332 29064 31 41012 332 29052
62011 336 14504 255 53409 332 29064 31 51036 332 29052
62011 336 14504 255 53409 332 29064 31 30812 332 29052
62011 336 14504 255 53409 332 29064 31 12757 332 29052
62011 336 14504 255 53409 332 29064 31 25755 332 29052
62011 336 14504 255 53409 332 29064 31 21767 332 29052
62011 336 14504 255 53409 332 29064 31 16774 332 29052
62011 336 14504 255 53409 332 29064 31 15604 332 29052
62011 336 14504 255 53409 332 29064 31 49635 332 29052
62011 336 14504 255 53409 332 29064 31 11450 332 29052
62011 336 14504 255 53409 332 29064 31 3134 332 29052
62011 336 14504 255 53409 332 29064 31 17463 332 29052
62011 336 14504 255 53409 332 29064 31 31645 332 29052
62011 336 14504 255 53409 332 29064 31 20061 332 29052
62011 336 14504 255 53409 332 29064 31 35047 332 29052
62011 336 14504 255 53409 332 29064 31 43013 332 29052
62011 336 14504 255 53409 332 29064 31 13243 332 29052
62011 336 14504 255 53409 332 29064 31 69430 332 29052
62011 336 14504 255 53409 332 29064 31 58675 332 29052
62011 336 14504 255 53409 332 29064 31 33971 332 29052
62011 336 14504 255 53409 332 29064 31 16914 332 29052
62011 336 14504 255 53409 332 29064 31 35142 332 29052
62011 336 14504 255 53409 332 29064 31 59235 332 29052
62011 336 14504 255 53409 332 29064 31 53680 332 29052
62011 336 14504 255 53409 332 29064 31 48144 332 29052
62011 336 14504 255 53409 332 29064 31 38123 332 29052
62011 336 14504 255 53409 332 29064 31 37026 332 29052
62011 336 14504 255 53409 332 29064 31 74887 332 29052
62011 336 14504 255 53409 332 29064 31 56019 332 29052
62011 336 14504 255 53409 332 29064 31 107 332 29052
62011 336 14504 255 53409 332 29064 31 30094 332 29052
62011 336 14504 255 53409 332 29064 31 67138 332 29052
62011 336 14504 255 53409 332 29064 31 8653 332 29052
62011 336 14504 255 53409 332 29064 31 9495 332 29052
62011 336 14504 255 53409 332 29064 31 70376 332 29052
62011 336 14504 255 53409 332 29064 31 13312 332 29052
62011 336 14504 255 53409 332 29064 31 13720 332 29052
62011 336 14504 255 53409 332 29064 31 67997 332 29052
62011 336 14504 255 53409 332 29064 31 50866 332 29052
62011 336 14504 255 53409 332 29064 31 63276 332 29052
62011 336 14504 255 53409 332 29064 31 13396 332 29052
62011 336 14504 255 53409 332 29064 31 48925 332 29052
62011 336 14504 255 53409 332 29064 31 22957 332 29052
62011 336 14504 255 53409 332 29064 31 66788 332 29052
62011 336 14504 255 53409 332 29064 31 6525 332 29052
62011 336 14504 255 53409 332 29064 31 22809 332 29052
62011 336 14504 255 53409 332 29064 31 53860 332 29052
62011 336 14504 255 53409 332 29064 31 26466 332 29052
62011 336 14504 255 53409 332 29064 31 44564 332 29052
62011 336 14504 255 53409 332 29064 31 31724 332 29052
62011 336 14504 255 53409 332 29064 31 21739 332 29052
62011 336 14504 255 53409 332 29064 31 38080 332 29052
62011 336 14504 255 53409 332 29064 31 3414 332 29052
62011 336 14504 255 53409 332 29064 31 65295 332 29052
62011 336 14504 255 53409 332 29064 31 44772 332 29052
62011 336 14504 255 53409 332 29064 31 58909 332 29052
62011 336 14504 255 53409 332 29064 31 44223 332 29052
62011 336 14504 255 53409 332 29064 31 51394 332 29052
62011 336 14504 255 53409 332 29064 31 52569 332 29052
62011 336 14504 255 53409 332 29064 31 73529 332 29052
62011 336 14504 255 53409 332 29064 31 68258 332 29052
62011 336 14504 255 53409 332 29064 31 4892 332 29052
62011 336 14504 255 53409 332 29064 31 68659 332 29052
62011 336 14504 255 53409 332 29064 31 6731 332 29052
62011 336 14504 255 53409 332 29064 31 38673 332 29052
62011 336 14504 255 53409 332 29064 31 9802 332 29052
62011 336 14504 255 53409 332 29064 31 64540 332 29052
62011 336 14504 255 53409 332 29064 31 19275 332 29052
62011 336 14504 255 53409 332 29064 31 73 332 29052
62011 336 14504 255 53409 332 29064 31 72041 332 29052
62011 336 14504 255 53409 332 29064 31 72012 332 29052
62011 336 14504 255 53409 332 29064 31 31236 332 29052
62011 336 14504 255 53409 332 29064 31 9426 332 29052
62011 336 14504 255 53409 332 29064 31 56226 332 29052
62011 336 14504 255 53409 332 29064 31 29379 332 29052
62011 336 14504 255 53409 332 29064 31 50557 332 29052
62011 336 14504 255 53409 332 29064 31 38613 332 29052
62011 336 14504 255 53409 332 29064 31 53174 332 29052
62011 336 14504 255 53409 332 29064 31 44380 332 29052
62011 336 14504 255 53409 332 29064 31 43571 332 29052
62011 336 14504 255 53409 332 29064 31 39775 332 29052
62011 336 14504 255 53409 332 29064 31 46612 332 29052
62011 336 14504 255 53409 332 29064 31 61377 332 29052
62011 336 14504 255 53409 332 29064 31 13526 332 29052
62011 336 14504 255 53409 332 29064 31 50480 332 29052
62011 336 14504 255 53409 332 29064 31 50458 332 29052
62011 336 14504 255 53409 332 29064 31 74200 332 29052
62011 336 14504 255 53409 332 29064 31 12330 332 29052
62011 336 14504 255 53409 332 29064 31 55663 332 29052
62011 336 14504 255 53409 332 29064 31 19971 332 29052
62011 336 14504 255 53409 332 29064 31 24026 332 29052
62011 336 14504 255 53409 332 29064 31 20273 332 29052
62011 336 14504 255 53409 332 29064 31 67639 332 29052
62011 336 14504 255 53409 332 29064 31 52160 332 29052
62011 336 14504 255 53409 332 29064 31 29362 332 29052
62011 336 14504 255 53409 332 29064 31 74451 332 29052
62011 336 14504 255 53409 332 29064 31 64688 332 29052
62011 336 14504 255 53409 332 29064 31 14915 332 29052
62011 336 14504 255 53409 332 29064 31 36458 332 29052
62011 336 14504 255 53409 332 29064 31 34085 332 29052
62011 336 14504 255 53409 332 29064 31 70287 332 29052
62011 336 14504 255 53409 332 29064 31 58221 332 29052
62011 336 14504 255 53409 332 29064 31 27926 332 29052
62011 336 14504 255 53409 332 29064 31 1775 332 29052
62011 336 14504 255 53409 332 29064 31 649 332 29052
62011 336 14504 255 53409 332 29064 31 29596 332 29052
62011 336 14504 255 53409 332 29064 31 3212 332 29052
62011 336 14504 255 53409 332 29064 31 25912 332 29052
62011 336 14504 255 53409 332 29064 31 55583 332 29052
62011 336 14504 255 53409 332 29064 31 62148 332 29052
62011 336 14504 255 53409 332 29064 31 62538 332 29052
62011 336 14504 255 53409 332 29064 31 17512 332 29052
62011 336 14504 255 53409 332 29064 31 42736 332 29052
62011 336 14504 255 53409 332 29064 31 27970 332 29052
62011 336 14504 255 53409 332 29064 31 49456 332 29052
62011 336 14504 255 53409 332 29064 31 75357 332 29052
62011 336 14504 255 53409 332 29064 31 46210 332 29052
62011 336 14504 255 53409 332 29064 31 41235 332 29052
62011 336 14504 255 53409 332 29064 31 74467 332 29052
62011 336 14504 255 53409 332 29064 31 46309 332 29052
62011 336 14504 255 53409 332 29064 31 37598 332 29052
62011 336 14504 255 53409 332 29064 31 34499 332 29052
62011 336 14504 255 53409 332 29064 31 49417 332 29052
62011 336 14504 255 53409 332 29064 31 58769 332 29052
62011 336 14504 255 53409 332 29064 31 48297 332 29052
62011 336 14504 255 53409 332 29064 31 71432 332 29052
62011 336 14504 255 53409 332 29064 31 51518 332 29052
62011 336 14504 255 53409 332 29064 31 33132 332 29052
62011 336 14504 255 53409 332 29064 31 58348 332 29052
62011 336 14504 255 53409 332 29064 31 42427 332 29052
62011 336 14504 255 53409 332 29064 31 24271 332 29052
62011 336 14504 255 53409 332 29064 31 61661 332 29052
62011 336 14504 255 53409 332 29064 31 12442 332 29052
62011 336 14504 255 53409 332 29064 31 51287 332 29052
62011 336 14504 255 53409 332 29064 31 4963 332 29052
62011 336 14504 255 53409 332 29064 31 39397 332 29052
62011 336 14504 255 53409 332 29064 31 25261 332 29052
62011 336 14504 255 53409 332 29064 31 3628 332 29052
62011 336 14504 255 53409 332 29064 31 19226 332 29052
62011 336 14504 255 53409 332 29064 31 6715 332 29052
62011 336 14504 255 53409 332 29064 31 60798 332 29052
62011 336 14504 255 53409 332 29064 31 73651 332 29052
62011 336 14504 255 53409 332 29064 31 5631 332 29052
62011 336 14504 255 53409 332 29064 31 11742 332 29052
62011 336 14504 255 53409 332 29064 31 71258 332 29052
62011 336 14504 255 53409 332 29064 31 53262 332 29052
62011 336 14504 255 53409 332 29064 31 56085 332 29052
62011 336 14504 255 53409 332 29064 31 13891 332 29052
62011 336 14504 255 53409 332 29064 31 29327 332 29052
62011 336 14504 255 53409 332 29064 31 50816 332 29052
62011 336 14504 255 53409 332 29064 31 36568 332 29052
62011 336 14504 255 53409 332 29064 31 31867 332 29052
62011 336 14504 255 53409 332 29064 31 56532 332 29052
62011 336 14504 255 53409 332 29064 31 44332 332 29052
62011 336 14504 255 53409 332 29064 31 43655 332 29052
62011 336 14504 255 53409 332 29064 31 56179 332 29052
62011 336 14504 255 53409 332 29064 31 35564 332 29052
62011 336 14504 255 53409 332 29064 31 47338 332 29052
62011 336 14504 255 53409 332 29064 31 28559 332 29052
62011 336 14504 255 53409 332 29064 31 16962 332 29052
62011 336 14504 255 53409 332 29064 31 65305 332 29052
62011 336 14504 255 53409 332 29064 31 36726 332 29052
62011 336 14504 255 53409 332 29064 31 51559 332 29052
62011 336 14504 255 53409 332 29064 31 15751 332 29052
62011 336 14504 255 53409 332 29064 31 40702 332 29052
62011 336 14504 255 53409 332 29064 31 18034 332 29052
62011 336 14504 255 53409 332 29064 31 62826 332 29052
62011 336 14504 255 53409 332 29064 31 22772 332 29052
62011 336 14504 255 53409 332 29064 31 37720 332 29052
62011 336 14504 255 53409 332 29064 31 50651 332 29052
62011 336 14504 255 53409 332 29064 31 14986 332 29052
62011 336 14504 255 53409 332 29064 31 47194 332 29052
62011 336 14504 255 53409 332 29064 31 11292 332 29052
62011 336 14504 255 53409 332 29064 31 11961 332 29052
62011 336 14504 255 53409 332 29064 31 74574 332 29052
62011 336 14504 255 53409 332 29064 31 41239 332 29052
62011 336 14504 255 53409 332 29064 31 47107 332 29052
62011 336 14504 255 53409 332 29064 31 4159 332 29052
62011 336 14504 255 53409 332 29064 31 26667 332 29052
62011 336 14504 255 53409 332 29064 31 22642 332 29052
62011 336 14504 255 53409 332 29064 31 48642 332 29052
62011 336 14504 255 53409 332 29064 31 13124 332 29052
62011 336 14504 255 53409 332 29064 31 72343 332 29052
62011 336 14504 255 53409 332 29064 31 71384 332 29052
62011 336 14504 255 53409 332 29064 31 58961 332 29052
62011 336 14504 255 53409 332 29064 31 39117 332 29052
62011 336 14504 255 53409 332 29064 31 5992 332 29052
62011 336 14504 255 53409 332 29064 31 34541 332 29052
62011 336 14504 255 53409 332 29064 31 1548 332 29052
62011 336 14504 255 53409 332 29064 31 73637 332 29052
62011 336 14504 255 53409 332 29064 31 69540 332 29052
62011 336 14504 255 53409 332 29064 31 18223 332 29052
62011 336 14504 255 53409 332 29064 31 4443 332 29052
62011 336 14504 255 53409 332 29064 31 18230 332 29052
62011 336 14504 255 53409 332 29064 31 57633 332 29052
62011 336 14504 255 53409 332 29064 31 14574 332 29052
62011 336 14504 255 53409 332 29064 31 5174 332 29052
62011 336 14504 255 53409 332 29064 31 54983 332 29052
62011 336 14504 255 53409 332 29064 31 25128 332 29052
62011 336 14504 255 53409 332 29064 31 74370 332 29052
62011 336 14504 255 53409 332 29064 31 55478 332 29052
62011 336 14504 255 53409 332 29064 31 35621 332 29052
62011 336 14504 255 53409 332 29064 31 22720 332 29052
62011 336 14504 255 53409 332 29064 31 53211 332 29052
62011 336 14504 255 53409 332 29064 31 39284 332 29052
62011 336 14504 255 53409 332 29064 31 63591 332 29052
62011 336 14504 255 53409 332 29064 31 54705 332 29052
62011 336 14504 255 53409 332 29064 31 31661 332 29052
62011 336 14504 255 53409 332 29064 31 14898 332 29052
62011 336 14504 255 53409 332 29064 31 23861 332 29052
62011 336 14504 255 53409 332 29064 31 47959 332 29052
62011 336 14504 255 53409 332 29064 31 54314 332 29052
62011 336 14504 255 53409 332 29064 31 50152 332 29052
62011 336 14504 255 53409 332 29064 31 29254 332 29052
62011 336 14504 255 53409 332 29064 31 12403 332 29052
62011 336 14504 255 53409 332 29064 31 45204 332 29052
62011 336 14504 255 53409 332 29064 31 30068 332 29052
62011 336 14504 255 53409 332 29064 31 7018 332 29052
62011 336 14504 255 53409 332 29064 31 6451 332 29052
62011 336 14504 255 53409 332 29064 31 64436 332 29052
62011 336 14504 255 53409 332 29064 31 36130 332 29052
62011 336 14504 255 53409 332 29064 31 36571 332 29052
62011 336 14504 255 53409 332 29064 31 64471 332 29052
62011 336 14504 255 53409 332 29064 31 31007 332 29052
62011 336 14504 255 53409 332 29064 31 13914 332 29052
62011 336 14504 255 53409 332 29064 31 58627 332 29052
62011 336 14504 255 53409 332 29064 31 16053 332 29052
62011 336 14504 255 53409 332 29064 31 9726 332 29052
62011 336 14504 255 53409 332 29064 31 55179 332 29052
62011 336 14504 255 53409 332 29064 31 39182 332 29052
62011 336 14504 255 53409 332 29064 31 51934 332 29052
62011 336 14504 255 53409 332 29064 31 70259 332 29052
62011 336 14504 255 53409 332 29064 31 11032 332 29052
62011 336 14504 255 53409 332 29064 31 51183 332 29052
62011 336 14504 255 53409 332 29064 31 37163 332 29052
62011 336 14504 255 53409 332 29064 31 21623 332 29052
62011 336 14504 255 53409 332 29064 31 73750 332 29052
62011 336 14504 255 53409 332 29064 31 68997 332 29052
62011 336 14504 255 53409 332 29064 31 11264 332 29052
62011 336 14504 255 53409 332 29064 31 52672 332 29052
62011 336 14504 255 53409 332 29064 31 15281 332 29052
62011 336 14504 255 53409 332 29064 31 1026 332 29052
62011 336 14504 255 53409 332 29064 31 27230 332 29052
62011 336 14504 255 53409 332 29064 31 6601 332 29052
62011 336 14504 255 53409 332 29064 31 71744 332 29052
62011 336 14504 255 53409 332 29064 31 67170 332 29052
62011 336 14504 255 53409 332 29064 31 45649 332 29052
62011 336 14504 255 53409 332 29064 31 63874 332 29052
62011 336 14504 255 53409 332 29064 31 60674 332 29052
62011 336 14504 255 53409 332 29064 31 65008 332 29052
62011 336 14504 255 53409 332 29064 31 54520 332 29052
62011 336 14504 255 53409 332 29064 31 43294 332 29052
62011 336 14504 255 53409 332 29064 31 15757 332 29052
62011 336 14504 255 53409 332 29064 31 2451 332 29052
62011 336 14504 255 53409 332 29064 31 72335 332 29052
62011 336 14504 255 53409 332 29064 31 14595 332 29052
62011 336 14504 255 53409 332 29064 31 35217 332 29052
62011 336 14504 255 53409 332 29064 31 53384 332 29052
62011 336 14504 255 53409 332 29064 31 39301 332 29052
62011 336 14504 255 53409 332 29064 31 26332 332 29052
62011 336 14504 255 53409 332 29064 31 72429 332 29052
62011 336 14504 255 53409 332 29064 31 53570 332 29052
62011 336 14504 255 53409 332 29064 31 53103 332 29052
62011 336 14504 255 53409 332 29064 31 39523 332 29052
62011 336 14504 255 53409 332 29064 31 28680 332 29052
62011 336 14504 255 53409 332 29064 31 61135 332 29052
62011 336 14504 255 53409 332 29064 31 8640 332 29052
62011 336 14504 255 53409 332 29064 31 34863 332 29052
62011 336 14504 255 53409 332 29064 31 1679 332 29052
62011 336 14504 255 53409 332 29064 31 7646 332 29052
62011 336 14504 255 53409 332 29064 31 28569 332 29052
62011 336 14504 255 53409 332 29064 31 66280 332 29052
62011 336 14504 255 53409 332 29064 31 16721 332 29052
62011 336 14504 255 53409 332 29064 31 35018 332 29052
62011 336 14504 255 53409 332 29064 31 57462 332 29052
62011 336 14504 255 53409 332 29064 31 55985 332 29052
62011 336 14504 255 53409 332 29064 31 14666 332 29052
62011 336 14504 255 53409 332 29064 31 65277 332 29052
62011 336 14504 255 53409 332 29064 31 19065 332 29052
62011 336 14504 255 53409 332 29064 31 7519 332 29052
62011 336 14504 255 53409 332 29064 31 45570 332 29052
62011 336 14504 255 53409 332 29064 31 14216 332 29052
62011 336 14504 255 53409 332 29064 31 17139 332 29052
62011 336 14504 255 53409 332 29064 31 11926 332 29052
62011 336 14504 255 53409 332 29064 31 9269 332 29052
62011 336 14504 255 53409 332 29064 31 41162 332 29052
62011 336 14504 255 53409 332 29064 31 38634 332 29052
62011 336 14504 255 53409 332 29064 31 10448 332 29052
62011 336 14504 255 53409 332 29064 31 53014 332 29052
62011 336 14504 255 53409 332 29064 31 57819 332 29052
62011 336 14504 255 53409 332 29064 31 65956 332 29052
62011 336 14504 255 53409 332 29064 31 57035 332 29052
62011 336 14504 255 53409 332 29064 31 41374 332 29052
62011 336 14504 255 53409 332 29064 31 70422 332 29052
62011 336 14504 255 53409 332 29064 31 40305 332 29052
62011 336 14504 255 53409 332 29064 31 44651 332 29052
62011 336 14504 255 53409 332 29064 31 43749 332 29052
62011 336 14504 255 53409 332 29064 31 5926 332 29052
62011 336 14504 255 53409 332 29064 31 58796 332 29052
62011 336 14504 255 53409 332 29064 31 35519 332 29052
62011 336 14504 255 53409 332 29064 31 487 332 29052
62011 336 14504 255 53409 332 29064 31 17774 332 29052
62011 336 14504 255 53409 332 29064 31 43048 332 29052
62011 336 14504 255 53409 332 29064 31 48224 332 29052
62011 336 14504 255 53409 332 29064 31 50337 332 29052
62011 336 14504 255 53409 332 29064 31 49084 332 29052
62011 336 14504 255 53409 332 29064 31 62098 332 29052
62011 336 14504 255 53409 332 29064 31 36866 332 29052
62011 336 14504 255 53409 332 29064 31 37611 332 29052
62011 336 14504 255 53409 332 29064 31 4537 332 29052
62011 336 14504 255 53409 332 29064 31 65642 332 29052
62011 336 14504 255 53409 332 29064 31 16722 332 29052
62011 336 14504 255 53409 332 29064 31 53798 332 29052
62011 336 14504 255 53409 332 29064 31 68221 332 29052
62011 336 14504 255 53409 332 29064 31 45229 332 29052
62011 336 14504 255 53409 332 29064 31 63954 332 29052
62011 336 14504 255 53409 332 29064 31 18167 332 29052
62011 336 14504 255 53409 332 29064 31 3611 332 29052
62011 336 14504 255 53409 332 29064 31 25889 332 29052
62011 336 14504 255 53409 332 29064 31 36223 332 29052
62011 336 14504 255 53409 332 29064 31 70019 332 29052
62011 336 14504 255 53409 332 29064 31 24570 332 29052
62011 336 14504 255 53409 332 29064 31 67768 332 29052
62011 336 14504 255 53409 332 29064 31 17522 332 29052
62011 336 14504 255 53409 332 29064 31 25372 332 29052
62011 336 14504 255 53409 332 29064 31 44472 332 29052
62011 336 14504 255 53409 332 29064 31 8284 332 29052
62011 336 14504 255 53409 332 29064 31 37633 332 29052
62011 336 14504 255 53409 332 29064 31 64127 332 29052
62011 336 14504 255 53409 332 29064 31 20785 332 29052
62011 336 14504 255 53409 332 29064 31 38325 332 29052
62011 336 14504 255 53409 332 29064 31 59128 332 29052
62011 336 14504 255 53409 332 29064 31 58932 332 29052
62011 336 14504 255 53409 332 29064 31 31808 332 29052
62011 336 14504 255 53409 332 29064 31 26371 332 29052
62011 336 14504 255 53409 332 29064 31 20603 332 29052
62011 336 14504 255 53409 332 29064 31 46146 332 29052
62011 336 14504 255 53409 332 29064 31 37294 332 29052
62011 336 14504 255 53409 332 29064 31 50985 332 29052
62011 336 14504 255 53409 332 29064 31 9330 332 29052
62011 336 14504 255 53409 332 29064 31 6345 332 29052
62011 336 14504 255 53409 332 29064 31 18843 332 29052
62011 336 14504 255 53409 332 29064 31 73875 332 29052
62011 336 14504 255 53409 332 29064 31 39527 332 29052
62011 336 14504 255 53409 332 29064 31 46820 332 29052
62011 336 14504 255 53409 332 29064 31 51080 332 29052
62011 336 14504 255 53409 332 29064 31 33365 332 29052
62011 336 14504 255 53409 332 29064 31 59849 332 29052
62011 336 14504 255 53409 332 29064 31 4163 332 29052
62011 336 14504 255 53409 332 29064 31 14796 332 29052
62011 336 14504 255 53409 332 29064 31 70778 332 29052
62011 336 14504 255 53409 332 29064 31 46167 332 29052
62011 336 14504 255 53409 332 29064 31 45349 332 29052
62011 336 14504 255 53409 332 29064 31 17948 332 29052
62011 336 14504 255 53409 332 29064 31 46669 332 29052
62011 336 14504 255 53409 332 29064 31 45860 332 29052
62011 336 14504 255 53409 332 29064 31 3581 332 29052
62011 336 14504 255 53409 332 29064 31 1541 332 29052
62011 336 14504 255 53409 332 29064 31 26343 332 29052
62011 336 14504 255 53409 332 29064 31 48125 332 29052
62011 336 14504 255 53409 332 29064 31 19361 332 29052
62011 336 14504 255 53409 332 29064 31 45354 332 29052
62011 336 14504 255 53409 332 29064 31 10680 332 29052
62011 336 14504 255 53409 332 29064 31 3794 332 29052
62011 336 14504 255 53409 332 29064 31 63304 332 29052
62011 336 14504 255 53409 332 29064 31 74865 332 29052
62011 336 14504 255 53409 332 29064 31 4397 332 29052
62011 336 14504 255 53409 332 29064 31 48202 332 29052
62011 336 14504 255 53409 332 29064 31 54310 332 29052
62011 336 14504 255 53409 332 29064 31 41526 332 29052
62011 336 14504 255 53409 332 29064 31 15838 332 29052
62011 336 14504 255 53409 332 29064 31 69214 332 29052
62011 336 14504 255 53409 332 29064 31 63979 332 29052
62011 336 14504 255 53409 332 29064 31 8570 332 29052
62011 336 14504 255 53409 332 29064 31 69182 332 29052
62011 336 14504 255 53409 332 29064 31 64296 332 29052
62011 336 14504 255 53409 332 29064 31 67407 332 29052
62011 336 14504 255 53409 332 29064 31 24169 332 29052
62011 336 14504 255 53409 332 29064 31 44377 332 29052
62011 336 14504 255 53409 332 29064 31 18012 332 29052
62011 336 14504 255 53409 332 29064 31 51744 332 29052
62011 336 14504 255 53409 332 29064 31 45727 332 29052
62011 336 14504 255 53409 332 29064 31 55099 332 29052
62011 336 14504 255 53409 332 29064 31 62219 332 29052
62011 336 14504 255 53409 332 29064 31 26905 332 29052
62011 336 14504 255 53409 332 29064 31 503 332 29052
62011 336 14504 255 53409 332 29064 31 72979 332 29052
62011 336 14504 255 53409 332 29064 31 62691 332 29052
62011 336 14504 255 53409 332 29064 31 769 332 29052
62011 336 14504 255 53409 332 29064 31 15927 332 29052
62011 336 14504 255 53409 332 29064 31 15214 332 29052
62011 336 14504 255 53409 332 29064 31 55993 332 29052
62011 336 14504 255 53409 332 29064 31 24754 332 29052
62011 336 14504 255 53409 332 29064 31 20344 332 29052
62011 336 14504 255 53409 332 29064 31 9616 332 29052
62011 336 14504 255 53409 332 29064 31 12132 332 29052
62011 336 14504 255 53409 332 29064 31 47656 332 29052
62011 336 14504 255 53409 332 29064 31 17107 332 29052
62011 336 14504 255 53409 332 29064 31 56153 332 29052
62011 336 14504 255 53409 332 29064 31 22487 332 29052
62011 336 14504 255 53409 332 29064 31 8501 332 29052
62011 336 14504 255 53409 332 29064 31 57550 332 29052
62011 336 14504 255 53409 332 29064 31 58777 332 29052
62011 336 14504 255 53409 332 29064 31 2286 332 29052
62011 336 14504 255 53409 332 29064 31 8597 332 29052
62011 336 14504 255 53409 332 29064 31 23082 332 29052
62011 336 14504 255 53409 332 29064 31 41892 332 29052
62011 336 14504 255 53409 332 29064 31 70261 332 29052
62011 336 14504 255 53409 332 29064 31 16117 332 29052
62011 336 14504 255 53409 332 29064 31 6057 332 29052
62011 336 14504 255 53409 332 29064 31 604 332 29052
62011 336 14504 255 53409 332 29064 31 32653 332 29052
62011 336 14504 255 53409 332 29064 31 32267 332 29052
62011 336 14504 255 53409 332 29064 31 6630 332 29052
62011 336 14504 255 53409 332 29064 31 14746 332 29052
62011 336 14504 255 53409 332 29064 31 53371 332 29052
62011 336 14504 255 53409 332 29064 31 51589 332 29052
62011 336 14504 255 53409 332 29064 31 22644 332 29052
62011 336 14504 255 53409 332 29064 31 38810 332 29052
62011 336 14504 255 53409 332 29064 31 8477 332 29052
62011 336 14504 255 53409 332 29064 31 27769 332 29052
62011 336 14504 255 53409 332 29064 31 29493 332 29052
62011 336 14504 255 53409 332 29064 31 62841 332 29052
62011 336 14504 255 53409 332 29064 31 20513 332 29052
62011 336 14504 255 53409 332 29064 31 23877 332 29052
62011 336 14504 255 53409 332 29064 31 59613 332 29052
62011 336 14504 255 53409 332 29064 31 32036 332 29052
62011 336 14504 255 53409 332 29064 31 25017 332 29052
62011 336 14504 255 53409 332 29064 31 6957 332 29052
62011 336 14504 255 53409 332 29064 31 4960 332 29052
62011 336 14504 255 53409 332 29064 31 56358 332 29052
62011 336 14504 255 53409 332 29064 31 47346 332 29052
62011 336 14504 255 53409 332 29064 31 17345 332 29052
62011 336 14504 255 53409 332 29064 31 595 332 29052
62011 336 14504 255 53409 332 29064 31 6621 332 29052
62011 336 14504 255 53409 332 29064 31 17662 332 29052
62011 336 14504 255 53409 332 29064 31 74624 332 29052
62011 336 14504 255 53409 332 29064 31 37462 332 29052
62011 336 14504 255 53409 332 29064 31 69847 332 29052
62011 336 14504 255 53409 332 29064 31 49503 332 29052
62011 336 14504 255 53409 213 50130 121 41295 332 29052
62011 336 14504 255 7846 114 18597 373 59061 332 29052
62011 336 14504 255 7846 114 18597 382 34238 332 29052
62011 336 14504 255 7846 114 18597 382 69592 332 29052
62011 336 14504 255 7846 114 18597 382 22411 332 29052
62011 336 14504 255 7846 114 18597 382 69019 332 29052
62011 336 14504 255 68591 305 32131 126 6576 332 29052
62011 336 14504 255 68591 305 32131 298 15004 332 29052
62011 336 14504 255 68591 305 32131 26 24357 332 29052
62011 336 14504 255 49761 336 72858 155 21455 332 29052
62011 336 14504 255 49761 336 72858 155 43847 332 29052
62011 336 14504 255 49761 336 72858 155 44184 332 29052
62011 336 14504 255 49761 336 72858 100 42306 332 29052
62011 336 14504 255 49761 336 72858 100 28384 332 29052
62011 336 14504 255 49761 336 72858 100 27358 332 29052
62011 336 14504 255 49761 336 72858 397 4192 332 29052
62011 336 14504 255 49761 336 72858 397 61104 332 29052
62011 336 14504 255 49761 336 72858 397 38910 332 29052
62011 336 14504 255 49761 172 33504 155 11967 332 29052
62011 336 14504 255 49761 230 12614 102 39984 332 29052
62011 336 14504 255 49761 385 54168 254 25226 332 29052
62011 336 14504 255 49761 385 54168 254 74298 332 29052
62011 336 14504 255 49761 385 54168 254 1279 332 29052
62011 336 14504 255 49761 385 54168 254 63135 332 29052
62011 336 14504 255 49761 385 54168 254 14385 332 29052
62011 336 14504 255 49761 385 54168 254 9696 332 29052
62011 336 14504 255 49761 102 46685 359 63489 332 29052
62011 336 14504 255 49761 143 69742 113 63780 332 29052
62011 336 14504 255 49761 143 69742 113 33373 332 29052
62011 336 14504 255 49761 143 69742 113 58320 332 29052
62011 336 14504 255 49761 100 19847 28 63956 332 29052
62011 336 14504 255 49761 356 65917 102 11363 332 29052
62011 336 14504 255 49761 356 65917 102 41086 332 29052
62011 336 14504 255 70836 57 65855 31 34575 332 29052
62011 336 14504 255 70836 57 65855 31 64735 332 29052
62011 336 14504 255 70836 57 65855 31 39248 332 29052
62011 336 14504 255 70836 57 65855 31 66508 332 29052
62011 336 14504 255 70836 57 65855 31 2376 332 29052
62011 336 14504 255 70836 57 65855 31 22840 332 29052
62011 336 14504 255 70836 57 65855 31 39329 332 29052
62011 336 14504 255 70836 57 65855 31 28467 332 29052
62011 336 14504 255 70836 57 65855 31 35771 332 29052
62011 336 14504 255 70836 57 65855 31 49666 332 29052
62011 336 14504 255 70836 57 65855 31 31150 332 29052
62011 336 14504 255 70836 57 65855 31 28782 332 29052
62011 336 14504 255 70836 57 65855 31 44291 332 29052
62011 336 14504 255 70836 57 65855 31 5865 332 29052
62011 336 14504 255 70836 57 65855 31 38355 332 29052
62011 336 14504 255 70836 57 65855 31 30156 332 29052
62011 336 14504 255 70836 57 65855 31 22962 332 29052
62011 336 14504 255 70836 57 65855 31 31066 332 29052
62011 336 14504 255 70836 57 65855 31 63392 332 29052
62011 336 14504 255 70836 57 65855 31 67308 332 29052
62011 336 14504 255 70836 57 65855 31 70180 332 29052
62011 336 14504 255 70836 57 65855 31 71513 332 29052
62011 336 14504 255 70836 57 65855 31 59650 332 29052
62011 336 14504 255 70836 57 65855 31 59627 332 29052
62011 336 14504 255 70836 57 65855 31 69289 332 29052
62011 336 14504 255 70836 57 65855 31 11789 332 29052
62011 336 14504 255 70836 57 65855 31 18987 332 29052
62011 336 14504 255 70836 57 65855 31 24104 332 29052
62011 336 14504 255 70836 57 65855 31 75371 332 29052
62011 336 14504 255 70836 57 65855 31 29119 332 29052
62011 336 14504 255 70836 57 65855 31 75463 332 29052
62011 336 14504 255 70836 57 65855 31 72933 332 29052
62011 336 14504 255 70836 57 65855 31 11154 332 29052
62011 336 14504 255 70836 57 65855 31 67015 332 29052
62011 336 14504 255 70836 57 65855 31 38136 332 29052
62011 336 14504 255 70836 57 65855 31 50523 332 29052
62011 336 14504 255 70836 57 65855 31 59279 332 29052
62011 336 14504 255 70836 57 65855 31 49073 332 29052
62011 336 14504 255 70836 57 65855 31 55065 332 29052
62011 336 14504 255 70836 57 65855 31 55707 332 29052
62011 336 14504 255 70836 57 65855 31 1929 332 29052
62011 336 14504 255 70836 57 65855 31 22 332 29052
62011 336 14504 255 70836 57 65855 31 43265 332 29052
62011 336 14504 255 70836 57 65855 31 7135 332 29052
62011 336 14504 255 70836 57 65855 31 71834 332 29052
62011 336 14504 255 70836 57 65855 31 36756 332 29052
62011 336 14504 255 70836 57 65855 31 70441 332 29052
62011 336 14504 255 70836 57 65855 31 16902 332 29052
62011 336 14504 255 70836 57 65855 31 5861 332 29052
62011 336 14504 255 70836 57 65855 31 72809 332 29052
62011 336 14504 255 70836 57 65855 31 13839 332 29052
62011 336 14504 255 70836 57 65855 31 6544 332 29052
62011 336 14504 255 70836 57 65855 31 53891 332 29052
62011 336 14504 255 70836 57 65855 31 5604 332 29052
62011 336 14504 255 70836 57 65855 31 58515 332 29052
62011 336 14504 255 70836 57 65855 31 52525 332 29052
62011 336 14504 255 70836 57 65855 31 32246 332 29052
62011 336 14504 255 70836 57 65855 31 59917 332 29052
62011 336 14504 255 70836 57 65855 31 56798 332 29052
62011 336 14504 255 70836 57 65855 31 69655 332 29052
62011 336 14504 255 70836 57 65855 31 23225 332 29052
62011 336 14504 255 2007 332 65856 31 75464 332 29052
62011 336 14504 255 2007 332 65856 31 37028 332 29052
62011 336 14504 255 2007 332 65856 31 42510 332 29052
62011 336 14504 255 2007 332 65856 31 23655 332 29052
62011 336 14504 255 2007 332 65856 31 16792 332 29052
62011 336 14504 255 2007 332 65856 31 19093 332 29052
62011 336 14504 255 2007 332 65856 31 65989 332 29052
62011 336 14504 255 2007 332 65856 31 6326 332 29052
62011 336 14504 255 2007 332 65856 31 1296 332 29052
62011 336 14504 255 2007 332 65856 31 12547 332 29052
62011 336 14504 255 2007 332 65856 31 74638 332 29052
62011 336 14504 255 2007 332 65856 31 7212 332 29052
62011 336 14504 255 2007 332 65856 31 36892 332 29052
62011 336 14504 255 2007 332 65856 31 31247 332 29052
62011 336 14504 255 2007 332 65856 31 62238 332 29052
62011 336 14504 255 2007 332 65856 31 40753 332 29052
62011 336 14504 255 2007 332 65856 31 3938 332 29052
62011 336 14504 255 2007 332 65856 31 69233 332 29052
62011 336 14504 255 2007 332 65856 31 44007 332 29052
62011 336 14504 255 2007 332 65856 31 9664 332 29052
62011 336 14504 255 56513 332 29065 31 14426 332 29052
62011 336 14504 255 56513 332 29065 31 71051 332 29052
62011 336 14504 255 56513 332 29065 31 71532 332 29052
62011 336 14504 255 56513 332 29065 31 64748 332 29052
62011 336 14504 255 56513 332 29065 31 54149 332 29052
62011 336 14504 255 56513 332 29065 31 21533 332 29052
62011 336 14504 255 56513 332 29065 31 52 332 29052
62011 336 14504 255 56513 332 29065 31 8760 332 29052
62011 336 14504 255 56513 332 29065 31 32797 332 29052
62011 336 14504 255 56513 332 29065 31 63632 332 29052
62011 336 14504 255 56513 332 29065 31 26818 332 29052
62011 336 14504 255 56513 332 29065 31 9075 332 29052
62011 336 14504 255 56513 332 29065 31 47239 332 29052
62011 336 14504 255 56513 332 29065 31 41544 332 29052
62011 336 14504 255 56513 332 29065 31 59900 332 29052
62011 336 14504 255 56513 332 29065 31 54985 332 29052
62011 336 14504 255 56513 332 29065 31 37497 332 29052
62011 336 14504 255 56513 332 29065 31 54016 332 29052
62011 336 14504 255 56513 332 29065 31 28493 332 29052
62011 336 14504 255 56513 332 29065 31 49432 332 29052
62011 336 14504 255 56513 332 29065 31 11558 332 29052
62011 336 14504 255 56513 332 29065 31 29463 332 29052
62011 336 14504 255 56513 332 29065 31 17130 332 29052
62011 336 14504 255 56513 332 29065 31 43005 332 29052
62011 336 14504 255 56513 332 29065 31 2218 332 29052
62011 336 14504 255 56513 332 29065 31 50205 332 29052
62011 336 14504 255 56513 332 29065 31 50498 332 29052
62011 336 14504 255 56513 332 29065 31 43466 332 29052
62011 336 14504 255 56513 332 29065 31 15854 332 29052
62011 336 14504 255 56513 332 29065 31 8180 332 29052
62011 336 14504 255 56513 332 29065 31 44699 332 29052
62011 336 14504 255 56513 332 29065 31 11962 332 29052
62011 336 14504 255 56513 332 29065 31 17168 332 29052
62011 336 14504 255 56513 332 29065 31 14684 332 29052
62011 336 14504 255 56513 332 29065 31 72418 332 29052
62011 336 14504 255 56513 332 29065 31 48664 332 29052
62011 336 14504 255 56513 332 29065 31 53577 332 29052
62011 336 14504 255 56513 332 29065 31 34257 332 29052
62011 336 14504 255 56513 332 29065 31 24827 332 29052
62011 336 14504 255 56513 332 29065 31 72760 332 29052
62011 336 14504 255 56513 332 29065 31 6580 332 29052
62011 336 14504 255 56513 332 29065 31 7922 332 29052
62011 336 14504 255 56513 332 29065 31 6183 332 29052
62011 336 14504 255 56513 332 29065 31 39338 332 29052
62011 336 14504 255 56513 332 29065 31 26991 332 29052
62011 336 14504 255 56513 332 29065 31 60830 332 29052
62011 336 14504 255 56513 332 29065 31 51753 332 29052
62011 336 14504 255 56513 332 29065 31 26034 332 29052
62011 336 14504 255 56513 332 29065 31 39091 332 29052
62011 336 14504 255 56513 332 29065 31 67973 332 29052
62011 336 14504 255 56513 332 29065 31 1855 332 29052
62011 336 14504 255 56513 332 29065 31 30312 332 29052
62011 336 14504 255 56513 332 29065 31 41161 332 29052
62011 336 14504 255 56513 332 29065 31 8335 332 29052
62011 336 14504 255 56513 332 29065 31 31812 332 29052
62011 336 14504 255 56513 332 29065 31 39627 332 29052
62011 336 14504 255 56513 332 29065 31 17048 332 29052
62011 336 14504 255 56513 332 29065 31 43408 332 29052
62011 336 14504 255 56513 332 29065 31 62779 332 29052
62011 336 14504 255 56513 332 29065 31 34687 332 29052
62011 336 14504 255 56513 332 29065 31 22378 332 29052
62011 336 14504 255 56513 332 29065 31 63326 332 29052
62011 336 14504 255 56513 332 29065 31 65464 332 29052
62011 336 14504 255 56513 332 29065 31 68784 332 29052
62011 336 14504 255 56513 332 29065 31 8625 332 29052
62011 336 14504 255 56513 332 29065 31 57034 332 29052
62011 336 14504 255 56513 332 29065 31 9929 332 29052
62011 336 14504 255 56513 332 29065 31 43136 332 29052
62011 336 14504 255 56513 332 29065 31 34971 332 29052
62011 336 14504 255 56513 332 29065 31 10015 332 29052
62011 336 14504 255 56513 332 29065 31 68964 332 29052
62011 336 14504 255 56513 332 29065 31 51747 332 29052
62011 336 14504 255 56513 332 29065 31 8450 332 29052
62011 336 14504 255 56513 332 29065 31 72049 332 29052
62011 336 14504 255 56513 332 29065 31 43267 332 29052
62011 336 14504 255 61624 332 65853 31 19430 332 29052
62011 336 14504 255 61624 332 65853 31 14798 332 29052
62011 336 14504 255 61624 332 65853 31 49542 332 29052
62011 336 14504 255 61624 332 65853 31 12991 332 29052
62011 336 14504 255 61624 332 65853 31 54334 332 29052
62011 336 14504 255 61624 332 65853 31 51623 332 29052
62011 336 14504 255 61624 332 65853 31 58363 332 29052
62011 336 14504 255 61624 332 65853 31 35530 332 29052
62011 336 14504 255 61624 332 65853 31 55831 332 29052
62011 336 14504 255 61624 332 65853 31 24817 332 29052
62011 336 14504 255 61624 332 65853 31 19050 332 29052
62011 336 14504 255 61624 332 65853 31 14815 332 29052
62011 336 14504 255 61624 332 65853 31 36192 332 29052
62011 336 14504 255 61624 332 65853 31 62745 332 29052
62011 336 14504 255 61624 332 65853 31 37287 332 29052
62011 336 14504 255 61624 332 65857 31 37651 332 29052
62011 336 14504 255 61624 332 65857 31 44613 332 29052
62011 336 14504 255 61624 332 65857 31 73669 332 29052
62011 336 14504 255 61624 332 65857 31 60312 332 29052
62011 336 14504 255 61624 332 65857 31 74947 332 29052
62011 336 14504 255 61624 332 65857 31 62862 332 29052
62011 336 14504 255 61624 332 65857 31 66293 332 29052
62011 336 14504 255 61624 332 65857 31 74496 332 29052
62011 336 14504 255 61624 332 65857 31 30898 332 29052
62011 336 14504 255 61624 332 65857 31 19733 332 29052
62011 336 14504 255 61624 332 65857 31 28828 332 29052
62011 336 14504 255 61624 332 29061 31 26268 332 29052
62011 336 14504 255 61624 332 29061 31 74689 332 29052
62011 336 14504 255 61624 332 29061 31 24666 332 29052
62011 336 14504 255 61624 332 29061 31 46071 332 29052
62011 336 14504 255 61624 332 29061 31 8321 332 29052
62011 336 14504 255 61624 332 68337 31 47146 332 29052
62011 336 14504 255 61624 332 23453 31 64132 332 29052
62011 336 14504 255 61624 332 23453 31 50275 332 29052
62011 336 14504 255 61624 332 23453 31 45695 332 29052
62011 336 14504 255 61624 332 23453 31 22143 332 29052
62011 336 14504 255 61624 332 23453 31 13036 332 29052
62011 336 14504 255 61624 332 23453 31 2609 332 29052
62011 336 14504 255 61624 332 23453 31 41491 332 29052
62011 336 14504 255 61624 332 23453 31 5457 332 29052
62011 336 14504 255 61624 332 23453 31 57434 332 29052
62011 336 14504 255 61624 332 23453 31 14927 332 29052
62011 336 14504 255 61624 332 23453 31 57689 332 29052
62011 336 14504 255 61624 332 23453 31 35836 332 29052
62011 336 53751 277 65268 332 10045 31 60225 332 29052
62011 336 53751 277 65268 332 65861 31 57483 332 29052
62011 336 53751 277 65268 332 65861 31 63798 332 29052
62011 336 53751 277 65268 332 65861 31 72203 332 29052
62011 336 53751 277 65268 332 65861 31 48518 332 29052
62011 336 53751 277 65268 332 65861 31 55639 332 29052
62011 336 53751 277 65268 332 65861 31 34961 332 29052
62011 336 53751 277 65268 332 65861 31 14072 332 29052
62011 336 53751 277 65268 332 65861 31 53328 332 29052
62011 336 53751 277 21115 369 33054 277 20613 332 29052
62011 336 53751 277 21115 369 33054 277 50902 332 29052
62011 336 53751 277 21115 369 33054 277 37349 332 29052
62011 336 53751 277 21115 369 33054 277 24955 332 29052
62011 336 53751 277 21115 369 33054 277 20307 332 29052
62011 336 53751 277 21115 369 33054 277 56093 332 29052
62011 336 53751 277 21115 369 33054 277 64253 332 29052
62011 336 53751 277 21115 369 33054 277 60819 332 29052
62011 336 53751 277 21115 369 33054 277 71479 332 29052
62011 336 53751 277 21115 369 33054 277 8087 332 29052
62011 336 53751 277 21115 369 33054 277 26408 332 29052
62011 336 53751 277 21115 369 33054 277 59816 332 29052
62011 336 53751 277 21115 369 33054 277 1497 332 29052
62011 336 53751 277 21115 369 33054 277 14149 332 29052
62011 336 53751 277 21115 369 33054 252 8945 332 29052
62011 336 53751 277 16834 332 1707 31 34247 332 29052
62011 336 53751 277 16834 332 68334 31 39490 332 29052
62011 336 53751 277 16834 297 61222 231 70013 332 29052
62011 336 53751 277 24591 72 53060 75 17563 332 29052
62011 336 53751 28 38944 315 38128 398 7103 332 29052
62011 336 53751 28 38944 369 53811 277 63774 332 29052
62011 336 53751 28 38944 369 53811 277 33417 332 29052
62011 336 53751 28 59913 32 43961 75 47850 332 29052
62011 336 53751 5 48284 85 17058 214 70255 332 29052
62011 336 53751 252 6067 32 34351 102 63040 332 29052
62011 336 53751 252 6067 151 25110 75 43783 332 29052
62011 336 53751 252 6067 151 69931 272 66776 332 29052
62011 336 53751 155 69092 294 19694 240 1430 332 29052
62011 336 53751 155 69092 294 53499 294 44433 332 29052
62011 336 53751 155 69092 294 9013 298 51270 332 29052
62011 336 53751 155 69092 294 73838 52 17738 332 29052
62011 336 53751 155 69092 277 29779 96 39290 332 29052
62011 336 53751 151 41897 277 64632 214 20534 332 29052
62011 336 14504 255 53409 332 29064 31 6345 240 36790 332 29052
62011 336 14504 255 49761 172 63771 172 61402 155 7104 332 29052
62011 336 14504 255 13251 213 41980 144 9086 355 67168 332 29052
62011 336 14504 255 68417 397 59413 303 65814 303 28591 332 29052
62011 336 14504 255 68417 397 59413 303 65814 303 55217 332 29052
62011 336 53751 277 16834 297 61222 20 27580 342 61915 332 29052
62011 336 53751 277 9777 32 60841 222 31680 155 50616 332 29052
62011 336 53751 28 38944 354 57047 364 8361 268 7479 332 29052
62011 336 53751 28 38944 358 32824 369 40754 277 20878 332 29052
