64880 332 3980
64880 332 65857 31 72079 332 3980
64880 332 65857 31 1444 332 3980
64880 332 65857 31 23655 332 3980
64880 332 65857 31 67997 332 3980
64880 332 65857 31 32357 332 3980
64880 332 65857 31 33132 332 3980
64880 332 65857 31 27960 332 3980
64880 332 65857 31 70625 332 3980
64880 332 65857 31 73556 332 3980
64880 332 65857 31 57819 332 3980
64880 332 65857 31 6534 332 3980
64880 332 65857 31 28376 332 3980
64880 332 65857 31 64590 332 3980
64880 332 65857 31 26343 332 3980
64880 332 65857 31 33377 332 3980
64880 332 65853 31 14798 332 3980
64880 332 68338 31 65183 332 3980
