64880 332 51352
64880 332 65857 31 41111 332 51352
64880 332 65857 31 68049 332 51352
64880 332 65857 31 40434 332 51352
64880 332 65857 31 2748 332 51352
64880 332 65857 31 73755 332 51352
64880 332 65857 31 42693 332 51352
64880 332 65857 31 32357 332 51352
64880 332 65857 31 56226 332 51352
64880 332 65857 31 62148 332 51352
64880 332 65857 31 49417 332 51352
64880 332 65857 31 33132 332 51352
64880 332 65857 31 27960 332 51352
64880 332 65857 31 11292 332 51352
64880 332 65857 31 36156 332 51352
64880 332 65857 31 24688 332 51352
64880 332 65857 31 32824 332 51352
64880 332 65857 31 9696 332 51352
64880 332 65857 31 62341 332 51352
64880 332 65857 31 57819 332 51352
64880 332 65857 31 6534 332 51352
64880 332 65857 31 58806 332 51352
64880 332 65857 31 12956 332 51352
64880 332 65857 31 2286 332 51352
64880 332 65857 31 33377 332 51352
64880 332 65857 31 29493 332 51352
64880 332 65857 151 33054 252 51352
64880 332 65857 151 33054 151 51352
64880 332 65857 369 41897 277 51352
64880 332 65856 31 43929 332 51352
64880 332 65856 369 50528 28 51352
64880 332 65856 369 50528 277 51352
64880 332 65855 31 39739 332 51352
64880 332 35877 369 67410 277 51352
