64880 332 6058
64880 332 65857 31 72079 332 6058
64880 332 65857 31 37109 332 6058
64880 332 65857 31 42633 332 6058
64880 332 65857 31 47399 332 6058
64880 332 65857 31 1444 332 6058
64880 332 65857 31 67997 332 6058
64880 332 65857 31 65174 332 6058
64880 332 65857 31 22809 332 6058
64880 332 65857 31 58804 332 6058
64880 332 65857 31 3644 332 6058
64880 332 65857 31 4892 332 6058
64880 332 65857 31 32357 332 6058
64880 332 65857 31 29174 332 6058
64880 332 65857 31 36458 332 6058
64880 332 65857 31 74947 332 6058
64880 332 65857 31 33132 332 6058
64880 332 65857 31 4445 332 6058
64880 332 65857 31 27960 332 6058
64880 332 65857 31 70625 332 6058
64880 332 65857 31 28484 332 6058
64880 332 65857 31 73559 332 6058
64880 332 65857 31 44074 332 6058
64880 332 65857 31 17692 332 6058
64880 332 65857 31 57819 332 6058
64880 332 65857 31 8371 332 6058
64880 332 65857 31 6534 332 6058
64880 332 65857 31 13839 332 6058
64880 332 65857 31 28376 332 6058
64880 332 65857 31 58806 332 6058
64880 332 65857 31 36323 332 6058
64880 332 65857 31 25110 332 6058
64880 332 65857 31 3650 332 6058
64880 332 65857 31 68560 332 6058
64880 332 65857 31 17630 332 6058
64880 332 65857 31 11708 332 6058
64880 332 65857 31 12956 332 6058
64880 332 65857 31 26710 332 6058
64880 332 65857 31 33377 332 6058
64880 332 65857 31 29493 332 6058
64880 332 65857 31 6621 332 6058
64880 332 65856 31 19515 332 6058
64880 332 65856 31 24058 332 6058
64880 332 65856 31 64739 332 6058
64880 332 65856 31 19847 332 6058
64880 332 65856 31 3042 332 6058
64880 332 65856 31 67239 332 6058
64880 332 65856 31 4960 332 6058
64880 332 65861 31 31636 332 6058
64880 332 10045 31 32723 332 6058
64880 332 10045 31 35880 332 6058
64880 332 10045 31 67768 332 6058
64880 332 10045 31 58932 332 6058
64880 332 10045 31 19694 332 6058
64880 332 10045 31 70778 332 6058
64880 332 10045 252 69092 277 6058
64880 332 65855 31 72637 332 6058
64880 332 65855 31 11789 332 6058
64880 332 65855 31 49132 332 6058
64880 332 65855 31 10474 332 6058
64880 332 60031 31 57818 332 6058
64880 332 40308 31 50691 332 6058
64880 332 29052 31 65235 332 6058
64880 332 68334 31 6987 332 6058
64880 332 65857 31 69984 332 74810 332 6058
64880 332 65857 31 59220 5 20058 332 6058
64880 332 65857 151 33054 277 31314 332 6058
64880 332 10045 252 69092 294 33490 332 6058
64880 397 59413 297 61222 231 41662 332 6058
64880 397 59413 297 61222 231 7971 332 6058
64880 332 65857 31 72079 332 10188 31 20213 332 6058
64880 332 65857 31 30845 332 68807 31 33468 332 6058
64880 332 65857 31 30845 332 68807 31 15032 332 6058
64880 332 65857 31 37109 332 68805 31 1773 332 6058
64880 332 65857 31 37109 332 68805 31 31272 332 6058
64880 332 65857 31 1444 332 14964 31 18277 332 6058
