64880 332 29052
64880 397 59413 332 29052
64880 332 65857 31 15024 332 29052
64880 332 65857 31 44925 332 29052
64880 332 65857 31 72079 332 29052
64880 332 65857 31 20140 332 29052
64880 332 65857 31 73627 332 29052
64880 332 65857 31 56854 332 29052
64880 332 65857 31 38768 332 29052
64880 332 65857 31 30622 332 29052
64880 332 65857 31 14264 332 29052
64880 332 65857 31 43189 332 29052
64880 332 65857 31 1549 332 29052
64880 332 65857 31 17625 332 29052
64880 332 65857 31 65441 332 29052
64880 332 65857 31 52636 332 29052
64880 332 65857 31 50024 332 29052
64880 332 65857 31 64735 332 29052
64880 332 65857 31 53291 332 29052
64880 332 65857 31 39248 332 29052
64880 332 65857 31 30845 332 29052
64880 332 65857 31 75464 332 29052
64880 332 65857 31 10736 332 29052
64880 332 65857 31 5454 332 29052
64880 332 65857 31 37109 332 29052
64880 332 65857 31 37724 332 29052
64880 332 65857 31 52436 332 29052
64880 332 65857 31 75234 332 29052
64880 332 65857 31 16161 332 29052
64880 332 65857 31 56660 332 29052
64880 332 65857 31 66245 332 29052
64880 332 65857 31 23069 332 29052
64880 332 65857 31 30490 332 29052
64880 332 65857 31 59683 332 29052
64880 332 65857 31 66295 332 29052
64880 332 65857 31 75306 332 29052
64880 332 65857 31 2376 332 29052
64880 332 65857 31 1333 332 29052
64880 332 65857 31 72862 332 29052
64880 332 65857 31 51257 332 29052
64880 332 65857 31 66301 332 29052
64880 332 65857 31 47458 332 29052
64880 332 65857 31 42633 332 29052
64880 332 65857 31 69013 332 29052
64880 332 65857 31 44399 332 29052
64880 332 65857 31 36629 332 29052
64880 332 65857 31 8629 332 29052
64880 332 65857 31 37651 332 29052
64880 332 65857 31 12741 332 29052
64880 332 65857 31 30154 332 29052
64880 332 65857 31 53484 332 29052
64880 332 65857 31 57808 332 29052
64880 332 65857 31 25768 332 29052
64880 332 65857 31 65908 332 29052
64880 332 65857 31 8969 332 29052
64880 332 65857 31 19670 332 29052
64880 332 65857 31 22271 332 29052
64880 332 65857 31 47066 332 29052
64880 332 65857 31 68644 332 29052
64880 332 65857 31 46648 332 29052
64880 332 65857 31 45140 332 29052
64880 332 65857 31 46295 332 29052
64880 332 65857 31 32402 332 29052
64880 332 65857 31 6440 332 29052
64880 332 65857 31 24865 332 29052
64880 332 65857 31 23705 332 29052
64880 332 65857 31 37791 332 29052
64880 332 65857 31 21315 332 29052
64880 332 65857 31 68168 332 29052
64880 332 65857 31 44613 332 29052
64880 332 65857 31 27162 332 29052
64880 332 65857 31 16968 332 29052
64880 332 65857 31 69984 332 29052
64880 332 65857 31 73669 332 29052
64880 332 65857 31 49666 332 29052
64880 332 65857 31 43497 332 29052
64880 332 65857 31 36558 332 29052
64880 332 65857 31 26151 332 29052
64880 332 65857 31 36276 332 29052
64880 332 65857 31 32830 332 29052
64880 332 65857 31 6978 332 29052
64880 332 65857 31 4399 332 29052
64880 332 65857 31 30109 332 29052
64880 332 65857 31 67218 332 29052
64880 332 65857 31 47399 332 29052
64880 332 65857 31 60312 332 29052
64880 332 65857 31 18151 332 29052
64880 332 65857 31 2405 332 29052
64880 332 65857 31 70550 332 29052
64880 332 65857 31 45897 332 29052
64880 332 65857 31 39597 332 29052
64880 332 65857 31 29655 332 29052
64880 332 65857 31 15303 332 29052
64880 332 65857 31 1279 332 29052
64880 332 65857 31 17055 332 29052
64880 332 65857 31 6934 332 29052
64880 332 65857 31 37673 332 29052
64880 332 65857 31 51172 332 29052
64880 332 65857 31 20258 332 29052
64880 332 65857 31 5865 332 29052
64880 332 65857 31 53912 332 29052
64880 332 65857 31 18535 332 29052
64880 332 65857 31 71389 332 29052
64880 332 65857 31 17167 332 29052
64880 332 65857 31 35180 332 29052
64880 332 65857 31 7609 332 29052
64880 332 65857 31 42726 332 29052
64880 332 65857 31 74973 332 29052
64880 332 65857 31 51036 332 29052
64880 332 65857 31 12757 332 29052
64880 332 65857 31 11497 332 29052
64880 332 65857 31 20766 332 29052
64880 332 65857 31 21767 332 29052
64880 332 65857 31 16774 332 29052
64880 332 65857 31 15604 332 29052
64880 332 65857 31 21807 332 29052
64880 332 65857 31 54985 332 29052
64880 332 65857 31 42510 332 29052
64880 332 65857 31 25131 332 29052
64880 332 65857 31 50986 332 29052
64880 332 65857 31 1444 332 29052
64880 332 65857 31 2748 332 29052
64880 332 65857 31 31645 332 29052
64880 332 65857 31 20061 332 29052
64880 332 65857 31 32512 332 29052
64880 332 65857 31 13243 332 29052
64880 332 65857 31 69430 332 29052
64880 332 65857 31 23655 332 29052
64880 332 65857 31 63392 332 29052
64880 332 65857 31 67308 332 29052
64880 332 65857 31 10512 332 29052
64880 332 65857 31 33971 332 29052
64880 332 65857 31 70180 332 29052
64880 332 65857 31 16914 332 29052
64880 332 65857 31 35142 332 29052
64880 332 65857 31 72838 332 29052
64880 332 65857 31 53680 332 29052
64880 332 65857 31 48144 332 29052
64880 332 65857 31 731 332 29052
64880 332 65857 31 47505 332 29052
64880 332 65857 31 75205 332 29052
64880 332 65857 31 37026 332 29052
64880 332 65857 31 74887 332 29052
64880 332 65857 31 70024 332 29052
64880 332 65857 31 73755 332 29052
64880 332 65857 31 14736 332 29052
64880 332 65857 31 30094 332 29052
64880 332 65857 31 8653 332 29052
64880 332 65857 31 70376 332 29052
64880 332 65857 31 13312 332 29052
64880 332 65857 31 57305 332 29052
64880 332 65857 31 67997 332 29052
64880 332 65857 31 65174 332 29052
64880 332 65857 31 58140 332 29052
64880 332 65857 31 13396 332 29052
64880 332 65857 31 22957 332 29052
64880 332 65857 31 59650 332 29052
64880 332 65857 31 66788 332 29052
64880 332 65857 31 44612 332 29052
64880 332 65857 31 44610 332 29052
64880 332 65857 31 48048 332 29052
64880 332 65857 31 22809 332 29052
64880 332 65857 31 53860 332 29052
64880 332 65857 31 28493 332 29052
64880 332 65857 31 59627 332 29052
64880 332 65857 31 26466 332 29052
64880 332 65857 31 44564 332 29052
64880 332 65857 31 24854 332 29052
64880 332 65857 31 21739 332 29052
64880 332 65857 31 38080 332 29052
64880 332 65857 31 3414 332 29052
64880 332 65857 31 65295 332 29052
64880 332 65857 31 69289 332 29052
64880 332 65857 31 44772 332 29052
64880 332 65857 31 58909 332 29052
64880 332 65857 31 58804 332 29052
64880 332 65857 31 51394 332 29052
64880 332 65857 31 52569 332 29052
64880 332 65857 31 3644 332 29052
64880 332 65857 31 42693 332 29052
64880 332 65857 31 23029 332 29052
64880 332 65857 31 101 332 29052
64880 332 65857 31 73529 332 29052
64880 332 65857 31 4892 332 29052
64880 332 65857 31 68659 332 29052
64880 332 65857 31 70150 332 29052
64880 332 65857 31 29358 332 29052
64880 332 65857 31 47773 332 29052
64880 332 65857 31 8704 332 29052
64880 332 65857 31 9802 332 29052
64880 332 65857 31 33481 332 29052
64880 332 65857 31 19275 332 29052
64880 332 65857 31 72041 332 29052
64880 332 65857 31 72012 332 29052
64880 332 65857 31 32357 332 29052
64880 332 65857 31 29174 332 29052
64880 332 65857 31 75371 332 29052
64880 332 65857 31 56226 332 29052
64880 332 65857 31 14729 332 29052
64880 332 65857 31 29119 332 29052
64880 332 65857 31 44380 332 29052
64880 332 65857 31 57100 332 29052
64880 332 65857 31 59220 332 29052
64880 332 65857 31 13526 332 29052
64880 332 65857 31 28491 332 29052
64880 332 65857 31 12880 332 29052
64880 332 65857 31 50480 332 29052
64880 332 65857 31 20794 332 29052
64880 332 65857 31 50458 332 29052
64880 332 65857 31 12330 332 29052
64880 332 65857 31 30916 332 29052
64880 332 65857 31 67639 332 29052
64880 332 65857 31 52160 332 29052
64880 332 65857 31 29362 332 29052
64880 332 65857 31 58576 332 29052
64880 332 65857 31 10715 332 29052
64880 332 65857 31 74451 332 29052
64880 332 65857 31 65989 332 29052
64880 332 65857 31 64688 332 29052
64880 332 65857 31 14915 332 29052
64880 332 65857 31 36458 332 29052
64880 332 65857 31 70287 332 29052
64880 332 65857 31 50205 332 29052
64880 332 65857 31 75212 332 29052
64880 332 65857 31 31842 332 29052
64880 332 65857 31 50498 332 29052
64880 332 65857 31 25912 332 29052
64880 332 65857 31 48726 332 29052
64880 332 65857 31 62148 332 29052
64880 332 65857 31 74876 332 29052
64880 332 65857 31 11154 332 29052
64880 332 65857 31 49456 332 29052
64880 332 65857 31 72283 332 29052
64880 332 65857 31 46210 332 29052
64880 332 65857 31 41235 332 29052
64880 332 65857 31 74467 332 29052
64880 332 65857 31 46309 332 29052
64880 332 65857 31 14740 332 29052
64880 332 65857 31 37598 332 29052
64880 332 65857 31 45416 332 29052
64880 332 65857 31 49417 332 29052
64880 332 65857 31 58769 332 29052
64880 332 65857 31 74947 332 29052
64880 332 65857 31 8180 332 29052
64880 332 65857 31 36540 332 29052
64880 332 65857 31 48923 332 29052
64880 332 65857 31 33132 332 29052
64880 332 65857 31 39984 332 29052
64880 332 65857 31 61661 332 29052
64880 332 65857 31 57341 332 29052
64880 332 65857 31 12442 332 29052
64880 332 65857 31 40730 332 29052
64880 332 65857 31 51287 332 29052
64880 332 65857 31 69019 332 29052
64880 332 65857 31 21330 332 29052
64880 332 65857 31 40951 332 29052
64880 332 65857 31 39397 332 29052
64880 332 65857 31 4445 332 29052
64880 332 65857 31 25261 332 29052
64880 332 65857 31 6715 332 29052
64880 332 65857 31 27960 332 29052
64880 332 65857 31 59279 332 29052
64880 332 65857 31 71258 332 29052
64880 332 65857 31 53262 332 29052
64880 332 65857 31 70625 332 29052
64880 332 65857 31 44565 332 29052
64880 332 65857 31 50816 332 29052
64880 332 65857 31 31867 332 29052
64880 332 65857 31 56441 332 29052
64880 332 65857 31 43655 332 29052
64880 332 65857 31 62862 332 29052
64880 332 65857 31 35564 332 29052
64880 332 65857 31 28559 332 29052
64880 332 65857 31 14684 332 29052
64880 332 65857 31 65305 332 29052
64880 332 65857 31 52920 332 29052
64880 332 65857 31 15751 332 29052
64880 332 65857 31 62826 332 29052
64880 332 65857 31 22772 332 29052
64880 332 65857 31 47039 332 29052
64880 332 65857 31 8765 332 29052
64880 332 65857 31 27406 332 29052
64880 332 65857 31 66019 332 29052
64880 332 65857 31 50651 332 29052
64880 332 65857 31 47194 332 29052
64880 332 65857 31 11292 332 29052
64880 332 65857 31 11961 332 29052
64880 332 65857 31 74574 332 29052
64880 332 65857 31 41239 332 29052
64880 332 65857 31 56620 332 29052
64880 332 65857 31 47107 332 29052
64880 332 65857 31 4159 332 29052
64880 332 65857 31 26667 332 29052
64880 332 65857 31 36156 332 29052
64880 332 65857 31 48642 332 29052
64880 332 65857 31 52745 332 29052
64880 332 65857 31 13124 332 29052
64880 332 65857 31 66293 332 29052
64880 332 65857 31 71384 332 29052
64880 332 65857 31 58961 332 29052
64880 332 65857 31 39117 332 29052
64880 332 65857 31 5992 332 29052
64880 332 65857 31 34541 332 29052
64880 332 65857 31 24688 332 29052
64880 332 65857 31 1548 332 29052
64880 332 65857 31 33616 332 29052
64880 332 65857 31 18223 332 29052
64880 332 65857 31 74496 332 29052
64880 332 65857 31 4443 332 29052
64880 332 65857 31 18230 332 29052
64880 332 65857 31 64335 332 29052
64880 332 65857 31 34318 332 29052
64880 332 65857 31 73897 332 29052
64880 332 65857 31 4598 332 29052
64880 332 65857 31 32824 332 29052
64880 332 65857 31 5850 332 29052
64880 332 65857 31 5174 332 29052
64880 332 65857 31 49073 332 29052
64880 332 65857 31 54983 332 29052
64880 332 65857 31 74370 332 29052
64880 332 65857 31 55478 332 29052
64880 332 65857 31 35621 332 29052
64880 332 65857 31 73556 332 29052
64880 332 65857 31 73143 332 29052
64880 332 65857 31 63591 332 29052
64880 332 65857 31 39957 332 29052
64880 332 65857 31 14898 332 29052
64880 332 65857 31 23861 332 29052
64880 332 65857 31 50152 332 29052
64880 332 65857 31 6943 332 29052
64880 332 65857 31 30068 332 29052
64880 332 65857 31 55065 332 29052
64880 332 65857 31 7018 332 29052
64880 332 65857 31 6451 332 29052
64880 332 65857 31 38148 332 29052
64880 332 65857 31 36130 332 29052
64880 332 65857 31 36571 332 29052
64880 332 65857 31 9696 332 29052
64880 332 65857 31 9726 332 29052
64880 332 65857 31 39182 332 29052
64880 332 65857 31 51934 332 29052
64880 332 65857 31 70259 332 29052
64880 332 65857 31 37710 332 29052
64880 332 65857 31 37163 332 29052
64880 332 65857 31 21623 332 29052
64880 332 65857 31 72855 332 29052
64880 332 65857 31 11264 332 29052
64880 332 65857 31 1929 332 29052
64880 332 65857 31 52672 332 29052
64880 332 65857 31 15281 332 29052
64880 332 65857 31 18362 332 29052
64880 332 65857 31 43961 332 29052
64880 332 65857 31 27230 332 29052
64880 332 65857 31 6601 332 29052
64880 332 65857 31 22 332 29052
64880 332 65857 31 71744 332 29052
64880 332 65857 31 7340 332 29052
64880 332 65857 31 45649 332 29052
64880 332 65857 31 73559 332 29052
64880 332 65857 31 44074 332 29052
64880 332 65857 31 43265 332 29052
64880 332 65857 31 30898 332 29052
64880 332 65857 31 43294 332 29052
64880 332 65857 31 15757 332 29052
64880 332 65857 31 1600 332 29052
64880 332 65857 31 2451 332 29052
64880 332 65857 31 50290 332 29052
64880 332 65857 31 49353 332 29052
64880 332 65857 31 35217 332 29052
64880 332 65857 31 39301 332 29052
64880 332 65857 31 25928 332 29052
64880 332 65857 31 36892 332 29052
64880 332 65857 31 56770 332 29052
64880 332 65857 31 26332 332 29052
64880 332 65857 31 53570 332 29052
64880 332 65857 31 14579 332 29052
64880 332 65857 31 10430 332 29052
64880 332 65857 31 39523 332 29052
64880 332 65857 31 7135 332 29052
64880 332 65857 31 61135 332 29052
64880 332 65857 31 17692 332 29052
64880 332 65857 31 8640 332 29052
64880 332 65857 31 31723 332 29052
64880 332 65857 31 7646 332 29052
64880 332 65857 31 28569 332 29052
64880 332 65857 31 66280 332 29052
64880 332 65857 31 16721 332 29052
64880 332 65857 31 35018 332 29052
64880 332 65857 31 57462 332 29052
64880 332 65857 31 2136 332 29052
64880 332 65857 31 75174 332 29052
64880 332 65857 31 14666 332 29052
64880 332 65857 31 52243 332 29052
64880 332 65857 31 40637 332 29052
64880 332 65857 31 36756 332 29052
64880 332 65857 31 64904 332 29052
64880 332 65857 31 62341 332 29052
64880 332 65857 31 45570 332 29052
64880 332 65857 31 14216 332 29052
64880 332 65857 31 17139 332 29052
64880 332 65857 31 11926 332 29052
64880 332 65857 31 9269 332 29052
64880 332 65857 31 40136 332 29052
64880 332 65857 31 38634 332 29052
64880 332 65857 31 10448 332 29052
64880 332 65857 31 53014 332 29052
64880 332 65857 31 57819 332 29052
64880 332 65857 31 8870 332 29052
64880 332 65857 31 70441 332 29052
64880 332 65857 31 51743 332 29052
64880 332 65857 31 57035 332 29052
64880 332 65857 31 16902 332 29052
64880 332 65857 31 41374 332 29052
64880 332 65857 31 40305 332 29052
64880 332 65857 31 26034 332 29052
64880 332 65857 31 44651 332 29052
64880 332 65857 31 58796 332 29052
64880 332 65857 31 35519 332 29052
64880 332 65857 31 17774 332 29052
64880 332 65857 31 6534 332 29052
64880 332 65857 31 48224 332 29052
64880 332 65857 31 36192 332 29052
64880 332 65857 31 53151 332 29052
64880 332 65857 31 62238 332 29052
64880 332 65857 31 53923 332 29052
64880 332 65857 31 13839 332 29052
64880 332 65857 31 49084 332 29052
64880 332 65857 31 20003 332 29052
64880 332 65857 31 62098 332 29052
64880 332 65857 31 33164 332 29052
64880 332 65857 31 36866 332 29052
64880 332 65857 31 72286 332 29052
64880 332 65857 31 40753 332 29052
64880 332 65857 31 14537 332 29052
64880 332 65857 31 4537 332 29052
64880 332 65857 31 3938 332 29052
64880 332 65857 31 49502 332 29052
64880 332 65857 31 67973 332 29052
64880 332 65857 31 28376 332 29052
64880 332 65857 31 16722 332 29052
64880 332 65857 31 68221 332 29052
64880 332 65857 31 63954 332 29052
64880 332 65857 31 58806 332 29052
64880 332 65857 31 29427 332 29052
64880 332 65857 31 70019 332 29052
64880 332 65857 31 69099 332 29052
64880 332 65857 31 6544 332 29052
64880 332 65857 31 55164 332 29052
64880 332 65857 31 19733 332 29052
64880 332 65857 31 72997 332 29052
64880 332 65857 31 48420 332 29052
64880 332 65857 31 17522 332 29052
64880 332 65857 31 1855 332 29052
64880 332 65857 31 36323 332 29052
64880 332 65857 31 8284 332 29052
64880 332 65857 31 69233 332 29052
64880 332 65857 31 25110 332 29052
64880 332 65857 31 20785 332 29052
64880 332 65857 31 38325 332 29052
64880 332 65857 31 59128 332 29052
64880 332 65857 31 53927 332 29052
64880 332 65857 31 3650 332 29052
64880 332 65857 31 40298 332 29052
64880 332 65857 31 40496 332 29052
64880 332 65857 31 56435 332 29052
64880 332 65857 31 31808 332 29052
64880 332 65857 31 36752 332 29052
64880 332 65857 31 7314 332 29052
64880 332 65857 31 72636 332 29052
64880 332 65857 31 18843 332 29052
64880 332 65857 31 61962 332 29052
64880 332 65857 31 32937 332 29052
64880 332 65857 31 64590 332 29052
64880 332 65857 31 68560 332 29052
64880 332 65857 31 46820 332 29052
64880 332 65857 31 40314 332 29052
64880 332 65857 31 51080 332 29052
64880 332 65857 31 37792 332 29052
64880 332 65857 31 17630 332 29052
64880 332 65857 31 19960 332 29052
64880 332 65857 31 34480 332 29052
64880 332 65857 31 73103 332 29052
64880 332 65857 31 73769 332 29052
64880 332 65857 31 46167 332 29052
64880 332 65857 31 45349 332 29052
64880 332 65857 31 11708 332 29052
64880 332 65857 31 46669 332 29052
64880 332 65857 31 12956 332 29052
64880 332 65857 31 1541 332 29052
64880 332 65857 31 26343 332 29052
64880 332 65857 31 48125 332 29052
64880 332 65857 31 19361 332 29052
64880 332 65857 31 34687 332 29052
64880 332 65857 31 74865 332 29052
64880 332 65857 31 48202 332 29052
64880 332 65857 31 41526 332 29052
64880 332 65857 31 63979 332 29052
64880 332 65857 31 69182 332 29052
64880 332 65857 31 64296 332 29052
64880 332 65857 31 24169 332 29052
64880 332 65857 31 44377 332 29052
64880 332 65857 31 18012 332 29052
64880 332 65857 31 45727 332 29052
64880 332 65857 31 55099 332 29052
64880 332 65857 31 63326 332 29052
64880 332 65857 31 26905 332 29052
64880 332 65857 31 74555 332 29052
64880 332 65857 31 25233 332 29052
64880 332 65857 31 503 332 29052
64880 332 65857 31 52577 332 29052
64880 332 65857 31 1524 332 29052
64880 332 65857 31 19870 332 29052
64880 332 65857 31 769 332 29052
64880 332 65857 31 15927 332 29052
64880 332 65857 31 15214 332 29052
64880 332 65857 31 20344 332 29052
64880 332 65857 31 58515 332 29052
64880 332 65857 31 12132 332 29052
64880 332 65857 31 47656 332 29052
64880 332 65857 31 22487 332 29052
64880 332 65857 31 8501 332 29052
64880 332 65857 31 57550 332 29052
64880 332 65857 31 2286 332 29052
64880 332 65857 31 59917 332 29052
64880 332 65857 31 61624 332 29052
64880 332 65857 31 4637 332 29052
64880 332 65857 31 23082 332 29052
64880 332 65857 31 69820 332 29052
64880 332 65857 31 33377 332 29052
64880 332 65857 31 70261 332 29052
64880 332 65857 31 16117 332 29052
64880 332 65857 31 31910 332 29052
64880 332 65857 31 33731 332 29052
64880 332 65857 31 32653 332 29052
64880 332 65857 31 32267 332 29052
64880 332 65857 31 14746 332 29052
64880 332 65857 31 51589 332 29052
64880 332 65857 31 22644 332 29052
64880 332 65857 31 21455 332 29052
64880 332 65857 31 27769 332 29052
64880 332 65857 31 29493 332 29052
64880 332 65857 31 5480 332 29052
64880 332 65857 31 20513 332 29052
64880 332 65857 31 48778 332 29052
64880 332 65857 31 69655 332 29052
64880 332 65857 31 28828 332 29052
64880 332 65857 31 6957 332 29052
64880 332 65857 31 43267 332 29052
64880 332 65857 31 17345 332 29052
64880 332 65857 31 23225 332 29052
64880 332 65857 31 6621 332 29052
64880 332 65857 31 26159 332 29052
64880 332 65857 31 36596 332 29052
64880 332 65857 31 37462 332 29052
64880 332 65857 31 49503 332 29052
64880 332 65857 205 45407 57 29052
64880 332 65857 151 33054 332 29052
64880 332 65857 369 14858 332 29052
64880 332 65857 369 19933 332 29052
64880 332 65856 31 70136 332 29052
64880 332 65856 31 65268 332 29052
64880 332 65856 31 15790 332 29052
64880 332 65856 31 37987 332 29052
64880 332 65856 31 70122 332 29052
64880 332 65856 31 40671 332 29052
64880 332 65856 31 2904 332 29052
64880 332 65856 31 65030 332 29052
64880 332 65856 31 23736 332 29052
64880 332 65856 31 60465 332 29052
64880 332 65856 31 6905 332 29052
64880 332 65856 31 37028 332 29052
64880 332 65856 31 21115 332 29052
64880 332 65856 31 70701 332 29052
64880 332 65856 31 73523 332 29052
64880 332 65856 31 53050 332 29052
64880 332 65856 31 51059 332 29052
64880 332 65856 31 43929 332 29052
64880 332 65856 31 42618 332 29052
64880 332 65856 31 36430 332 29052
64880 332 65856 31 72112 332 29052
64880 332 65856 31 47435 332 29052
64880 332 65856 31 70383 332 29052
64880 332 65856 31 24855 332 29052
64880 332 65856 31 53002 332 29052
64880 332 65856 31 71135 332 29052
64880 332 65856 31 19515 332 29052
64880 332 65856 31 17463 332 29052
64880 332 65856 31 31066 332 29052
64880 332 65856 31 35047 332 29052
64880 332 65856 31 38123 332 29052
64880 332 65856 31 107 332 29052
64880 332 65856 31 16792 332 29052
64880 332 65856 31 19093 332 29052
64880 332 65856 31 39775 332 29052
64880 332 65856 31 74200 332 29052
64880 332 65856 31 24058 332 29052
64880 332 65856 31 27926 332 29052
64880 332 65856 31 1775 332 29052
64880 332 65856 31 14630 332 29052
64880 332 65856 31 17512 332 29052
64880 332 65856 31 6326 332 29052
64880 332 65856 31 11363 332 29052
64880 332 65856 31 34499 332 29052
64880 332 65856 31 51518 332 29052
64880 332 65856 31 72693 332 29052
64880 332 65856 31 1296 332 29052
64880 332 65856 31 3628 332 29052
64880 332 65856 31 13891 332 29052
64880 332 65856 31 36568 332 29052
64880 332 65856 31 56532 332 29052
64880 332 65856 31 36726 332 29052
64880 332 65856 31 18034 332 29052
64880 332 65856 31 37720 332 29052
64880 332 65856 31 22642 332 29052
64880 332 65856 31 33232 332 29052
64880 332 65856 31 12547 332 29052
64880 332 65856 31 32298 332 29052
64880 332 65856 31 57633 332 29052
64880 332 65856 31 53211 332 29052
64880 332 65856 31 74638 332 29052
64880 332 65856 31 68895 332 29052
64880 332 65856 31 29254 332 29052
64880 332 65856 31 12403 332 29052
64880 332 65856 31 55707 332 29052
64880 332 65856 31 64471 332 29052
64880 332 65856 31 31007 332 29052
64880 332 65856 31 55179 332 29052
64880 332 65856 31 7212 332 29052
64880 332 65856 31 73750 332 29052
64880 332 65856 31 1026 332 29052
64880 332 65856 31 23636 332 29052
64880 332 65856 31 60674 332 29052
64880 332 65856 31 14595 332 29052
64880 332 65856 31 34863 332 29052
64880 332 65856 31 1679 332 29052
64880 332 65856 31 31247 332 29052
64880 332 65856 31 6346 332 29052
64880 332 65856 31 1945 332 29052
64880 332 65856 31 26801 332 29052
64880 332 65856 31 41162 332 29052
64880 332 65856 31 65956 332 29052
64880 332 65856 31 487 332 29052
64880 332 65856 31 46549 332 29052
64880 332 65856 31 65642 332 29052
64880 332 65856 31 18167 332 29052
64880 332 65856 31 19847 332 29052
64880 332 65856 31 25889 332 29052
64880 332 65856 31 3042 332 29052
64880 332 65856 31 15479 332 29052
64880 332 65856 31 67502 332 29052
64880 332 65856 31 73840 332 29052
64880 332 65856 31 39527 332 29052
64880 332 65856 31 67239 332 29052
64880 332 65856 31 43314 332 29052
64880 332 65856 31 3581 332 29052
64880 332 65856 31 45354 332 29052
64880 332 65856 31 63304 332 29052
64880 332 65856 31 42969 332 29052
64880 332 65856 31 15838 332 29052
64880 332 65856 31 67407 332 29052
64880 332 65856 31 62219 332 29052
64880 332 65856 31 72979 332 29052
64880 332 65856 31 20174 332 29052
64880 332 65856 31 58777 332 29052
64880 332 65856 31 44007 332 29052
64880 332 65856 31 604 332 29052
64880 332 65856 31 6630 332 29052
64880 332 65856 31 8477 332 29052
64880 332 65856 31 62841 332 29052
64880 332 65856 31 4960 332 29052
64880 332 65856 31 9664 332 29052
64880 332 65856 31 34555 332 29052
64880 332 65861 31 34575 332 29052
64880 332 65861 31 57483 332 29052
64880 332 65861 31 64690 332 29052
64880 332 65861 31 22840 332 29052
64880 332 65861 31 32306 332 29052
64880 332 65861 31 49542 332 29052
64880 332 65861 31 12991 332 29052
64880 332 65861 31 50275 332 29052
64880 332 65861 31 35029 332 29052
64880 332 65861 31 4830 332 29052
64880 332 65861 31 28323 332 29052
64880 332 65861 31 57608 332 29052
64880 332 65861 31 51574 332 29052
64880 332 65861 31 17188 332 29052
64880 332 65861 31 71680 332 29052
64880 332 65861 31 45695 332 29052
64880 332 65861 31 35771 332 29052
64880 332 65861 31 17624 332 29052
64880 332 65861 31 63489 332 29052
64880 332 65861 31 25755 332 29052
64880 332 65861 31 40409 332 29052
64880 332 65861 31 49845 332 29052
64880 332 65861 31 30156 332 29052
64880 332 65861 31 67138 332 29052
64880 332 65861 31 13720 332 29052
64880 332 65861 31 11558 332 29052
64880 332 65861 31 68258 332 29052
64880 332 65861 31 6731 332 29052
64880 332 65861 31 38673 332 29052
64880 332 65861 31 24013 332 29052
64880 332 65861 31 53174 332 29052
64880 332 65861 31 73355 332 29052
64880 332 65861 31 19971 332 29052
64880 332 65861 31 29596 332 29052
64880 332 65861 31 55583 332 29052
64880 332 65861 31 43466 332 29052
64880 332 65861 31 63798 332 29052
64880 332 65861 31 52309 332 29052
64880 332 65861 31 72203 332 29052
64880 332 65861 31 47338 332 29052
64880 332 65861 31 60751 332 29052
64880 332 65861 31 48664 332 29052
64880 332 65861 31 33373 332 29052
64880 332 65861 31 24817 332 29052
64880 332 65861 31 1727 332 29052
64880 332 65861 31 14574 332 29052
64880 332 65861 31 54705 332 29052
64880 332 65861 31 64436 332 29052
64880 332 65861 31 11032 332 29052
64880 332 65861 31 67170 332 29052
64880 332 65861 31 53103 332 29052
64880 332 65861 31 71834 332 29052
64880 332 65861 31 48518 332 29052
64880 332 65861 31 39338 332 29052
64880 332 65861 31 26991 332 29052
64880 332 65861 31 43749 332 29052
64880 332 65861 31 55639 332 29052
64880 332 65861 31 56438 332 29052
64880 332 65861 31 44472 332 29052
64880 332 65861 31 1641 332 29052
64880 332 65861 31 36041 332 29052
64880 332 65861 31 63843 332 29052
64880 332 65861 31 73875 332 29052
64880 332 65861 31 5604 332 29052
64880 332 65861 31 30522 332 29052
64880 332 65861 31 24754 332 29052
64880 332 65861 31 9616 332 29052
64880 332 65861 31 52525 332 29052
64880 332 65861 31 32246 332 29052
64880 332 65861 31 34961 332 29052
64880 332 65861 31 14072 332 29052
64880 332 65861 31 39920 332 29052
64880 332 65861 31 53328 332 29052
64880 332 65861 31 32036 332 29052
64880 332 65861 31 69847 332 29052
64880 332 10045 31 26268 332 29052
64880 332 10045 31 30301 332 29052
64880 332 10045 31 27423 332 29052
64880 332 10045 31 32723 332 29052
64880 332 10045 31 15564 332 29052
64880 332 10045 31 13416 332 29052
64880 332 10045 31 72056 332 29052
64880 332 10045 31 50557 332 29052
64880 332 10045 31 43571 332 29052
64880 332 10045 31 20273 332 29052
64880 332 10045 31 35880 332 29052
64880 332 10045 31 75463 332 29052
64880 332 10045 31 42736 332 29052
64880 332 10045 31 58348 332 29052
64880 332 10045 31 38136 332 29052
64880 332 10045 31 60798 332 29052
64880 332 10045 31 29327 332 29052
64880 332 10045 31 51559 332 29052
64880 332 10045 31 72418 332 29052
64880 332 10045 31 60225 332 29052
64880 332 10045 31 73637 332 29052
64880 332 10045 31 22720 332 29052
64880 332 10045 31 54314 332 29052
64880 332 10045 31 736 332 29052
64880 332 10045 31 13914 332 29052
64880 332 10045 31 50337 332 29052
64880 332 10045 31 53798 332 29052
64880 332 10045 31 3955 332 29052
64880 332 10045 31 59909 332 29052
64880 332 10045 31 67768 332 29052
64880 332 10045 31 4992 332 29052
64880 332 10045 31 58932 332 29052
64880 332 10045 31 50985 332 29052
64880 332 10045 31 57689 332 29052
64880 332 10045 31 19694 332 29052
64880 332 10045 31 33365 332 29052
64880 332 10045 31 70778 332 29052
64880 332 10045 31 17107 332 29052
64880 332 10045 31 6057 332 29052
64880 332 10045 31 27946 332 29052
64880 332 10045 31 53371 332 29052
64880 332 10045 31 8450 332 29052
64880 332 10045 252 69092 277 29052
64880 332 65855 31 72637 332 29052
64880 332 65855 31 54298 332 29052
64880 332 65855 31 66508 332 29052
64880 332 65855 31 48823 332 29052
64880 332 65855 31 45515 332 29052
64880 332 65855 31 39329 332 29052
64880 332 65855 31 11134 332 29052
64880 332 65855 31 28467 332 29052
64880 332 65855 31 39288 332 29052
64880 332 65855 31 47389 332 29052
64880 332 65855 31 36350 332 29052
64880 332 65855 31 31150 332 29052
64880 332 65855 31 28782 332 29052
64880 332 65855 31 44291 332 29052
64880 332 65855 31 38355 332 29052
64880 332 65855 31 2263 332 29052
64880 332 65855 31 30812 332 29052
64880 332 65855 31 22962 332 29052
64880 332 65855 31 16260 332 29052
64880 332 65855 31 58675 332 29052
64880 332 65855 31 56944 332 29052
64880 332 65855 31 56019 332 29052
64880 332 65855 31 71513 332 29052
64880 332 65855 31 63276 332 29052
64880 332 65855 31 44223 332 29052
64880 332 65855 31 11789 332 29052
64880 332 65855 31 18987 332 29052
64880 332 65855 31 24104 332 29052
64880 332 65855 31 9426 332 29052
64880 332 65855 31 24026 332 29052
64880 332 65855 31 3212 332 29052
64880 332 65855 31 72933 332 29052
64880 332 65855 31 39520 332 29052
64880 332 65855 31 71525 332 29052
64880 332 65855 31 67015 332 29052
64880 332 65855 31 42427 332 29052
64880 332 65855 31 50523 332 29052
64880 332 65855 31 4963 332 29052
64880 332 65855 31 73651 332 29052
64880 332 65855 31 24701 332 29052
64880 332 65855 31 5631 332 29052
64880 332 65855 31 11742 332 29052
64880 332 65855 31 44332 332 29052
64880 332 65855 31 16962 332 29052
64880 332 65855 31 13054 332 29052
64880 332 65855 31 72480 332 29052
64880 332 65855 31 58627 332 29052
64880 332 65855 31 51183 332 29052
64880 332 65855 31 73570 332 29052
64880 332 65855 31 53384 332 29052
64880 332 65855 31 28680 332 29052
64880 332 65855 31 5926 332 29052
64880 332 65855 31 5861 332 29052
64880 332 65855 31 72809 332 29052
64880 332 65855 31 37611 332 29052
64880 332 65855 31 45229 332 29052
64880 332 65855 31 3611 332 29052
64880 332 65855 31 43847 332 29052
64880 332 65855 31 25372 332 29052
64880 332 65855 31 64151 332 29052
64880 332 65855 31 37633 332 29052
64880 332 65855 31 53891 332 29052
64880 332 65855 31 9330 332 29052
64880 332 65855 31 6345 332 29052
64880 332 65855 31 21051 332 29052
64880 332 65855 31 4163 332 29052
64880 332 65855 31 45860 332 29052
64880 332 65855 31 5466 332 29052
64880 332 65855 31 3794 332 29052
64880 332 65855 31 69214 332 29052
64880 332 65855 31 62691 332 29052
64880 332 65855 31 55993 332 29052
64880 332 65855 31 35527 332 29052
64880 332 65855 31 8597 332 29052
64880 332 65855 31 599 332 29052
64880 332 65855 31 41892 332 29052
64880 332 65855 31 56798 332 29052
64880 332 65855 31 21890 332 29052
64880 332 65855 31 23877 332 29052
64880 332 65855 31 47346 332 29052
64880 332 65855 31 595 332 29052
64880 332 65855 31 11484 332 29052
64880 332 65855 31 74624 332 29052
64880 332 65853 31 19430 332 29052
64880 332 65853 31 51865 332 29052
64880 332 65853 31 67231 332 29052
64880 332 65853 31 14798 332 29052
64880 332 65853 31 11640 332 29052
64880 332 65853 31 51822 332 29052
64880 332 65853 31 54334 332 29052
64880 332 65853 31 54149 332 29052
64880 332 65853 31 66233 332 29052
64880 332 65853 31 64668 332 29052
64880 332 65853 31 1624 332 29052
64880 332 65853 31 31504 332 29052
64880 332 65853 31 26818 332 29052
64880 332 65853 31 51623 332 29052
64880 332 65853 31 58506 332 29052
64880 332 65853 31 56645 332 29052
64880 332 65853 31 366 332 29052
64880 332 65853 31 12194 332 29052
64880 332 65853 31 71909 332 29052
64880 332 65853 31 3134 332 29052
64880 332 65853 31 59900 332 29052
64880 332 65853 31 43013 332 29052
64880 332 65853 31 59235 332 29052
64880 332 65853 31 38613 332 29052
64880 332 65853 31 46612 332 29052
64880 332 65853 31 2218 332 29052
64880 332 65853 31 58363 332 29052
64880 332 65853 31 649 332 29052
64880 332 65853 31 27970 332 29052
64880 332 65853 31 35530 332 29052
64880 332 65853 31 55831 332 29052
64880 332 65853 31 40702 332 29052
64880 332 65853 31 72343 332 29052
64880 332 65853 31 34238 332 29052
64880 332 65853 31 19050 332 29052
64880 332 65853 31 59433 332 29052
64880 332 65853 31 10289 332 29052
64880 332 65853 31 48506 332 29052
64880 332 65853 31 54520 332 29052
64880 332 65853 31 19065 332 29052
64880 332 65853 31 7519 332 29052
64880 332 65853 31 1963 332 29052
64880 332 65853 31 14815 332 29052
64880 332 65853 31 43048 332 29052
64880 332 65853 31 14859 332 29052
64880 332 65853 31 26700 332 29052
64880 332 65853 31 64127 332 29052
64880 332 65853 31 26371 332 29052
64880 332 65853 31 20603 332 29052
64880 332 65853 31 37294 332 29052
64880 332 65853 31 45200 332 29052
64880 332 65853 31 8335 332 29052
64880 332 65853 31 38910 332 29052
64880 332 65853 31 54310 332 29052
64880 332 65853 31 41295 332 29052
64880 332 65853 31 38810 332 29052
64880 332 65853 31 62745 332 29052
64880 332 65853 31 37287 332 29052
64880 332 68334 31 39490 332 29052
64880 332 68334 31 14385 332 29052
64880 332 68334 31 49432 332 29052
64880 332 68334 31 71432 332 29052
64880 332 68334 31 20556 332 29052
64880 332 68334 31 39284 332 29052
64880 332 68334 31 31661 332 29052
64880 332 68334 31 46071 332 29052
64880 332 68334 31 72335 332 29052
64880 332 68334 31 39091 332 29052
64880 332 68334 31 51744 332 29052
64880 332 68334 31 65456 332 29052
64880 332 68337 31 34792 332 29052
64880 332 68337 31 47146 332 29052
64880 332 68336 31 71051 332 29052
64880 332 68336 31 37500 332 29052
64880 332 68336 31 65277 332 29052
64880 332 6058 31 65235 332 29052
64880 397 47724 282 7417 332 29052
64880 397 47724 90 32929 332 29052
64880 369 73592 277 43908 332 29052
64880 369 73592 277 6749 332 29052
64880 369 73592 277 10174 332 29052
64880 369 73592 277 37542 332 29052
64880 369 73592 277 26019 332 29052
64880 385 54168 254 25226 332 29052
64880 385 54168 254 74298 332 29052
64880 385 54168 254 6576 332 29052
64880 385 54168 254 63135 332 29052
64880 385 54168 254 11257 332 29052
64880 385 54168 254 22105 332 29052
64880 332 65857 31 72079 373 55158 332 29052
64880 332 65857 31 41111 396 15271 332 29052
64880 332 65857 31 27162 32 69841 332 29052
64880 332 65857 31 1444 297 59204 332 29052
64880 332 65857 31 1444 297 56340 332 29052
64880 332 65857 31 14736 373 34222 332 29052
64880 332 65857 31 57305 107 66776 332 29052
64880 332 65857 31 23029 151 28384 332 29052
64880 332 65857 31 32357 300 59816 332 29052
64880 332 65857 31 36156 359 3291 332 29052
64880 332 65857 31 1548 366 43136 332 29052
64880 332 65857 31 73556 32 9013 332 29052
64880 332 65857 31 43961 75 47850 332 29052
64880 332 65857 31 45649 342 22411 332 29052
64880 332 65857 31 73559 277 44184 332 29052
64880 332 65857 31 29427 383 25182 332 29052
64880 332 65857 31 25110 75 43783 332 29052
64880 332 65857 31 3650 277 30312 332 29052
64880 332 65857 31 40314 52 59849 332 29052
64880 332 65857 31 40314 52 4192 332 29052
64880 332 65857 31 40314 52 17948 332 29052
64880 332 65857 31 17630 277 21752 332 29052
64880 332 65857 31 12956 240 17563 332 29052
64880 332 65857 31 1524 102 31724 332 29052
64880 332 65857 31 47656 326 41491 332 29052
64880 332 65857 31 36992 292 10680 332 29052
64880 332 65857 151 33054 277 14426 332 29052
64880 332 65857 151 33054 277 20613 332 29052
64880 332 65857 151 33054 277 50902 332 29052
64880 332 65857 151 33054 277 58490 332 29052
64880 332 65857 151 33054 277 37349 332 29052
64880 332 65857 151 33054 277 45220 332 29052
64880 332 65857 151 33054 277 24955 332 29052
64880 332 65857 151 33054 277 20307 332 29052
64880 332 65857 151 33054 277 51175 332 29052
64880 332 65857 151 33054 277 63780 332 29052
64880 332 65857 151 33054 277 50866 332 29052
64880 332 65857 151 33054 277 56093 332 29052
64880 332 65857 151 33054 277 64253 332 29052
64880 332 65857 151 33054 277 8454 332 29052
64880 332 65857 151 33054 277 51467 332 29052
64880 332 65857 151 33054 277 12391 332 29052
64880 332 65857 151 33054 277 9025 332 29052
64880 332 65857 151 33054 277 74689 332 29052
64880 332 65857 151 33054 277 34085 332 29052
64880 332 65857 151 33054 277 60819 332 29052
64880 332 65857 151 33054 277 17168 332 29052
64880 332 65857 151 33054 277 59061 332 29052
64880 332 65857 151 33054 277 11001 332 29052
64880 332 65857 151 33054 277 68288 332 29052
64880 332 65857 151 33054 277 5457 332 29052
64880 332 65857 151 33054 277 34257 332 29052
64880 332 65857 151 33054 277 24827 332 29052
64880 332 65857 151 33054 277 71479 332 29052
64880 332 65857 151 33054 277 69592 332 29052
64880 332 65857 151 33054 277 68997 332 29052
64880 332 65857 151 33054 277 8087 332 29052
64880 332 65857 151 33054 277 60830 332 29052
64880 332 65857 151 33054 277 33187 332 29052
64880 332 65857 151 33054 277 14927 332 29052
64880 332 65857 151 33054 277 26408 332 29052
64880 332 65857 151 33054 277 17048 332 29052
64880 332 65857 151 33054 277 4397 332 29052
64880 332 65857 151 33054 277 56153 332 29052
64880 332 65857 151 33054 277 1497 332 29052
64880 332 65857 151 33054 277 25017 332 29052
64880 332 65857 151 33054 277 14149 332 29052
64880 332 65857 151 33054 252 29281 332 29052
64880 332 65857 151 33054 252 8945 332 29052
64880 332 65857 151 33054 252 1299 332 29052
64880 332 65857 151 33054 252 54914 332 29052
64880 332 65857 151 33054 252 6525 332 29052
64880 332 65857 151 33054 252 20596 332 29052
64880 332 65857 151 33054 252 72429 332 29052
64880 332 65857 151 33054 32 44597 332 29052
64880 332 65857 151 33054 151 69540 332 29052
64880 332 65857 369 41897 252 49685 332 29052
64880 332 65857 369 41897 277 67316 332 29052
64880 332 65857 369 41897 277 72996 332 29052
64880 332 65857 369 41897 277 28505 332 29052
64880 332 65857 369 41897 32 47067 332 29052
64880 332 65857 369 41897 28 66305 332 29052
64880 332 65857 369 19933 277 42306 332 29052
64880 332 65856 31 29254 277 41161 332 29052
64880 332 65856 31 19847 28 63956 332 29052
64880 332 65856 31 73840 277 24570 332 29052
64880 332 10045 31 32723 44 70255 332 29052
64880 332 10045 31 19694 240 1430 332 29052
64880 332 10045 252 69092 294 2953 332 29052
64880 332 10045 252 69092 294 66509 332 29052
64880 332 10045 252 69092 294 5280 332 29052
64880 332 10045 252 69092 277 16618 332 29052
64880 332 10045 252 69092 277 51637 332 29052
64880 332 10045 252 69092 277 65397 332 29052
64880 332 10045 369 6003 75 51747 332 29052
64880 332 65855 31 6345 240 36790 332 29052
64880 332 68336 31 64646 240 34247 332 29052
64880 213 58833 121 72858 100 27358 332 29052
64880 213 58833 121 72858 397 61104 332 29052
64880 213 58833 121 72858 397 14796 332 29052
64880 213 58833 121 53751 255 62011 332 29052
64880 213 58833 121 53751 255 54290 332 29052
64880 213 58833 121 61757 255 3007 332 29052
64880 397 59413 297 61222 231 31812 332 29052
64880 397 59413 297 61222 231 46146 332 29052
64880 397 59413 297 61222 231 17130 332 29052
64880 397 59413 297 61222 231 70013 332 29052
64880 397 59413 237 69083 237 17738 332 29052
64880 397 59413 332 29061 31 8058 332 29052
64880 397 59413 332 29061 31 49635 332 29052
64880 397 59413 332 29061 31 58221 332 29052
64880 397 59413 332 29061 31 19226 332 29052
64880 397 59413 332 29061 31 24666 332 29052
64880 397 59413 332 29061 31 16053 332 29052
64880 397 59413 332 29061 31 8321 332 29052
64880 397 59413 332 29061 31 36223 332 29052
64880 397 59413 332 23453 31 64132 332 29052
64880 397 59413 332 23453 31 23813 332 29052
64880 397 59413 332 23453 31 44499 332 29052
64880 397 59413 332 23453 31 36971 332 29052
64880 397 59413 332 23453 31 64748 332 29052
64880 397 59413 332 23453 31 15868 332 29052
64880 397 59413 332 23453 31 52 332 29052
64880 397 59413 332 23453 31 26607 332 29052
64880 397 59413 332 23453 31 22143 332 29052
64880 397 59413 332 23453 31 48925 332 29052
64880 397 59413 332 23453 31 13036 332 29052
64880 397 59413 332 23453 31 2609 332 29052
64880 397 59413 332 23453 31 31236 332 29052
64880 397 59413 332 23453 31 29379 332 29052
64880 397 59413 332 23453 31 75357 332 29052
64880 397 59413 332 23453 31 48297 332 29052
64880 397 59413 332 23453 31 11962 332 29052
64880 397 59413 332 23453 31 56179 332 29052
64880 397 59413 332 23453 31 57434 332 29052
64880 397 59413 332 23453 31 6183 332 29052
64880 397 59413 332 23453 31 70422 332 29052
64880 397 59413 332 23453 31 43408 332 29052
64880 397 59413 332 23453 31 22378 332 29052
64880 397 59413 332 23453 31 35836 332 29052
64880 397 59413 332 23453 31 59613 332 29052
64880 397 59413 303 65814 303 28591 332 29052
64880 397 59413 303 65814 303 55217 332 29052
64880 397 47724 300 62434 211 12203 332 29052
64880 397 47724 300 62434 211 15762 332 29052
64880 397 47724 24 2759 122 39290 332 29052
64880 396 54516 35 32131 298 15004 332 29052
64880 396 54516 35 32131 26 24357 332 29052
64880 369 73592 277 38932 252 63774 332 29052
64880 373 26494 356 33504 155 11967 332 29052
64880 385 54168 254 34351 102 63040 332 29052
64880 332 65857 31 27985 332 29064 31 27247 332 29052
64880 332 65857 31 27985 332 29064 31 33177 332 29052
64880 332 65857 31 27985 332 29064 31 38847 332 29052
64880 332 65857 31 27985 332 29064 31 4525 332 29052
64880 332 65857 31 27985 332 29064 31 40085 332 29052
64880 332 65857 31 27985 332 29064 31 37591 332 29052
64880 332 65857 31 27985 332 29064 31 59088 332 29052
64880 332 65857 31 27985 332 29064 31 63645 332 29052
64880 332 65857 31 27985 332 29064 31 41012 332 29052
64880 332 65857 31 27985 332 29064 31 11450 332 29052
64880 332 65857 31 27985 332 29064 31 9495 332 29052
64880 332 65857 31 27985 332 29064 31 64540 332 29052
64880 332 65857 31 27985 332 29064 31 73 332 29052
64880 332 65857 31 27985 332 29064 31 61377 332 29052
64880 332 65857 31 27985 332 29064 31 55663 332 29052
64880 332 65857 31 27985 332 29064 31 62538 332 29052
64880 332 65857 31 27985 332 29064 31 24271 332 29052
64880 332 65857 31 27985 332 29064 31 56085 332 29052
64880 332 65857 31 27985 332 29064 31 14986 332 29052
64880 332 65857 31 27985 332 29064 31 25128 332 29052
64880 332 65857 31 27985 332 29064 31 47959 332 29052
64880 332 65857 31 27985 332 29064 31 45204 332 29052
64880 332 65857 31 27985 332 29064 31 63874 332 29052
64880 332 65857 31 27985 332 29064 31 65008 332 29052
64880 332 65857 31 27985 332 29064 31 55985 332 29052
64880 332 65857 31 27985 332 29064 31 8570 332 29052
64880 332 65857 31 27985 332 29064 31 56358 332 29052
64880 332 65857 31 27985 332 29064 31 17662 332 29052
64880 332 65857 31 15024 332 29065 31 71532 332 29052
64880 332 65857 31 15024 332 29065 31 21533 332 29052
64880 332 65857 31 15024 332 29065 31 8760 332 29052
64880 332 65857 31 15024 332 29065 31 32797 332 29052
64880 332 65857 31 15024 332 29065 31 63632 332 29052
64880 332 65857 31 15024 332 29065 31 9075 332 29052
64880 332 65857 31 15024 332 29065 31 47239 332 29052
64880 332 65857 31 15024 332 29065 31 41544 332 29052
64880 332 65857 31 15024 332 29065 31 37497 332 29052
64880 332 65857 31 15024 332 29065 31 54016 332 29052
64880 332 65857 31 15024 332 29065 31 29463 332 29052
64880 332 65857 31 15024 332 29065 31 43005 332 29052
64880 332 65857 31 15024 332 29065 31 15854 332 29052
64880 332 65857 31 15024 332 29065 31 44699 332 29052
64880 332 65857 31 15024 332 29065 31 53577 332 29052
64880 332 65857 31 15024 332 29065 31 72760 332 29052
64880 332 65857 31 15024 332 29065 31 6580 332 29052
64880 332 65857 31 15024 332 29065 31 7922 332 29052
64880 332 65857 31 15024 332 29065 31 58320 332 29052
64880 332 65857 31 15024 332 29065 31 51753 332 29052
64880 332 65857 31 15024 332 29065 31 39627 332 29052
64880 332 65857 31 15024 332 29065 31 62779 332 29052
64880 332 65857 31 15024 332 29065 31 65464 332 29052
64880 332 65857 31 15024 332 29065 31 68784 332 29052
64880 332 65857 31 15024 332 29065 31 8625 332 29052
64880 332 65857 31 15024 332 29065 31 57034 332 29052
64880 332 65857 31 15024 332 29065 31 9929 332 29052
64880 332 65857 31 15024 332 29065 31 34971 332 29052
64880 332 65857 31 15024 332 29065 31 10015 332 29052
64880 332 65857 31 15024 332 29065 31 68964 332 29052
64880 332 65857 31 15024 332 29065 31 72049 332 29052
64880 332 65857 31 15024 6 38128 398 7103 332 29052
64880 332 65857 31 44925 358 51607 28 33417 332 29052
64880 332 65857 31 48838 369 40754 277 20878 332 29052
64880 332 65857 31 30109 342 64632 214 20534 332 29052
64880 332 65857 31 6934 359 65917 102 41086 332 29052
64880 332 65857 31 12757 44 9086 355 67168 332 29052
64880 332 65857 31 1444 75 53499 294 44433 332 29052
64880 332 65857 31 47194 102 38570 359 67481 332 29052
64880 332 65857 31 73556 32 9013 298 51270 332 29052
64880 332 65857 369 60841 222 31680 155 50616 332 29052
64880 255 11414 172 63771 172 61402 155 7104 332 29052
64880 397 59413 282 69071 356 27580 342 61915 332 29052
64880 397 47724 237 57047 364 8361 268 7479 332 29052
