64880 332 40316
64880 332 65857 31 14264 332 40316
64880 332 65857 31 67218 332 40316
64880 332 65857 31 47399 332 40316
64880 332 65857 31 35180 332 40316
64880 332 65857 31 2748 332 40316
64880 332 65857 31 13243 332 40316
64880 332 65857 31 32357 332 40316
64880 332 65857 31 56226 332 40316
64880 332 65857 31 49417 332 40316
64880 332 65857 31 33132 332 40316
64880 332 65857 31 27960 332 40316
64880 332 65857 31 11292 332 40316
64880 332 65857 31 36156 332 40316
64880 332 65857 31 25928 332 40316
64880 332 65857 31 56770 332 40316
64880 332 65857 31 62341 332 40316
64880 332 65857 31 57819 332 40316
64880 332 65857 31 6534 332 40316
64880 332 65857 31 49084 332 40316
64880 332 65857 31 58806 332 40316
64880 332 65857 31 2286 332 40316
64880 332 65857 31 29493 332 40316
64880 332 65857 369 19933 277 40316
64880 332 65857 369 19933 75 40316
64880 332 65856 31 24058 332 40316
64880 332 10045 31 19694 332 40316
64880 332 65857 31 1444 142 21859 332 40316
64880 332 65856 31 24058 196 7196 332 40316
