64880 332 35877
64880 332 65857 31 72079 332 35877
64880 332 65857 31 56660 332 35877
64880 332 65857 31 68049 332 35877
64880 332 65857 31 40434 332 35877
64880 332 65857 31 67218 332 35877
64880 332 65857 31 47399 332 35877
64880 332 65857 31 53912 332 35877
64880 332 65857 31 42510 332 35877
64880 332 65857 31 2748 332 35877
64880 332 65857 31 73755 332 35877
64880 332 65857 31 67997 332 35877
64880 332 65857 31 58140 332 35877
64880 332 65857 31 16834 332 35877
64880 332 65857 31 58804 332 35877
64880 332 65857 31 4892 332 35877
64880 332 65857 31 72012 332 35877
64880 332 65857 31 32357 332 35877
64880 332 65857 31 56226 332 35877
64880 332 65857 31 59220 332 35877
64880 332 65857 31 33132 332 35877
64880 332 65857 31 12442 332 35877
64880 332 65857 31 6715 332 35877
64880 332 65857 31 27960 332 35877
64880 332 65857 31 70625 332 35877
64880 332 65857 31 11292 332 35877
64880 332 65857 31 47107 332 35877
64880 332 65857 31 36156 332 35877
64880 332 65857 31 48642 332 35877
64880 332 65857 31 5174 332 35877
64880 332 65857 31 9696 332 35877
64880 332 65857 31 37710 332 35877
64880 332 65857 31 45649 332 35877
64880 332 65857 31 25928 332 35877
64880 332 65857 31 57819 332 35877
64880 332 65857 31 6534 332 35877
64880 332 65857 31 48224 332 35877
64880 332 65857 31 49084 332 35877
64880 332 65857 31 20003 332 35877
64880 332 65857 31 58806 332 35877
64880 332 65857 31 3650 332 35877
64880 332 65857 31 40298 332 35877
64880 332 65857 31 17630 332 35877
64880 332 65857 31 12956 332 35877
64880 332 65857 31 55099 332 35877
64880 332 65857 31 1524 332 35877
64880 332 65857 31 2286 332 35877
64880 332 65857 31 23082 332 35877
64880 332 65857 31 33377 332 35877
64880 332 65857 31 29493 332 35877
64880 332 65857 369 19933 277 35877
64880 332 65861 31 5604 332 35877
64880 332 10045 31 51559 332 35877
64880 332 10045 31 19694 332 35877
64880 332 10045 252 69092 151 35877
64880 332 10045 252 69092 277 35877
64880 332 65855 31 34901 332 35877
64880 332 60031 31 57818 332 35877
64880 332 51352 369 67410 277 35877
64880 332 68337 31 25213 332 35877
