64880 332 60305
64880 332 65857 31 67218 332 60305
64880 332 65857 31 47399 332 60305
64880 332 65857 31 16774 332 60305
64880 332 65857 31 73755 332 60305
64880 332 65857 31 22809 332 60305
64880 332 65857 31 16834 332 60305
64880 332 65857 31 58804 332 60305
64880 332 65857 31 72012 332 60305
64880 332 65857 31 32357 332 60305
64880 332 65857 31 59220 332 60305
64880 332 65857 31 62148 332 60305
64880 332 65857 31 33132 332 60305
64880 332 65857 31 27960 332 60305
64880 332 65857 31 11292 332 60305
64880 332 65857 31 1548 332 60305
64880 332 65857 31 51934 332 60305
64880 332 65857 31 62341 332 60305
64880 332 65857 31 57819 332 60305
64880 332 65857 31 6534 332 60305
64880 332 65857 31 28376 332 60305
64880 332 65857 31 58806 332 60305
64880 332 65857 31 17630 332 60305
64880 332 65857 31 33377 332 60305
64880 332 65857 31 29493 332 60305
64880 332 10045 31 51559 332 60305
64880 332 10045 252 69092 277 60305
