65441 332 29064
65441 332 65857 31 27985 332 29064
65441 332 65857 31 15024 332 29064
65441 332 65857 31 44925 332 29064
65441 332 65857 31 72079 332 29064
65441 332 65857 31 20140 332 29064
65441 332 65857 31 73627 332 29064
65441 332 65857 31 56854 332 29064
65441 332 65857 31 38768 332 29064
65441 332 65857 31 48838 332 29064
65441 332 65857 31 30622 332 29064
65441 332 65857 31 44571 332 29064
65441 332 65857 31 14264 332 29064
65441 332 65857 31 62592 332 29064
65441 332 65857 31 43189 332 29064
65441 332 65857 31 1549 332 29064
65441 332 65857 31 17625 332 29064
65441 332 65857 31 52636 332 29064
65441 332 65857 31 50024 332 29064
65441 332 65857 31 71935 332 29064
65441 332 65857 31 53291 332 29064
65441 332 65857 31 30845 332 29064
65441 332 65857 31 11637 332 29064
65441 332 65857 31 10736 332 29064
65441 332 65857 31 5454 332 29064
65441 332 65857 31 37109 332 29064
65441 332 65857 31 37724 332 29064
65441 332 65857 31 52436 332 29064
65441 332 65857 31 75234 332 29064
65441 332 65857 31 16161 332 29064
65441 332 65857 31 56660 332 29064
65441 332 65857 31 66245 332 29064
65441 332 65857 31 23069 332 29064
65441 332 65857 31 3416 332 29064
65441 332 65857 31 30490 332 29064
65441 332 65857 31 59683 332 29064
65441 332 65857 31 66295 332 29064
65441 332 65857 31 75306 332 29064
65441 332 65857 31 1333 332 29064
65441 332 65857 31 51257 332 29064
65441 332 65857 31 66301 332 29064
65441 332 65857 31 42729 332 29064
65441 332 65857 31 47458 332 29064
65441 332 65857 31 42633 332 29064
65441 332 65857 31 69013 332 29064
65441 332 65857 31 44399 332 29064
65441 332 65857 31 36629 332 29064
65441 332 65857 31 8629 332 29064
65441 332 65857 31 12741 332 29064
65441 332 65857 31 30154 332 29064
65441 332 65857 31 29057 332 29064
65441 332 65857 31 53484 332 29064
65441 332 65857 31 57808 332 29064
65441 332 65857 31 25768 332 29064
65441 332 65857 31 65908 332 29064
65441 332 65857 31 8969 332 29064
65441 332 65857 31 19670 332 29064
65441 332 65857 31 22271 332 29064
65441 332 65857 31 33412 332 29064
65441 332 65857 31 47066 332 29064
65441 332 65857 31 46648 332 29064
65441 332 65857 31 45140 332 29064
65441 332 65857 31 20269 332 29064
65441 332 65857 31 46295 332 29064
65441 332 65857 31 32402 332 29064
65441 332 65857 31 6440 332 29064
65441 332 65857 31 24865 332 29064
65441 332 65857 31 23705 332 29064
65441 332 65857 31 37791 332 29064
65441 332 65857 31 21315 332 29064
65441 332 65857 31 68168 332 29064
65441 332 65857 31 69379 332 29064
65441 332 65857 31 27162 332 29064
65441 332 65857 31 16968 332 29064
65441 332 65857 31 68049 332 29064
65441 332 65857 31 69984 332 29064
65441 332 65857 31 43497 332 29064
65441 332 65857 31 36558 332 29064
65441 332 65857 31 26151 332 29064
65441 332 65857 31 36276 332 29064
65441 332 65857 31 32830 332 29064
65441 332 65857 31 6978 332 29064
65441 332 65857 31 4399 332 29064
65441 332 65857 31 62426 332 29064
65441 332 65857 31 67218 332 29064
65441 332 65857 31 2621 332 29064
65441 332 65857 31 39064 332 29064
65441 332 65857 31 47399 332 29064
65441 332 65857 31 18151 332 29064
65441 332 65857 31 2405 332 29064
65441 332 65857 31 70550 332 29064
65441 332 65857 31 45897 332 29064
65441 332 65857 31 73217 332 29064
65441 332 65857 31 73848 332 29064
65441 332 65857 31 39597 332 29064
65441 332 65857 31 29655 332 29064
65441 332 65857 31 15303 332 29064
65441 332 65857 31 17055 332 29064
65441 332 65857 31 6934 332 29064
65441 332 65857 31 37673 332 29064
65441 332 65857 31 51172 332 29064
65441 332 65857 31 20258 332 29064
65441 332 65857 31 59361 332 29064
65441 332 65857 31 53912 332 29064
65441 332 65857 31 18535 332 29064
65441 332 65857 31 71389 332 29064
65441 332 65857 31 17167 332 29064
65441 332 65857 31 35180 332 29064
65441 332 65857 31 28531 332 29064
65441 332 65857 31 7609 332 29064
65441 332 65857 31 42726 332 29064
65441 332 65857 31 72233 332 29064
65441 332 65857 31 74973 332 29064
65441 332 65857 31 51036 332 29064
65441 332 65857 31 12757 332 29064
65441 332 65857 31 20766 332 29064
65441 332 65857 31 21767 332 29064
65441 332 65857 31 5659 332 29064
65441 332 65857 31 16774 332 29064
65441 332 65857 31 15604 332 29064
65441 332 65857 31 21807 332 29064
65441 332 65857 31 25131 332 29064
65441 332 65857 31 50986 332 29064
65441 332 65857 31 1444 332 29064
65441 332 65857 31 2748 332 29064
65441 332 65857 31 15292 332 29064
65441 332 65857 31 31645 332 29064
65441 332 65857 31 20061 332 29064
65441 332 65857 31 32512 332 29064
65441 332 65857 31 13243 332 29064
65441 332 65857 31 48552 332 29064
65441 332 65857 31 30773 332 29064
65441 332 65857 31 69430 332 29064
65441 332 65857 31 10512 332 29064
65441 332 65857 31 33971 332 29064
65441 332 65857 31 16914 332 29064
65441 332 65857 31 35142 332 29064
65441 332 65857 31 72838 332 29064
65441 332 65857 31 53680 332 29064
65441 332 65857 31 48144 332 29064
65441 332 65857 31 731 332 29064
65441 332 65857 31 47505 332 29064
65441 332 65857 31 37026 332 29064
65441 332 65857 31 74887 332 29064
65441 332 65857 31 70024 332 29064
65441 332 65857 31 73755 332 29064
65441 332 65857 31 14736 332 29064
65441 332 65857 31 30094 332 29064
65441 332 65857 31 8653 332 29064
65441 332 65857 31 70376 332 29064
65441 332 65857 31 13312 332 29064
65441 332 65857 31 57305 332 29064
65441 332 65857 31 67997 332 29064
65441 332 65857 31 65174 332 29064
65441 332 65857 31 25025 332 29064
65441 332 65857 31 58140 332 29064
65441 332 65857 31 2527 332 29064
65441 332 65857 31 13396 332 29064
65441 332 65857 31 22957 332 29064
65441 332 65857 31 66788 332 29064
65441 332 65857 31 44612 332 29064
65441 332 65857 31 48048 332 29064
65441 332 65857 31 22809 332 29064
65441 332 65857 31 21537 332 29064
65441 332 65857 31 53860 332 29064
65441 332 65857 31 22223 332 29064
65441 332 65857 31 26466 332 29064
65441 332 65857 31 44564 332 29064
65441 332 65857 31 24854 332 29064
65441 332 65857 31 21739 332 29064
65441 332 65857 31 38080 332 29064
65441 332 65857 31 3414 332 29064
65441 332 65857 31 65295 332 29064
65441 332 65857 31 16834 332 29064
65441 332 65857 31 44772 332 29064
65441 332 65857 31 58909 332 29064
65441 332 65857 31 51394 332 29064
65441 332 65857 31 52569 332 29064
65441 332 65857 31 65294 332 29064
65441 332 65857 31 3644 332 29064
65441 332 65857 31 42693 332 29064
65441 332 65857 31 19930 332 29064
65441 332 65857 31 23029 332 29064
65441 332 65857 31 64300 332 29064
65441 332 65857 31 101 332 29064
65441 332 65857 31 73529 332 29064
65441 332 65857 31 4892 332 29064
65441 332 65857 31 68659 332 29064
65441 332 65857 31 42166 332 29064
65441 332 65857 31 29358 332 29064
65441 332 65857 31 47773 332 29064
65441 332 65857 31 8704 332 29064
65441 332 65857 31 9802 332 29064
65441 332 65857 31 33481 332 29064
65441 332 65857 31 19275 332 29064
65441 332 65857 31 72041 332 29064
65441 332 65857 31 72012 332 29064
65441 332 65857 31 32357 332 29064
65441 332 65857 31 26840 332 29064
65441 332 65857 31 56226 332 29064
65441 332 65857 31 14729 332 29064
65441 332 65857 31 44380 332 29064
65441 332 65857 31 22911 332 29064
65441 332 65857 31 57100 332 29064
65441 332 65857 31 59220 332 29064
65441 332 65857 31 18019 332 29064
65441 332 65857 31 13526 332 29064
65441 332 65857 31 28491 332 29064
65441 332 65857 31 12880 332 29064
65441 332 65857 31 50480 332 29064
65441 332 65857 31 50458 332 29064
65441 332 65857 31 12330 332 29064
65441 332 65857 31 67639 332 29064
65441 332 65857 31 52160 332 29064
65441 332 65857 31 29362 332 29064
65441 332 65857 31 10715 332 29064
65441 332 65857 31 74451 332 29064
65441 332 65857 31 64688 332 29064
65441 332 65857 31 14915 332 29064
65441 332 65857 31 36458 332 29064
65441 332 65857 31 70287 332 29064
65441 332 65857 31 61075 332 29064
65441 332 65857 31 35957 332 29064
65441 332 65857 31 75212 332 29064
65441 332 65857 31 52683 332 29064
65441 332 65857 31 25912 332 29064
65441 332 65857 31 48726 332 29064
65441 332 65857 31 62148 332 29064
65441 332 65857 31 53689 332 29064
65441 332 65857 31 74876 332 29064
65441 332 65857 31 49456 332 29064
65441 332 65857 31 72283 332 29064
65441 332 65857 31 69360 332 29064
65441 332 65857 31 46210 332 29064
65441 332 65857 31 41235 332 29064
65441 332 65857 31 74467 332 29064
65441 332 65857 31 4305 332 29064
65441 332 65857 31 46309 332 29064
65441 332 65857 31 14740 332 29064
65441 332 65857 31 37598 332 29064
65441 332 65857 31 60982 332 29064
65441 332 65857 31 45416 332 29064
65441 332 65857 31 49417 332 29064
65441 332 65857 31 58769 332 29064
65441 332 65857 31 36540 332 29064
65441 332 65857 31 33132 332 29064
65441 332 65857 31 61661 332 29064
65441 332 65857 31 57341 332 29064
65441 332 65857 31 12442 332 29064
65441 332 65857 31 40730 332 29064
65441 332 65857 31 51287 332 29064
65441 332 65857 31 15607 332 29064
65441 332 65857 31 21330 332 29064
65441 332 65857 31 40951 332 29064
65441 332 65857 31 39397 332 29064
65441 332 65857 31 4445 332 29064
65441 332 65857 31 25261 332 29064
65441 332 65857 31 68180 332 29064
65441 332 65857 31 6715 332 29064
65441 332 65857 31 27960 332 29064
65441 332 65857 31 38459 332 29064
65441 332 65857 31 71258 332 29064
65441 332 65857 31 53262 332 29064
65441 332 65857 31 70625 332 29064
65441 332 65857 31 50816 332 29064
65441 332 65857 31 31867 332 29064
65441 332 65857 31 56441 332 29064
65441 332 65857 31 70588 332 29064
65441 332 65857 31 43655 332 29064
65441 332 65857 31 35564 332 29064
65441 332 65857 31 28559 332 29064
65441 332 65857 31 65305 332 29064
65441 332 65857 31 2999 332 29064
65441 332 65857 31 52920 332 29064
65441 332 65857 31 15751 332 29064
65441 332 65857 31 8966 332 29064
65441 332 65857 31 62826 332 29064
65441 332 65857 31 22772 332 29064
65441 332 65857 31 47039 332 29064
65441 332 65857 31 8765 332 29064
65441 332 65857 31 26869 332 29064
65441 332 65857 31 27406 332 29064
65441 332 65857 31 66019 332 29064
65441 332 65857 31 50651 332 29064
65441 332 65857 31 47194 332 29064
65441 332 65857 31 11292 332 29064
65441 332 65857 31 11961 332 29064
65441 332 65857 31 74574 332 29064
65441 332 65857 31 41239 332 29064
65441 332 65857 31 56620 332 29064
65441 332 65857 31 53593 332 29064
65441 332 65857 31 47107 332 29064
65441 332 65857 31 4159 332 29064
65441 332 65857 31 26667 332 29064
65441 332 65857 31 36156 332 29064
65441 332 65857 31 48642 332 29064
65441 332 65857 31 13124 332 29064
65441 332 65857 31 71384 332 29064
65441 332 65857 31 58961 332 29064
65441 332 65857 31 10694 332 29064
65441 332 65857 31 39117 332 29064
65441 332 65857 31 5992 332 29064
65441 332 65857 31 34541 332 29064
65441 332 65857 31 24688 332 29064
65441 332 65857 31 1548 332 29064
65441 332 65857 31 18223 332 29064
65441 332 65857 31 4443 332 29064
65441 332 65857 31 18230 332 29064
65441 332 65857 31 64335 332 29064
65441 332 65857 31 34318 332 29064
65441 332 65857 31 73897 332 29064
65441 332 65857 31 4598 332 29064
65441 332 65857 31 32824 332 29064
65441 332 65857 31 5850 332 29064
65441 332 65857 31 5174 332 29064
65441 332 65857 31 54983 332 29064
65441 332 65857 31 74370 332 29064
65441 332 65857 31 55478 332 29064
65441 332 65857 31 35621 332 29064
65441 332 65857 31 73143 332 29064
65441 332 65857 31 63591 332 29064
65441 332 65857 31 14898 332 29064
65441 332 65857 31 41749 332 29064
65441 332 65857 31 23861 332 29064
65441 332 65857 31 50152 332 29064
65441 332 65857 31 509 332 29064
65441 332 65857 31 35145 332 29064
65441 332 65857 31 6943 332 29064
65441 332 65857 31 30068 332 29064
65441 332 65857 31 4507 332 29064
65441 332 65857 31 7018 332 29064
65441 332 65857 31 6451 332 29064
65441 332 65857 31 38148 332 29064
65441 332 65857 31 36130 332 29064
65441 332 65857 31 36571 332 29064
65441 332 65857 31 9726 332 29064
65441 332 65857 31 39182 332 29064
65441 332 65857 31 51934 332 29064
65441 332 65857 31 28484 332 29064
65441 332 65857 31 70259 332 29064
65441 332 65857 31 37163 332 29064
65441 332 65857 31 21623 332 29064
65441 332 65857 31 72855 332 29064
65441 332 65857 31 56359 332 29064
65441 332 65857 31 11264 332 29064
65441 332 65857 31 52672 332 29064
65441 332 65857 31 15281 332 29064
65441 332 65857 31 18362 332 29064
65441 332 65857 31 27230 332 29064
65441 332 65857 31 6601 332 29064
65441 332 65857 31 5285 332 29064
65441 332 65857 31 71744 332 29064
65441 332 65857 31 7340 332 29064
65441 332 65857 31 45649 332 29064
65441 332 65857 31 73559 332 29064
65441 332 65857 31 44074 332 29064
65441 332 65857 31 43294 332 29064
65441 332 65857 31 15757 332 29064
65441 332 65857 31 1600 332 29064
65441 332 65857 31 2451 332 29064
65441 332 65857 31 9727 332 29064
65441 332 65857 31 50290 332 29064
65441 332 65857 31 35217 332 29064
65441 332 65857 31 39301 332 29064
65441 332 65857 31 25928 332 29064
65441 332 65857 31 56770 332 29064
65441 332 65857 31 26332 332 29064
65441 332 65857 31 53570 332 29064
65441 332 65857 31 14579 332 29064
65441 332 65857 31 10430 332 29064
65441 332 65857 31 39523 332 29064
65441 332 65857 31 61135 332 29064
65441 332 65857 31 17692 332 29064
65441 332 65857 31 8640 332 29064
65441 332 65857 31 31723 332 29064
65441 332 65857 31 7646 332 29064
65441 332 65857 31 5319 332 29064
65441 332 65857 31 28569 332 29064
65441 332 65857 31 60201 332 29064
65441 332 65857 31 66280 332 29064
65441 332 65857 31 11565 332 29064
65441 332 65857 31 16721 332 29064
65441 332 65857 31 35018 332 29064
65441 332 65857 31 57462 332 29064
65441 332 65857 31 7764 332 29064
65441 332 65857 31 15091 332 29064
65441 332 65857 31 2136 332 29064
65441 332 65857 31 3169 332 29064
65441 332 65857 31 75174 332 29064
65441 332 65857 31 14666 332 29064
65441 332 65857 31 52243 332 29064
65441 332 65857 31 40637 332 29064
65441 332 65857 31 64904 332 29064
65441 332 65857 31 62341 332 29064
65441 332 65857 31 45570 332 29064
65441 332 65857 31 14216 332 29064
65441 332 65857 31 17139 332 29064
65441 332 65857 31 11926 332 29064
65441 332 65857 31 9269 332 29064
65441 332 65857 31 40136 332 29064
65441 332 65857 31 38634 332 29064
65441 332 65857 31 47037 332 29064
65441 332 65857 31 10448 332 29064
65441 332 65857 31 53014 332 29064
65441 332 65857 31 57819 332 29064
65441 332 65857 31 8870 332 29064
65441 332 65857 31 57035 332 29064
65441 332 65857 31 41374 332 29064
65441 332 65857 31 40305 332 29064
65441 332 65857 31 44651 332 29064
65441 332 65857 31 58796 332 29064
65441 332 65857 31 73145 332 29064
65441 332 65857 31 8371 332 29064
65441 332 65857 31 35519 332 29064
65441 332 65857 31 17774 332 29064
65441 332 65857 31 6534 332 29064
65441 332 65857 31 48224 332 29064
65441 332 65857 31 53151 332 29064
65441 332 65857 31 53923 332 29064
65441 332 65857 31 49084 332 29064
65441 332 65857 31 20003 332 29064
65441 332 65857 31 62098 332 29064
65441 332 65857 31 16952 332 29064
65441 332 65857 31 33164 332 29064
65441 332 65857 31 34894 332 29064
65441 332 65857 31 36866 332 29064
65441 332 65857 31 72286 332 29064
65441 332 65857 31 14537 332 29064
65441 332 65857 31 4833 332 29064
65441 332 65857 31 63479 332 29064
65441 332 65857 31 4537 332 29064
65441 332 65857 31 49502 332 29064
65441 332 65857 31 28376 332 29064
65441 332 65857 31 16722 332 29064
65441 332 65857 31 68221 332 29064
65441 332 65857 31 63954 332 29064
65441 332 65857 31 58806 332 29064
65441 332 65857 31 29427 332 29064
65441 332 65857 31 70019 332 29064
65441 332 65857 31 69099 332 29064
65441 332 65857 31 55164 332 29064
65441 332 65857 31 35214 332 29064
65441 332 65857 31 48420 332 29064
65441 332 65857 31 17522 332 29064
65441 332 65857 31 31485 332 29064
65441 332 65857 31 41065 332 29064
65441 332 65857 31 8284 332 29064
65441 332 65857 31 34945 332 29064
65441 332 65857 31 25110 332 29064
65441 332 65857 31 20785 332 29064
65441 332 65857 31 38325 332 29064
65441 332 65857 31 59128 332 29064
65441 332 65857 31 3650 332 29064
65441 332 65857 31 40298 332 29064
65441 332 65857 31 40496 332 29064
65441 332 65857 31 56435 332 29064
65441 332 65857 31 31808 332 29064
65441 332 65857 31 36752 332 29064
65441 332 65857 31 7314 332 29064
65441 332 65857 31 72636 332 29064
65441 332 65857 31 18843 332 29064
65441 332 65857 31 32937 332 29064
65441 332 65857 31 64590 332 29064
65441 332 65857 31 68560 332 29064
65441 332 65857 31 46820 332 29064
65441 332 65857 31 40314 332 29064
65441 332 65857 31 51080 332 29064
65441 332 65857 31 37792 332 29064
65441 332 65857 31 17630 332 29064
65441 332 65857 31 19960 332 29064
65441 332 65857 31 73769 332 29064
65441 332 65857 31 46167 332 29064
65441 332 65857 31 45349 332 29064
65441 332 65857 31 11708 332 29064
65441 332 65857 31 46669 332 29064
65441 332 65857 31 12956 332 29064
65441 332 65857 31 1541 332 29064
65441 332 65857 31 26343 332 29064
65441 332 65857 31 48125 332 29064
65441 332 65857 31 19361 332 29064
65441 332 65857 31 74865 332 29064
65441 332 65857 31 26710 332 29064
65441 332 65857 31 48202 332 29064
65441 332 65857 31 41526 332 29064
65441 332 65857 31 63979 332 29064
65441 332 65857 31 69182 332 29064
65441 332 65857 31 64296 332 29064
65441 332 65857 31 24169 332 29064
65441 332 65857 31 44377 332 29064
65441 332 65857 31 18012 332 29064
65441 332 65857 31 48822 332 29064
65441 332 65857 31 45727 332 29064
65441 332 65857 31 55099 332 29064
65441 332 65857 31 26905 332 29064
65441 332 65857 31 74555 332 29064
65441 332 65857 31 25233 332 29064
65441 332 65857 31 503 332 29064
65441 332 65857 31 52577 332 29064
65441 332 65857 31 1524 332 29064
65441 332 65857 31 19870 332 29064
65441 332 65857 31 769 332 29064
65441 332 65857 31 15927 332 29064
65441 332 65857 31 15214 332 29064
65441 332 65857 31 20344 332 29064
65441 332 65857 31 12132 332 29064
65441 332 65857 31 47656 332 29064
65441 332 65857 31 22487 332 29064
65441 332 65857 31 8501 332 29064
65441 332 65857 31 57550 332 29064
65441 332 65857 31 9584 332 29064
65441 332 65857 31 2286 332 29064
65441 332 65857 31 4637 332 29064
65441 332 65857 31 23082 332 29064
65441 332 65857 31 69820 332 29064
65441 332 65857 31 33377 332 29064
65441 332 65857 31 35110 332 29064
65441 332 65857 31 70261 332 29064
65441 332 65857 31 16117 332 29064
65441 332 65857 31 31910 332 29064
65441 332 65857 31 75348 332 29064
65441 332 65857 31 33731 332 29064
65441 332 65857 31 32653 332 29064
65441 332 65857 31 32267 332 29064
65441 332 65857 31 14746 332 29064
65441 332 65857 31 51589 332 29064
65441 332 65857 31 22644 332 29064
65441 332 65857 31 65232 332 29064
65441 332 65857 31 13031 332 29064
65441 332 65857 31 27769 332 29064
65441 332 65857 31 29493 332 29064
65441 332 65857 31 5480 332 29064
65441 332 65857 31 20513 332 29064
65441 332 65857 31 48778 332 29064
65441 332 65857 31 6957 332 29064
65441 332 65857 31 17345 332 29064
65441 332 65857 31 6621 332 29064
65441 332 65857 31 26159 332 29064
65441 332 65857 31 36596 332 29064
65441 332 65857 31 37462 332 29064
65441 332 65857 31 49503 332 29064
65441 332 65857 369 19933 332 29064
65441 332 29052 31 70136 332 29064
65441 332 29052 31 29281 332 29064
65441 332 29052 31 65268 332 29064
65441 332 29052 31 23813 332 29064
65441 332 29052 31 25182 332 29064
65441 332 29052 31 15790 332 29064
65441 332 29052 31 44499 332 29064
65441 332 29052 31 37987 332 29064
65441 332 29052 31 70122 332 29064
65441 332 29052 31 64690 332 29064
65441 332 29052 31 40671 332 29064
65441 332 29052 31 72637 332 29064
65441 332 29052 31 2904 332 29064
65441 332 29052 31 65030 332 29064
65441 332 29052 31 23736 332 29064
65441 332 29052 31 12203 332 29064
65441 332 29052 31 60465 332 29064
65441 332 29052 31 27247 332 29064
65441 332 29052 31 51865 332 29064
65441 332 29052 31 54298 332 29064
65441 332 29052 31 30301 332 29064
65441 332 29052 31 33177 332 29064
65441 332 29052 31 67231 332 29064
65441 332 29052 31 48823 332 29064
65441 332 29052 31 27423 332 29064
65441 332 29052 31 11640 332 29064
65441 332 29052 31 51822 332 29064
65441 332 29052 31 70701 332 29064
65441 332 29052 31 73523 332 29064
65441 332 29052 31 58490 332 29064
65441 332 29052 31 53050 332 29064
65441 332 29052 31 37500 332 29064
65441 332 29052 31 32723 332 29064
65441 332 29052 31 51059 332 29064
65441 332 29052 31 38847 332 29064
65441 332 29052 31 36971 332 29064
65441 332 29052 31 35029 332 29064
65441 332 29052 31 4830 332 29064
65441 332 29052 31 15868 332 29064
65441 332 29052 31 28323 332 29064
65441 332 29052 31 57608 332 29064
65441 332 29052 31 4525 332 29064
65441 332 29052 31 45220 332 29064
65441 332 29052 31 17188 332 29064
65441 332 29052 31 71680 332 29064
65441 332 29052 31 11134 332 29064
65441 332 29052 31 26607 332 29064
65441 332 29052 31 66233 332 29064
65441 332 29052 31 39288 332 29064
65441 332 29052 31 64668 332 29064
65441 332 29052 31 8058 332 29064
65441 332 29052 31 42618 332 29064
65441 332 29052 31 1624 332 29064
65441 332 29052 31 36430 332 29064
65441 332 29052 31 72112 332 29064
65441 332 29052 31 47389 332 29064
65441 332 29052 31 47435 332 29064
65441 332 29052 31 70383 332 29064
65441 332 29052 31 24855 332 29064
65441 332 29052 31 31504 332 29064
65441 332 29052 31 36350 332 29064
65441 332 29052 31 58506 332 29064
65441 332 29052 31 56645 332 29064
65441 332 29052 31 51175 332 29064
65441 332 29052 31 15564 332 29064
65441 332 29052 31 366 332 29064
65441 332 29052 31 53002 332 29064
65441 332 29052 31 12194 332 29064
65441 332 29052 31 71135 332 29064
65441 332 29052 31 54914 332 29064
65441 332 29052 31 71909 332 29064
65441 332 29052 31 40085 332 29064
65441 332 29052 31 19515 332 29064
65441 332 29052 31 37591 332 29064
65441 332 29052 31 59088 332 29064
65441 332 29052 31 63645 332 29064
65441 332 29052 31 41012 332 29064
65441 332 29052 31 30812 332 29064
65441 332 29052 31 25755 332 29064
65441 332 29052 31 49635 332 29064
65441 332 29052 31 11450 332 29064
65441 332 29052 31 3134 332 29064
65441 332 29052 31 40409 332 29064
65441 332 29052 31 49845 332 29064
65441 332 29052 31 17463 332 29064
65441 332 29052 31 16260 332 29064
65441 332 29052 31 55158 332 29064
65441 332 29052 31 35047 332 29064
65441 332 29052 31 43013 332 29064
65441 332 29052 31 58675 332 29064
65441 332 29052 31 59235 332 29064
65441 332 29052 31 38123 332 29064
65441 332 29052 31 56019 332 29064
65441 332 29052 31 107 332 29064
65441 332 29052 31 67138 332 29064
65441 332 29052 31 9495 332 29064
65441 332 29052 31 72056 332 29064
65441 332 29052 31 13720 332 29064
65441 332 29052 31 50866 332 29064
65441 332 29052 31 63276 332 29064
65441 332 29052 31 48925 332 29064
65441 332 29052 31 6525 332 29064
65441 332 29052 31 31724 332 29064
65441 332 29052 31 44223 332 29064
65441 332 29052 31 67316 332 29064
65441 332 29052 31 8454 332 29064
65441 332 29052 31 68258 332 29064
65441 332 29052 31 6731 332 29064
65441 332 29052 31 38673 332 29064
65441 332 29052 31 64540 332 29064
65441 332 29052 31 73 332 29064
65441 332 29052 31 31236 332 29064
65441 332 29052 31 9426 332 29064
65441 332 29052 31 29379 332 29064
65441 332 29052 31 50557 332 29064
65441 332 29052 31 38613 332 29064
65441 332 29052 31 53174 332 29064
65441 332 29052 31 43571 332 29064
65441 332 29052 31 39775 332 29064
65441 332 29052 31 12391 332 29064
65441 332 29052 31 46612 332 29064
65441 332 29052 31 61377 332 29064
65441 332 29052 31 73355 332 29064
65441 332 29052 31 74200 332 29064
65441 332 29052 31 55663 332 29064
65441 332 29052 31 24058 332 29064
65441 332 29052 31 19971 332 29064
65441 332 29052 31 24026 332 29064
65441 332 29052 31 20273 332 29064
65441 332 29052 31 34085 332 29064
65441 332 29052 31 58221 332 29064
65441 332 29052 31 27926 332 29064
65441 332 29052 31 1775 332 29064
65441 332 29052 31 649 332 29064
65441 332 29052 31 29596 332 29064
65441 332 29052 31 35880 332 29064
65441 332 29052 31 3212 332 29064
65441 332 29052 31 55583 332 29064
65441 332 29052 31 14630 332 29064
65441 332 29052 31 62538 332 29064
65441 332 29052 31 17512 332 29064
65441 332 29052 31 42736 332 29064
65441 332 29052 31 39520 332 29064
65441 332 29052 31 27970 332 29064
65441 332 29052 31 75357 332 29064
65441 332 29052 31 71525 332 29064
65441 332 29052 31 34499 332 29064
65441 332 29052 31 52309 332 29064
65441 332 29052 31 48297 332 29064
65441 332 29052 31 71432 332 29064
65441 332 29052 31 51518 332 29064
65441 332 29052 31 58348 332 29064
65441 332 29052 31 42427 332 29064
65441 332 29052 31 24271 332 29064
65441 332 29052 31 72693 332 29064
65441 332 29052 31 4963 332 29064
65441 332 29052 31 3628 332 29064
65441 332 29052 31 19226 332 29064
65441 332 29052 31 60798 332 29064
65441 332 29052 31 73651 332 29064
65441 332 29052 31 24701 332 29064
65441 332 29052 31 5631 332 29064
65441 332 29052 31 11742 332 29064
65441 332 29052 31 56085 332 29064
65441 332 29052 31 13891 332 29064
65441 332 29052 31 29327 332 29064
65441 332 29052 31 36568 332 29064
65441 332 29052 31 56532 332 29064
65441 332 29052 31 44332 332 29064
65441 332 29052 31 56179 332 29064
65441 332 29052 31 47338 332 29064
65441 332 29052 31 16962 332 29064
65441 332 29052 31 36726 332 29064
65441 332 29052 31 51559 332 29064
65441 332 29052 31 40702 332 29064
65441 332 29052 31 18034 332 29064
65441 332 29052 31 37720 332 29064
65441 332 29052 31 28505 332 29064
65441 332 29052 31 14986 332 29064
65441 332 29052 31 22642 332 29064
65441 332 29052 31 72343 332 29064
65441 332 29052 31 33232 332 29064
65441 332 29052 31 1727 332 29064
65441 332 29052 31 73637 332 29064
65441 332 29052 31 69540 332 29064
65441 332 29052 31 59433 332 29064
65441 332 29052 31 32298 332 29064
65441 332 29052 31 57633 332 29064
65441 332 29052 31 14574 332 29064
65441 332 29052 31 25128 332 29064
65441 332 29052 31 22720 332 29064
65441 332 29052 31 53211 332 29064
65441 332 29052 31 39284 332 29064
65441 332 29052 31 54705 332 29064
65441 332 29052 31 31661 332 29064
65441 332 29052 31 47959 332 29064
65441 332 29052 31 54314 332 29064
65441 332 29052 31 29254 332 29064
65441 332 29052 31 12403 332 29064
65441 332 29052 31 45204 332 29064
65441 332 29052 31 48506 332 29064
65441 332 29052 31 64436 332 29064
65441 332 29052 31 26019 332 29064
65441 332 29052 31 64471 332 29064
65441 332 29052 31 736 332 29064
65441 332 29052 31 31007 332 29064
65441 332 29052 31 13914 332 29064
65441 332 29052 31 58627 332 29064
65441 332 29052 31 16053 332 29064
65441 332 29052 31 55179 332 29064
65441 332 29052 31 15271 332 29064
65441 332 29052 31 5280 332 29064
65441 332 29052 31 11032 332 29064
65441 332 29052 31 51183 332 29064
65441 332 29052 31 73750 332 29064
65441 332 29052 31 68997 332 29064
65441 332 29052 31 1026 332 29064
65441 332 29052 31 67170 332 29064
65441 332 29052 31 63874 332 29064
65441 332 29052 31 60674 332 29064
65441 332 29052 31 65008 332 29064
65441 332 29052 31 54520 332 29064
65441 332 29052 31 72335 332 29064
65441 332 29052 31 14595 332 29064
65441 332 29052 31 53384 332 29064
65441 332 29052 31 72429 332 29064
65441 332 29052 31 53103 332 29064
65441 332 29052 31 47067 332 29064
65441 332 29052 31 28680 332 29064
65441 332 29052 31 34863 332 29064
65441 332 29052 31 1679 332 29064
65441 332 29052 31 6346 332 29064
65441 332 29052 31 55985 332 29064
65441 332 29052 31 1945 332 29064
65441 332 29052 31 65277 332 29064
65441 332 29052 31 19065 332 29064
65441 332 29052 31 7519 332 29064
65441 332 29052 31 26801 332 29064
65441 332 29052 31 41162 332 29064
65441 332 29052 31 65956 332 29064
65441 332 29052 31 70422 332 29064
65441 332 29052 31 43749 332 29064
65441 332 29052 31 5926 332 29064
65441 332 29052 31 33187 332 29064
65441 332 29052 31 487 332 29064
65441 332 29052 31 43048 332 29064
65441 332 29052 31 50337 332 29064
65441 332 29052 31 46549 332 29064
65441 332 29052 31 37611 332 29064
65441 332 29052 31 65642 332 29064
65441 332 29052 31 53798 332 29064
65441 332 29052 31 3955 332 29064
65441 332 29052 31 45229 332 29064
65441 332 29052 31 18167 332 29064
65441 332 29052 31 59909 332 29064
65441 332 29052 31 19847 332 29064
65441 332 29052 31 3611 332 29064
65441 332 29052 31 25889 332 29064
65441 332 29052 31 36223 332 29064
65441 332 29052 31 24570 332 29064
65441 332 29052 31 67768 332 29064
65441 332 29052 31 4992 332 29064
65441 332 29052 31 25372 332 29064
65441 332 29052 31 3042 332 29064
65441 332 29052 31 3291 332 29064
65441 332 29052 31 44472 332 29064
65441 332 29052 31 15479 332 29064
65441 332 29052 31 37633 332 29064
65441 332 29052 31 1641 332 29064
65441 332 29052 31 36041 332 29064
65441 332 29052 31 67502 332 29064
65441 332 29052 31 64127 332 29064
65441 332 29052 31 58932 332 29064
65441 332 29052 31 26371 332 29064
65441 332 29052 31 73840 332 29064
65441 332 29052 31 63843 332 29064
65441 332 29052 31 20603 332 29064
65441 332 29052 31 46146 332 29064
65441 332 29052 31 37294 332 29064
65441 332 29052 31 50985 332 29064
65441 332 29052 31 45200 332 29064
65441 332 29052 31 9330 332 29064
65441 332 29052 31 6345 332 29064
65441 332 29052 31 73875 332 29064
65441 332 29052 31 39527 332 29064
65441 332 29052 31 21051 332 29064
65441 332 29052 31 19694 332 29064
65441 332 29052 31 67239 332 29064
65441 332 29052 31 33365 332 29064
65441 332 29052 31 59849 332 29064
65441 332 29052 31 4163 332 29064
65441 332 29052 31 14796 332 29064
65441 332 29052 31 43314 332 29064
65441 332 29052 31 70778 332 29064
65441 332 29052 31 17948 332 29064
65441 332 29052 31 45860 332 29064
65441 332 29052 31 3581 332 29064
65441 332 29052 31 45354 332 29064
65441 332 29052 31 10680 332 29064
65441 332 29052 31 3794 332 29064
65441 332 29052 31 63304 332 29064
65441 332 29052 31 4397 332 29064
65441 332 29052 31 42969 332 29064
65441 332 29052 31 54310 332 29064
65441 332 29052 31 15838 332 29064
65441 332 29052 31 69214 332 29064
65441 332 29052 31 8570 332 29064
65441 332 29052 31 67407 332 29064
65441 332 29052 31 51744 332 29064
65441 332 29052 31 62219 332 29064
65441 332 29052 31 30522 332 29064
65441 332 29052 31 72979 332 29064
65441 332 29052 31 62691 332 29064
65441 332 29052 31 55993 332 29064
65441 332 29052 31 24754 332 29064
65441 332 29052 31 9616 332 29064
65441 332 29052 31 20174 332 29064
65441 332 29052 31 17107 332 29064
65441 332 29052 31 56153 332 29064
65441 332 29052 31 58777 332 29064
65441 332 29052 31 34222 332 29064
65441 332 29052 31 3007 332 29064
65441 332 29052 31 8597 332 29064
65441 332 29052 31 41892 332 29064
65441 332 29052 31 6057 332 29064
65441 332 29052 31 39920 332 29064
65441 332 29052 31 604 332 29064
65441 332 29052 31 27946 332 29064
65441 332 29052 31 6630 332 29064
65441 332 29052 31 53371 332 29064
65441 332 29052 31 38810 332 29064
65441 332 29052 31 8477 332 29064
65441 332 29052 31 65456 332 29064
65441 332 29052 31 62841 332 29064
65441 332 29052 31 23877 332 29064
65441 332 29052 31 59613 332 29064
65441 332 29052 31 32036 332 29064
65441 332 29052 31 25017 332 29064
65441 332 29052 31 4960 332 29064
65441 332 29052 31 56358 332 29064
65441 332 29052 31 47346 332 29064
65441 332 29052 31 595 332 29064
65441 332 29052 31 11484 332 29064
65441 332 29052 31 17662 332 29064
65441 332 29052 31 74624 332 29064
65441 332 29052 31 69847 332 29064
65441 332 29052 369 69092 277 29064
65441 332 23453 31 25880 332 29064
65441 332 23453 31 68356 332 29064
65441 332 23453 31 24403 332 29064
65441 332 23453 31 8428 332 29064
65441 332 23453 31 63400 332 29064
65441 332 23453 31 25616 332 29064
65441 332 23453 31 40025 332 29064
65441 332 23453 31 41815 332 29064
65441 332 23453 31 52083 332 29064
65441 332 23453 31 66472 332 29064
65441 332 23453 31 7196 332 29064
65441 332 23453 31 62256 332 29064
65441 332 23453 31 23898 332 29064
65441 332 23453 31 41348 332 29064
65441 332 23453 31 15996 332 29064
65441 332 23453 31 13931 332 29064
65441 332 23453 31 69964 332 29064
65441 332 23453 31 36844 332 29064
65441 332 23453 31 49905 332 29064
65441 332 23453 31 63867 332 29064
65441 332 23453 31 39875 332 29064
65441 332 23453 31 60088 332 29064
65441 332 23453 31 71523 332 29064
65441 332 23453 31 39163 332 29064
65441 332 23453 31 22427 332 29064
65441 332 23453 31 41182 332 29064
65441 332 23453 31 46970 332 29064
65441 332 23453 31 27537 332 29064
65441 332 23453 31 5754 332 29064
65441 332 23453 31 62497 332 29064
65441 332 23453 31 40747 332 29064
65441 332 23453 31 23755 332 29064
65441 332 23453 31 37035 332 29064
65441 332 23453 31 65333 332 29064
65441 332 23453 31 69481 332 29064
65441 332 23453 31 47566 332 29064
65441 332 23453 31 30439 332 29064
65441 332 23453 31 32360 332 29064
65441 332 23453 31 21351 332 29064
65441 332 23453 31 25006 332 29064
65441 332 23453 31 50993 332 29064
65441 332 23453 31 61321 332 29064
65441 332 23453 31 826 332 29064
65441 332 23453 31 13087 332 29064
65441 332 23453 31 17761 332 29064
65441 332 23453 31 11766 332 29064
65441 332 23453 31 55426 332 29064
65441 332 23453 31 32376 332 29064
65441 332 23453 31 56112 332 29064
65441 332 23453 31 30740 332 29064
65441 332 23453 31 74572 332 29064
65441 332 23453 31 14616 332 29064
65441 332 23453 31 69044 332 29064
65441 332 23453 31 36312 332 29064
65441 332 23453 31 15432 332 29064
65441 332 23453 31 28832 332 29064
65441 332 23453 31 65513 332 29064
65441 332 23453 31 61170 332 29064
65441 332 23453 31 70529 332 29064
65441 332 23453 31 64739 332 29064
65441 332 23453 31 880 332 29064
65441 332 23453 31 60269 332 29064
65441 332 23453 31 54690 332 29064
65441 332 23453 31 75227 332 29064
65441 332 23453 31 1249 332 29064
65441 332 23453 31 7304 332 29064
65441 332 23453 31 53407 332 29064
65441 332 23453 31 8270 332 29064
65441 332 23453 31 1105 332 29064
65441 332 23453 31 52748 332 29064
65441 332 23453 31 14358 332 29064
65441 332 23453 31 43138 332 29064
65441 332 23453 31 22835 332 29064
65441 332 23453 31 31931 332 29064
65441 332 23453 31 6929 332 29064
65441 332 23453 31 21584 332 29064
65441 332 23453 31 71348 332 29064
65441 332 23453 31 5767 332 29064
65441 332 23453 31 1654 332 29064
65441 332 23453 31 45463 332 29064
65441 332 23453 31 13763 332 29064
65441 332 23453 31 24497 332 29064
65441 332 23453 31 2060 332 29064
65441 332 23453 31 69701 332 29064
65441 332 23453 31 73597 332 29064
65441 332 23453 31 24975 332 29064
65441 332 23453 31 64211 332 29064
65441 332 23453 31 52880 332 29064
65441 332 23453 31 59065 332 29064
65441 332 23453 31 59743 332 29064
65441 332 23453 31 51930 332 29064
65441 332 23453 31 34809 332 29064
65441 332 23453 31 27205 332 29064
65441 332 23453 31 8133 332 29064
65441 332 23453 31 64402 332 29064
65441 332 23453 31 7299 332 29064
65441 332 23453 31 28109 332 29064
65441 332 23453 31 4921 332 29064
65441 332 23453 31 68181 332 29064
65441 332 23453 31 30864 332 29064
65441 332 23453 31 25147 332 29064
65441 332 23453 31 5505 332 29064
65441 332 23453 31 62418 332 29064
65441 332 23453 31 23009 332 29064
65441 332 23453 31 21550 332 29064
65441 332 23453 31 5016 332 29064
65441 332 23453 31 41536 332 29064
65441 332 23453 31 25456 332 29064
65441 332 23453 31 28672 332 29064
65441 332 23453 31 22368 332 29064
65441 332 23453 31 40460 332 29064
65441 332 23453 31 29284 332 29064
65441 332 23453 31 38334 332 29064
65441 332 23453 31 7165 332 29064
65441 332 23453 31 67588 332 29064
65441 332 23453 31 73560 332 29064
65441 332 23453 31 11787 332 29064
65441 332 23453 31 16438 332 29064
65441 332 23453 31 62831 332 29064
65441 332 23453 31 1879 332 29064
65441 332 23453 31 17809 332 29064
65441 332 23453 31 20562 332 29064
65441 332 23453 31 52800 332 29064
65441 332 23453 31 55642 332 29064
65441 332 23453 31 36298 332 29064
65441 332 23453 31 59426 332 29064
65441 332 23453 31 56160 332 29064
65441 332 23453 31 3675 332 29064
65441 332 23453 31 23042 332 29064
65441 332 23453 31 70167 332 29064
65441 332 23453 31 7746 332 29064
65441 332 23453 31 49215 332 29064
65441 332 23453 31 20451 332 29064
65441 332 23453 31 14576 332 29064
65441 332 23453 31 37773 332 29064
65441 332 23453 31 12598 332 29064
65441 332 23453 31 68966 332 29064
65441 332 23453 31 1228 332 29064
65441 332 23453 31 4751 332 29064
65441 332 23453 31 75274 332 29064
65441 332 23453 31 57306 332 29064
65441 332 23453 31 5082 332 29064
65441 332 23453 31 18164 332 29064
65441 332 23453 31 4108 332 29064
65441 332 23453 31 23393 332 29064
65441 332 29065 31 12921 332 29064
65441 332 29065 31 19046 332 29064
65441 332 29065 31 8549 332 29064
65441 332 29065 31 16799 332 29064
65441 332 29065 31 25467 332 29064
65441 332 29065 31 57480 332 29064
65441 332 29065 31 52435 332 29064
65441 332 29065 31 45127 332 29064
65441 332 29065 31 20691 332 29064
65441 332 29065 31 35831 332 29064
65441 332 29065 31 65653 332 29064
65441 332 29065 31 9048 332 29064
65441 332 29065 31 41281 332 29064
65441 332 29065 31 8203 332 29064
65441 332 29065 31 52531 332 29064
65441 332 29065 31 63207 332 29064
65441 332 29065 31 35039 332 29064
65441 332 29065 31 72868 332 29064
65441 332 29065 31 3592 332 29064
65441 332 29065 31 11249 332 29064
65441 332 29065 31 9478 332 29064
65441 332 29065 31 61721 332 29064
65441 332 29065 31 7747 332 29064
65441 332 29065 31 44945 332 29064
65441 332 29065 31 18808 332 29064
65441 332 29065 31 60141 332 29064
65441 332 29065 31 46955 332 29064
65441 332 29065 31 477 332 29064
65441 332 29065 31 57476 332 29064
65441 332 29065 31 15658 332 29064
65441 332 29065 31 61749 332 29064
65441 332 29065 31 47770 332 29064
65441 332 29065 31 16343 332 29064
65441 332 29065 31 17714 332 29064
65441 332 29065 31 24234 332 29064
65441 332 29065 31 36328 332 29064
65441 332 29065 31 983 332 29064
65441 332 29065 31 20014 332 29064
65441 332 29065 31 60572 332 29064
65441 332 29065 31 50614 332 29064
65441 332 29065 31 11017 332 29064
65441 332 29065 31 47045 332 29064
65441 332 29065 31 58717 332 29064
65441 332 29065 31 30236 332 29064
65441 332 29065 31 4183 332 29064
65441 332 29065 31 45060 332 29064
65441 332 29065 31 1393 332 29064
65441 332 29065 31 26179 332 29064
65441 332 29065 31 31699 332 29064
65441 332 29065 31 20905 332 29064
65441 332 29065 31 15240 332 29064
65441 332 29065 31 42616 332 29064
65441 332 29065 31 62881 332 29064
65441 332 29065 31 24743 332 29064
65441 332 29065 31 23474 332 29064
65441 332 29065 31 9368 332 29064
65441 332 29065 31 39375 332 29064
65441 332 29065 31 66336 332 29064
65441 332 29065 31 23640 332 29064
65441 332 29065 31 16008 332 29064
65441 332 29065 31 12759 332 29064
65441 332 29065 31 15060 332 29064
65441 332 29065 31 48285 332 29064
65441 332 29065 31 6043 332 29064
65441 332 29065 31 66908 332 29064
65441 332 29065 31 13725 332 29064
65441 332 29065 31 28033 332 29064
65441 332 29065 31 1427 332 29064
65441 332 29065 31 15315 332 29064
65441 332 29065 31 43608 332 29064
65441 332 29065 31 23277 332 29064
65441 332 29065 31 33744 332 29064
65441 332 29065 31 49252 332 29064
65441 332 29065 31 56241 332 29064
65441 332 29065 31 6570 332 29064
65441 332 29065 31 71761 332 29064
65441 332 29065 31 50466 332 29064
65441 332 29065 31 13248 332 29064
65441 332 29065 31 10558 332 29064
65441 332 29065 31 26032 332 29064
65441 332 29065 31 21202 332 29064
65441 332 29065 31 39982 332 29064
65441 332 29065 31 75173 332 29064
65441 332 29065 31 58243 332 29064
65441 332 29065 31 57303 332 29064
65441 332 29065 31 15742 332 29064
65441 332 29065 31 30783 332 29064
65441 332 29065 31 22343 332 29064
65441 332 29065 31 19486 332 29064
65441 332 29065 31 44726 332 29064
65441 332 29065 31 51335 332 29064
65441 332 29065 31 31767 332 29064
65441 332 65857 31 72079 382 28650 332 29064
65441 332 65857 31 72079 373 17020 332 29064
65441 332 65857 31 73848 358 1257 332 29064
65441 332 65857 31 1444 383 38500 332 29064
65441 332 65857 31 14736 172 22829 332 29064
65441 332 65857 31 70376 12 43845 332 29064
65441 332 65857 31 22772 22 53352 332 29064
65441 332 65857 31 27406 196 50856 332 29064
65441 332 65857 31 43961 75 48632 332 29064
65441 332 65857 31 29427 72 68655 332 29064
65441 332 65857 31 55164 369 69544 332 29064
65441 332 65857 31 3650 240 26654 332 29064
65441 332 65857 31 72636 383 20978 332 29064
65441 332 65857 31 72636 297 23785 277 29064
65441 332 65857 31 72636 297 23785 28 29064
65441 332 65857 31 72636 240 39122 332 29064
65441 332 65857 31 32937 383 9466 332 29064
65441 332 65857 31 46820 383 17106 332 29064
65441 332 65857 31 35791 110 7232 332 29064
65441 332 65857 31 1524 342 70661 332 29064
65441 332 65857 151 33054 277 86 332 29064
65441 332 65857 151 33054 277 65584 332 29064
65441 332 65857 151 33054 277 57017 332 29064
65441 332 65857 151 33054 277 50817 332 29064
65441 332 65857 151 33054 277 46880 332 29064
65441 332 65857 151 33054 277 40156 332 29064
65441 332 65857 151 33054 277 25290 332 29064
65441 332 65857 151 33054 277 49888 332 29064
65441 332 65857 151 33054 277 43300 332 29064
65441 332 65857 151 33054 277 30420 332 29064
65441 332 65857 151 33054 277 70948 332 29064
65441 332 65857 151 33054 277 42961 332 29064
65441 332 65857 151 33054 277 36010 332 29064
65441 332 65857 151 33054 252 8327 332 29064
65441 332 65857 151 33054 252 64222 332 29064
65441 332 65857 151 33054 32 16256 332 29064
65441 332 65857 369 41897 277 29320 332 29064
65441 332 65857 369 41897 32 3929 332 29064
65441 332 65857 369 19933 277 5838 332 29064
65441 332 29052 31 3134 121 54993 332 29064
65441 332 29052 31 19847 383 55787 332 29064
65441 332 29052 31 61104 240 47705 332 29064
65441 332 29052 369 69092 114 28547 332 29064
65441 332 29052 369 69092 294 60871 332 29064
65441 332 29052 369 69092 294 4350 332 29064
65441 332 23453 31 11756 345 47344 332 29064
65441 332 23453 31 38334 240 17897 332 29064
65441 332 29065 31 10558 210 27223 332 29064
65441 332 29065 31 38002 15 19718 332 29064
65441 332 65857 31 15024 332 1707 31 35504 332 29064
65441 332 65857 31 15024 332 10045 31 55274 332 29064
65441 332 65857 31 15024 332 10045 31 49915 332 29064
65441 332 65857 31 15024 332 65855 31 39739 332 29064
65441 332 65857 31 15024 332 65855 31 24552 332 29064
65441 332 65857 31 15024 332 65855 31 42505 332 29064
65441 332 65857 31 15024 332 65855 31 20122 332 29064
65441 332 65857 31 15024 332 65855 31 241 332 29064
65441 332 65857 31 15024 332 65855 31 63675 332 29064
65441 332 65857 31 15024 332 65855 31 68478 332 29064
65441 332 65857 31 15024 332 65855 31 49518 332 29064
65441 332 65857 31 15024 332 65855 31 45729 332 29064
65441 332 65857 31 15024 332 65855 31 18121 332 29064
65441 332 65857 31 15024 332 65855 31 34443 332 29064
65441 332 65857 31 15024 332 65853 31 11406 332 29064
65441 332 65857 31 15024 332 65853 31 64944 332 29064
65441 332 65857 31 15024 332 65853 31 17134 332 29064
65441 332 65857 31 15024 332 65853 31 35021 332 29064
65441 332 65857 31 15024 332 65853 31 6277 332 29064
65441 332 65857 31 15024 332 65853 31 15353 332 29064
65441 332 65857 31 15024 332 65853 31 72748 332 29064
65441 332 65857 31 15024 332 65853 31 63941 332 29064
65441 332 65857 31 15024 332 65853 31 48211 332 29064
65441 332 65857 31 15024 332 65853 31 48574 332 29064
65441 332 65857 31 15024 332 65853 31 2607 332 29064
65441 332 65857 31 15024 332 65853 31 70026 332 29064
65441 332 65857 31 15024 332 65853 31 3409 332 29064
65441 332 65857 31 15024 332 65853 31 678 332 29064
65441 332 65857 31 15024 332 65856 31 52492 332 29064
65441 332 65857 31 15024 332 65856 31 64362 332 29064
65441 332 65857 31 15024 332 65856 31 45919 332 29064
65441 332 65857 31 15024 332 29061 31 23494 332 29064
65441 332 65857 31 15024 332 29061 31 8586 332 29064
65441 332 65857 31 15024 332 29061 31 67041 332 29064
65441 332 65857 31 15024 332 29061 31 4092 332 29064
65441 332 65857 31 15024 332 29061 31 57879 332 29064
65441 332 65857 31 15024 332 29061 31 9443 332 29064
65441 332 65857 31 15024 332 29061 31 23692 332 29064
65441 332 65857 31 15024 332 68334 31 66465 332 29064
65441 332 65857 31 15024 6 38128 382 26339 332 29064
65441 332 65857 31 23403 358 9577 28 32179 332 29064
65441 332 65857 31 44925 332 65861 31 1522 332 29064
65441 332 65857 31 44925 332 65861 31 60509 332 29064
65441 332 65857 31 44925 332 65861 31 73729 332 29064
65441 332 65857 31 44925 332 68336 31 27571 332 29064
65441 332 65857 31 44925 358 51607 28 7241 332 29064
65441 332 65857 31 44925 358 51607 28 19253 332 29064
65441 332 65857 31 72079 300 66239 211 40002 332 29064
65441 332 65857 31 72079 332 51355 31 21290 332 29064
65441 332 65857 31 72079 332 40308 31 11184 332 29064
65441 332 65857 31 72079 332 40308 31 41598 332 29064
65441 332 65857 31 72079 256 54168 254 35201 332 29064
65441 332 65857 31 72079 60 61212 22 3877 332 29064
65441 332 65857 31 72079 297 61222 231 40934 332 29064
65441 332 65857 31 64880 369 73592 277 60741 332 29064
65441 332 65857 31 38768 61 55888 62 25951 332 29064
65441 332 65857 31 48838 369 40754 277 60639 332 29064
65441 332 65857 31 48838 369 40754 277 68802 332 29064
65441 332 65857 31 48838 369 40754 277 16707 332 29064
65441 332 65857 31 48838 369 40754 277 49146 332 29064
65441 332 65857 31 30622 369 25489 277 75389 332 29064
65441 332 65857 31 17625 359 57906 102 63016 332 29064
65441 332 65857 31 56660 60 21435 252 7306 332 29064
65441 332 65857 31 12741 336 53751 255 53409 332 29064
65441 332 65857 31 65908 114 72858 155 12682 332 29064
65441 332 65857 31 24865 32 57047 364 21501 332 29064
65441 332 65857 31 23705 32 67410 392 15053 332 29064
65441 332 65857 31 1444 383 71850 294 9073 332 29064
65441 332 65857 31 15292 358 37408 28 2546 332 29064
65441 332 65857 31 57305 294 73838 52 36253 332 29064
65441 332 65857 31 57305 294 73838 52 69663 332 29064
65441 332 65857 31 10715 108 61857 219 5413 332 29064
65441 332 65857 31 14740 279 29502 284 23207 332 29064
65441 332 65857 31 29427 8 16686 25 46655 332 29064
65441 332 65857 31 29427 369 73831 277 43797 332 29064
65441 332 65857 31 3650 124 8691 117 45102 332 29064
65441 332 65857 31 73769 240 66579 126 44748 332 29064
65441 332 29052 31 19694 339 66710 272 1905 332 29064
65441 332 23453 31 24403 29 60746 306 33137 332 29064
65441 332 23453 31 60837 6 59072 382 32756 332 29064
65441 332 23453 31 45550 290 73575 227 50025 332 29064
65441 332 65857 31 15024 332 29061 31 59950 365 73250 332 29064
65441 332 65857 31 14740 279 29502 284 35690 279 29611 332 29064
65441 332 65857 31 1444 383 18556 75 15504 382 51975 369 659 332 29064
65441 332 65857 31 61624 213 50130 121 46279 385 60280 6 73251 332 29064
