65814 332 3992
65814 303 12956 332 3992
65814 303 11708 332 3992
65814 303 1444 332 3992
65814 151 33054 277 14729 332 3992
65814 151 33054 277 36458 332 3992
65814 151 33054 277 57819 332 3992
65814 151 33054 277 6534 332 3992
65814 151 33054 277 26710 332 3992
65814 151 33054 252 68049 332 3992
65814 151 33054 32 31636 332 3992
65814 151 33054 32 28376 332 3992
65814 151 33054 32 58806 332 3992
65814 151 33054 32 32357 332 3992
65814 303 22772 22 18715 332 3992
65814 151 33054 277 28650 6 72079 332 3992
65814 151 33054 277 7419 52 32937 332 3992
65814 151 33054 277 19143 83 3650 332 3992
65814 151 33054 277 22024 52 17630 332 3992
65814 151 33054 252 62747 252 52577 332 3992
65814 151 33054 252 40313 31 22809 332 3992
65814 151 33054 252 40313 31 33132 332 3992
65814 151 33054 252 40313 31 27960 332 3992
65814 151 33054 252 40309 31 65908 332 3992
65814 151 33054 252 40309 31 67997 332 3992
65814 151 33054 252 68338 31 69984 332 3992
65814 151 33054 252 23447 31 5659 332 3992
65814 151 33054 332 29052 31 35880 332 3992
65814 303 23029 383 69092 277 23889 332 3992
65814 303 23029 332 65855 31 39127 332 3992
65814 151 33054 277 60841 75 3955 126 8122 57 3992
