68356 332 74810
68356 332 65861 31 6905 332 74810
68356 332 65861 31 69984 332 74810
68356 332 65861 31 51172 57 74810
68356 332 65861 31 72838 332 74810
68356 332 65861 31 73755 332 74810
68356 332 65861 31 32357 332 74810
68356 332 65861 31 59220 332 74810
68356 332 65861 31 4445 332 74810
68356 332 65861 31 1727 332 74810
68356 332 65861 31 37302 332 74810
68356 332 65861 31 58806 332 74810
68356 332 65861 31 24169 332 74810
68356 332 65861 31 55099 332 74810
68356 332 65861 31 25233 332 74810
68356 332 10045 31 51559 332 74810
68356 332 10045 252 69092 151 74810
68356 332 10045 252 69092 277 74810
68356 332 65853 31 19930 57 74810
68356 332 65853 31 25006 57 74810
68356 332 65853 31 54983 332 74810
68356 332 65853 31 35519 332 74810
68356 332 23453 31 35527 332 74810
68356 332 29065 31 56985 57 74810
68356 369 33054 252 26362 332 74810
68356 369 33054 252 40338 31 74810
68356 369 33054 252 40338 332 74810
68356 332 65861 31 64880 332 6058 31 74810
68356 332 65861 31 7646 332 41016 31 74810
68356 332 65861 369 41897 32 44741 57 74810
68356 332 65861 31 70136 332 7925 205 57594 57 74810
68356 332 65861 31 70136 332 7925 205 48132 57 74810
68356 332 65861 31 70136 332 7925 205 43936 57 74810
68356 332 65861 31 70136 332 7925 205 39581 57 74810
68356 332 65861 31 70136 332 7925 205 22640 57 74810
68356 332 65861 31 70136 332 7925 205 14003 57 74810
68356 332 65861 31 70136 332 7925 205 33282 57 74810
68356 332 65861 31 70136 332 7925 205 20231 57 74810
68356 332 65861 31 70136 332 7925 205 6196 57 74810
68356 332 65861 31 70136 332 7925 205 51557 57 74810
68356 332 65861 31 70136 332 36618 31 12616 332 74810
