70136 332 60031
70136 332 10045 31 72079 332 60031
70136 332 10045 31 64880 332 60031
70136 332 10045 31 32723 332 60031
70136 332 10045 31 68049 332 60031
70136 332 10045 31 30109 332 60031
70136 332 10045 31 67218 332 60031
70136 332 10045 31 1444 332 60031
70136 332 10045 31 2748 332 60031
70136 332 10045 31 67308 332 60031
70136 332 10045 31 73755 332 60031
70136 332 10045 31 22809 332 60031
70136 332 10045 31 58804 332 60031
70136 332 10045 31 32357 332 60031
70136 332 10045 31 35880 332 60031
70136 332 10045 31 62148 332 60031
70136 332 10045 31 33132 332 60031
70136 332 10045 31 27960 332 60031
70136 332 10045 31 73556 332 60031
70136 332 10045 31 9696 332 60031
70136 332 10045 31 51934 332 60031
70136 332 10045 31 25928 332 60031
70136 332 10045 31 11565 332 60031
70136 332 10045 31 62341 332 60031
70136 332 10045 31 57819 332 60031
70136 332 10045 31 6534 332 60031
70136 332 10045 31 20003 332 60031
70136 332 10045 31 28376 332 60031
70136 332 10045 31 58806 332 60031
70136 332 10045 31 3650 332 60031
70136 332 10045 31 11708 332 60031
70136 332 10045 31 2286 332 60031
70136 332 10045 31 33377 332 60031
70136 332 10045 252 69092 277 60031
70136 332 10045 369 19933 277 60031
70136 332 1705 31 7340 332 60031
70136 332 65855 31 72012 332 60031
70136 332 65855 31 17512 332 60031
70136 332 65855 31 22772 332 60031
70136 332 65855 31 62039 332 60031
70136 332 65855 31 685 332 60031
70136 332 65855 31 46820 332 60031
70136 332 65853 31 36041 332 60031
70136 332 10045 31 13839 303 57818 332 60031
