70136 332 43192
70136 332 10045 31 6905 332 43192
70136 332 10045 31 51172 57 43192
70136 332 10045 31 72838 332 43192
70136 332 10045 31 70024 332 43192
70136 332 10045 31 73755 332 43192
70136 332 10045 31 24854 332 43192
70136 332 10045 31 32357 332 43192
70136 332 10045 31 59220 332 43192
70136 332 10045 31 29596 332 43192
70136 332 10045 31 51559 332 43192
70136 332 10045 31 57819 332 43192
70136 332 10045 31 28376 332 43192
70136 332 10045 31 58806 332 43192
70136 332 10045 252 69092 151 43192
70136 332 10045 252 69092 277 43192
70136 332 10045 369 14858 277 43192
70136 332 65855 31 54983 332 43192
70136 332 65855 31 5604 332 43192
70136 332 65855 31 35527 332 43192
70136 332 7925 31 26362 332 43192
70136 332 7925 31 40338 31 43192
70136 332 7925 31 40338 332 43192
70136 332 7925 205 43936 57 43192
70136 332 7925 205 39581 57 43192
70136 332 7925 205 44741 57 43192
70136 332 7925 205 14003 57 43192
70136 332 7925 205 20231 57 43192
70136 332 7925 332 41016 31 43192
70136 332 36618 31 21316 332 43192
