70136 332 32721
70136 332 10045 31 6905 332 32721
70136 332 10045 31 51172 57 32721
70136 332 10045 31 72838 332 32721
70136 332 10045 31 70024 332 32721
70136 332 10045 31 73755 332 32721
70136 332 10045 31 38080 332 32721
70136 332 10045 31 32357 332 32721
70136 332 10045 31 59220 332 32721
70136 332 10045 31 51559 332 32721
70136 332 10045 31 25928 332 32721
70136 332 10045 31 28376 57 32721
70136 332 10045 31 58806 332 32721
70136 332 10045 369 19933 277 32721
70136 332 65855 31 41945 332 32721
70136 332 65855 31 54983 332 32721
70136 332 65855 31 35527 332 32721
70136 332 7925 31 26362 332 32721
70136 332 7925 31 40338 332 32721
70136 332 7925 205 48132 57 32721
70136 332 7925 205 43936 57 32721
70136 332 7925 205 44741 57 32721
70136 332 7925 205 22640 57 32721
70136 332 7925 205 14003 57 32721
70136 332 7925 205 33282 57 32721
70136 332 7925 205 20231 57 32721
70136 332 7925 205 6196 57 32721
70136 332 7925 205 51557 57 32721
70136 332 29052 31 63632 57 32721
70136 332 36618 205 66708 57 32721
70136 332 10045 31 6905 332 71984 31 21978 332 32721
