70136 332 1723
70136 332 10045 31 6905 332 1723
70136 332 10045 31 69984 332 1723
70136 332 10045 31 51172 57 1723
70136 332 10045 31 72838 332 1723
70136 332 10045 31 73755 332 1723
70136 332 10045 31 24854 332 1723
70136 332 10045 31 59220 332 1723
70136 332 10045 31 51559 332 1723
70136 332 10045 31 47107 332 1723
70136 332 10045 31 28376 57 1723
70136 332 10045 31 58806 332 1723
70136 332 10045 31 24169 332 1723
70136 332 10045 252 69092 151 1723
70136 332 10045 252 69092 277 1723
70136 332 1705 369 60841 277 1723
70136 332 1705 369 60841 28 1723
70136 332 1705 369 60841 151 1723
70136 332 1705 369 60562 277 1723
70136 332 65855 31 54983 332 1723
70136 332 65855 31 38954 332 1723
70136 332 65855 31 35527 332 1723
70136 332 7925 31 26362 332 1723
70136 332 7925 31 40338 31 1723
70136 332 7925 31 40338 332 1723
70136 332 7925 205 48132 57 1723
70136 332 7925 205 43936 57 1723
70136 332 7925 205 44741 57 1723
70136 332 7925 205 14003 57 1723
70136 332 7925 205 33282 57 1723
70136 332 7925 205 20231 57 1723
70136 332 7925 205 6196 57 1723
70136 332 7925 332 41016 31 1723
70136 332 36618 205 66708 57 1723
70136 332 36618 205 21356 57 1723
70136 332 65856 151 33054 252 59893 332 1723
70136 332 10045 31 6905 332 759 31 37750 332 1723
