70136 332 68336
70136 332 10045 31 44925 332 68336
70136 332 10045 31 72079 332 68336
70136 332 10045 31 73627 332 68336
70136 332 10045 31 64880 332 68336
70136 332 10045 31 43189 332 68336
70136 332 10045 31 71935 332 68336
70136 332 10045 31 6905 332 68336
70136 332 10045 31 5454 332 68336
70136 332 10045 31 37109 332 68336
70136 332 10045 31 37724 332 68336
70136 332 10045 31 16161 332 68336
70136 332 10045 31 56660 332 68336
70136 332 10045 31 66245 332 68336
70136 332 10045 31 59683 332 68336
70136 332 10045 31 72862 332 68336
70136 332 10045 31 42633 332 68336
70136 332 10045 31 42618 332 68336
70136 332 10045 31 68049 332 68336
70136 332 10045 31 69984 332 68336
70136 332 10045 31 26151 332 68336
70136 332 10045 31 36276 332 68336
70136 332 10045 31 32830 332 68336
70136 332 10045 31 6978 332 68336
70136 332 10045 31 16104 332 68336
70136 332 10045 31 67218 332 68336
70136 332 10045 31 47399 332 68336
70136 332 10045 31 73848 332 68336
70136 332 10045 31 51172 332 68336
70136 332 10045 31 5865 332 68336
70136 332 10045 31 53912 332 68336
70136 332 10045 31 71389 332 68336
70136 332 10045 31 17167 332 68336
70136 332 10045 31 20766 332 68336
70136 332 10045 31 50986 332 68336
70136 332 10045 31 1444 332 68336
70136 332 10045 31 2748 332 68336
70136 332 10045 31 13243 332 68336
70136 332 10045 31 69430 332 68336
70136 332 10045 31 72838 332 68336
70136 332 10045 31 70024 332 68336
70136 332 10045 31 73755 332 68336
70136 332 10045 31 13312 332 68336
70136 332 10045 31 58140 332 68336
70136 332 10045 31 22957 332 68336
70136 332 10045 31 48048 332 68336
70136 332 10045 31 37878 332 68336
70136 332 10045 31 26466 332 68336
70136 332 10045 31 24854 332 68336
70136 332 10045 31 16834 332 68336
70136 332 10045 31 58804 332 68336
70136 332 10045 31 42693 332 68336
70136 332 10045 31 4892 332 68336
70136 332 10045 31 9802 332 68336
70136 332 10045 31 32357 332 68336
70136 332 10045 31 56226 332 68336
70136 332 10045 31 59220 332 68336
70136 332 10045 31 30916 332 68336
70136 332 10045 31 62148 332 68336
70136 332 10045 31 46210 332 68336
70136 332 10045 31 14740 332 68336
70136 332 10045 31 49417 332 68336
70136 332 10045 31 58769 332 68336
70136 332 10045 31 33132 332 68336
70136 332 10045 31 4445 332 68336
70136 332 10045 31 6715 332 68336
70136 332 10045 31 27960 332 68336
70136 332 10045 31 70625 332 68336
70136 332 10045 31 43655 332 68336
70136 332 10045 31 35564 332 68336
70136 332 10045 31 51559 332 68336
70136 332 10045 31 8765 332 68336
70136 332 10045 31 27406 332 68336
70136 332 10045 31 47194 332 68336
70136 332 10045 31 11292 332 68336
70136 332 10045 31 11961 332 68336
70136 332 10045 31 72418 332 68336
70136 332 10045 31 47107 332 68336
70136 332 10045 31 36156 332 68336
70136 332 10045 31 48642 332 68336
70136 332 10045 31 13124 332 68336
70136 332 10045 31 34541 332 68336
70136 332 10045 31 1548 332 68336
70136 332 10045 31 64335 332 68336
70136 332 10045 31 73143 332 68336
70136 332 10045 31 2781 332 68336
70136 332 10045 31 41749 332 68336
70136 332 10045 31 736 332 68336
70136 332 10045 31 9696 332 68336
70136 332 10045 31 9726 332 68336
70136 332 10045 31 28484 332 68336
70136 332 10045 31 72855 332 68336
70136 332 10045 31 52672 332 68336
70136 332 10045 31 45649 332 68336
70136 332 10045 31 44074 332 68336
70136 332 10045 31 43294 332 68336
70136 332 10045 31 25928 332 68336
70136 332 10045 31 56770 332 68336
70136 332 10045 31 26332 332 68336
70136 332 10045 31 20969 332 68336
70136 332 10045 31 11565 332 68336
70136 332 10045 31 75174 332 68336
70136 332 10045 31 36756 332 68336
70136 332 10045 31 62341 332 68336
70136 332 10045 31 9269 332 68336
70136 332 10045 31 10448 332 68336
70136 332 10045 31 57819 332 68336
70136 332 10045 31 8870 332 68336
70136 332 10045 31 41374 332 68336
70136 332 10045 31 17774 332 68336
70136 332 10045 31 6534 332 68336
70136 332 10045 31 48224 332 68336
70136 332 10045 31 53923 332 68336
70136 332 10045 31 13839 332 68336
70136 332 10045 31 49084 332 68336
70136 332 10045 31 4833 332 68336
70136 332 10045 31 28376 332 68336
70136 332 10045 31 58806 332 68336
70136 332 10045 31 29427 332 68336
70136 332 10045 31 67502 332 68336
70136 332 10045 31 3650 332 68336
70136 332 10045 31 40496 332 68336
70136 332 10045 31 32937 332 68336
70136 332 10045 31 64590 332 68336
70136 332 10045 31 40314 332 68336
70136 332 10045 31 37792 332 68336
70136 332 10045 31 17630 332 68336
70136 332 10045 31 19694 332 68336
70136 332 10045 31 34480 332 68336
70136 332 10045 31 11708 332 68336
70136 332 10045 31 12956 332 68336
70136 332 10045 31 42969 332 68336
70136 332 10045 31 26710 332 68336
70136 332 10045 31 69182 332 68336
70136 332 10045 31 24169 332 68336
70136 332 10045 31 27394 332 68336
70136 332 10045 31 55099 332 68336
70136 332 10045 31 44031 332 68336
70136 332 10045 31 52577 332 68336
70136 332 10045 31 769 332 68336
70136 332 10045 31 15214 332 68336
70136 332 10045 31 9616 332 68336
70136 332 10045 31 8501 332 68336
70136 332 10045 31 2286 332 68336
70136 332 10045 31 23082 332 68336
70136 332 10045 31 33377 332 68336
70136 332 10045 31 31910 332 68336
70136 332 10045 31 14746 332 68336
70136 332 10045 31 29493 332 68336
70136 332 10045 31 17345 332 68336
70136 332 10045 31 23225 332 68336
70136 332 10045 31 6621 332 68336
70136 332 10045 252 69092 151 68336
70136 332 10045 252 69092 277 68336
70136 332 10045 369 14858 277 68336
70136 332 1705 31 12741 332 68336
70136 332 1705 31 8969 332 68336
70136 332 1705 31 75212 332 68336
70136 332 1705 31 18230 332 68336
70136 332 1705 31 32824 332 68336
70136 332 1705 31 35018 332 68336
70136 332 1705 31 40136 332 68336
70136 332 1705 31 40298 332 68336
70136 332 1705 31 73769 332 68336
70136 332 1705 31 503 332 68336
70136 332 1705 31 35542 332 68336
70136 332 60031 31 72012 332 68336
70136 332 60031 31 17512 332 68336
70136 332 65855 31 47773 332 68336
70136 332 65855 31 22911 332 68336
70136 332 65855 31 64739 332 68336
70136 332 65855 31 73559 332 68336
70136 332 65855 31 72286 332 68336
70136 332 65855 31 45229 332 68336
70136 332 65853 31 29057 332 68336
70136 332 65853 31 60073 332 68336
70136 332 65853 31 36726 332 68336
70136 332 65853 31 2607 332 68336
70136 332 65853 31 36752 332 68336
70136 332 65853 31 73875 332 68336
70136 332 65853 31 39527 332 68336
70136 332 65853 31 54310 332 68336
70136 332 65856 31 40434 332 68336
70136 332 65856 31 42510 332 68336
70136 332 65861 31 44610 332 68336
70136 332 7925 31 52748 332 68336
70136 332 29052 31 71051 332 68336
70136 332 29052 31 37500 332 68336
70136 332 29052 31 65277 332 68336
70136 332 29065 31 20092 332 68336
70136 332 29065 31 38990 332 68336
70136 332 29065 31 64646 332 68336
70136 332 29064 31 27571 332 68336
70136 332 29064 31 8371 332 68336
70136 332 23453 31 25213 332 68336
70136 332 10045 31 40314 123 27328 332 68336
70136 332 10045 31 37109 332 68807 31 57498 332 68336
