70136 332 7925
70136 332 10045 31 6905 332 7925
70136 332 10045 31 23705 332 7925
70136 332 10045 31 51172 57 7925
70136 332 10045 31 72838 332 7925
70136 332 10045 31 70024 332 7925
70136 332 10045 31 73755 332 7925
70136 332 10045 31 24854 332 7925
70136 332 10045 31 32357 332 7925
70136 332 10045 31 59220 332 7925
70136 332 10045 31 51559 332 7925
70136 332 10045 31 36156 332 7925
70136 332 10045 31 18362 57 7925
70136 332 10045 31 28376 57 7925
70136 332 10045 31 58806 332 7925
70136 332 10045 31 64590 332 7925
70136 332 10045 31 31910 332 7925
70136 332 10045 252 69092 151 7925
70136 332 10045 252 69092 277 7925
70136 332 65855 31 25006 57 7925
70136 332 65855 31 54983 332 7925
70136 332 65861 31 44610 332 7925
70136 332 64354 31 26362 332 7925
70136 332 64354 31 40338 31 7925
70136 332 64354 31 40338 332 7925
70136 332 64354 205 48132 57 7925
70136 332 64354 205 43936 57 7925
70136 332 64354 205 44741 57 7925
70136 332 64354 205 14003 57 7925
70136 332 64354 205 33282 57 7925
70136 332 64354 205 20231 57 7925
70136 332 64354 205 51557 57 7925
70136 332 64354 332 41016 31 7925
70136 332 43192 205 39581 57 7925
70136 332 29064 31 52748 332 7925
70136 332 36618 31 11564 332 7925
70136 332 36618 205 57594 57 7925
70136 332 36618 205 7253 57 7925
70136 332 69354 205 22640 57 7925
70136 332 32721 205 6196 57 7925
70136 332 10045 31 1929 211 64545 57 7925
70136 332 65855 31 5604 211 59822 57 7925
70136 332 10045 31 6905 300 59812 211 52869 57 7925
70136 332 10045 31 6905 332 71984 205 53601 57 7925
70136 332 10045 31 6905 332 71984 205 29172 57 7925
