70136 332 68337
70136 332 10045 31 44925 332 68337
70136 332 10045 31 72079 332 68337
70136 332 10045 31 20140 332 68337
70136 332 10045 31 73627 332 68337
70136 332 10045 31 35048 332 68337
70136 332 10045 31 64880 332 68337
70136 332 10045 31 43189 332 68337
70136 332 10045 31 1549 332 68337
70136 332 10045 31 71935 332 68337
70136 332 10045 31 5454 332 68337
70136 332 10045 31 37109 332 68337
70136 332 10045 31 37724 332 68337
70136 332 10045 31 52436 332 68337
70136 332 10045 31 30301 332 68337
70136 332 10045 31 16161 332 68337
70136 332 10045 31 56660 332 68337
70136 332 10045 31 66245 332 68337
70136 332 10045 31 3416 332 68337
70136 332 10045 31 66295 332 68337
70136 332 10045 31 66472 332 68337
70136 332 10045 31 1333 332 68337
70136 332 10045 31 8629 332 68337
70136 332 10045 31 53484 332 68337
70136 332 10045 31 25768 332 68337
70136 332 10045 31 23705 332 68337
70136 332 10045 31 42618 332 68337
70136 332 10045 31 68049 332 68337
70136 332 10045 31 69984 332 68337
70136 332 10045 31 26151 332 68337
70136 332 10045 31 36276 332 68337
70136 332 10045 31 32830 332 68337
70136 332 10045 31 6978 332 68337
70136 332 10045 31 16104 332 68337
70136 332 10045 31 67218 332 68337
70136 332 10045 31 47399 332 68337
70136 332 10045 31 2405 332 68337
70136 332 10045 31 73848 332 68337
70136 332 10045 31 15303 332 68337
70136 332 10045 31 17055 332 68337
70136 332 10045 31 51172 332 68337
70136 332 10045 31 71389 332 68337
70136 332 10045 31 17167 332 68337
70136 332 10045 31 35180 332 68337
70136 332 10045 31 74973 332 68337
70136 332 10045 31 50986 332 68337
70136 332 10045 31 34858 332 68337
70136 332 10045 31 1444 332 68337
70136 332 10045 31 2748 332 68337
70136 332 10045 31 13243 332 68337
70136 332 10045 31 30773 332 68337
70136 332 10045 31 69430 332 68337
70136 332 10045 31 67308 332 68337
70136 332 10045 31 72838 332 68337
70136 332 10045 31 731 332 68337
70136 332 10045 31 74887 332 68337
70136 332 10045 31 70024 332 68337
70136 332 10045 31 13312 332 68337
70136 332 10045 31 67997 332 68337
70136 332 10045 31 58140 332 68337
70136 332 10045 31 2527 332 68337
70136 332 10045 31 66788 332 68337
70136 332 10045 31 44612 332 68337
70136 332 10045 31 48048 332 68337
70136 332 10045 31 22809 332 68337
70136 332 10045 31 26466 332 68337
70136 332 10045 31 44564 332 68337
70136 332 10045 31 24854 332 68337
70136 332 10045 31 16834 332 68337
70136 332 10045 31 58804 332 68337
70136 332 10045 31 51394 332 68337
70136 332 10045 31 42693 332 68337
70136 332 10045 31 23029 332 68337
70136 332 10045 31 101 332 68337
70136 332 10045 31 4892 332 68337
70136 332 10045 31 9802 332 68337
70136 332 10045 31 32357 332 68337
70136 332 10045 31 56226 332 68337
70136 332 10045 31 14729 332 68337
70136 332 10045 31 29119 332 68337
70136 332 10045 31 59220 332 68337
70136 332 10045 31 18019 332 68337
70136 332 10045 31 24058 332 68337
70136 332 10045 31 30916 332 68337
70136 332 10045 31 29362 332 68337
70136 332 10045 31 10715 332 68337
70136 332 10045 31 62148 332 68337
70136 332 10045 31 46210 332 68337
70136 332 10045 31 74467 332 68337
70136 332 10045 31 49417 332 68337
70136 332 10045 31 24988 332 68337
70136 332 10045 31 33132 332 68337
70136 332 10045 31 57341 332 68337
70136 332 10045 31 12442 332 68337
70136 332 10045 31 69019 332 68337
70136 332 10045 31 40951 332 68337
70136 332 10045 31 6715 332 68337
70136 332 10045 31 27960 332 68337
70136 332 10045 31 53262 332 68337
70136 332 10045 31 70625 332 68337
70136 332 10045 31 20793 332 68337
70136 332 10045 31 56532 332 68337
70136 332 10045 31 51559 332 68337
70136 332 10045 31 37720 332 68337
70136 332 10045 31 8765 332 68337
70136 332 10045 31 27406 332 68337
70136 332 10045 31 47194 332 68337
70136 332 10045 31 11292 332 68337
70136 332 10045 31 11961 332 68337
70136 332 10045 31 47107 332 68337
70136 332 10045 31 48642 332 68337
70136 332 10045 31 13124 332 68337
70136 332 10045 31 10694 332 68337
70136 332 10045 31 24817 332 68337
70136 332 10045 31 34541 332 68337
70136 332 10045 31 64335 332 68337
70136 332 10045 31 5850 332 68337
70136 332 10045 31 74370 332 68337
70136 332 10045 31 73556 332 68337
70136 332 10045 31 2781 332 68337
70136 332 10045 31 41749 332 68337
70136 332 10045 31 50152 332 68337
70136 332 10045 31 12403 332 68337
70136 332 10045 31 36571 332 68337
70136 332 10045 31 736 332 68337
70136 332 10045 31 9696 332 68337
70136 332 10045 31 55179 332 68337
70136 332 10045 31 51934 332 68337
70136 332 10045 31 70259 332 68337
70136 332 10045 31 72855 332 68337
70136 332 10045 31 11264 332 68337
70136 332 10045 31 45649 332 68337
70136 332 10045 31 44074 332 68337
70136 332 10045 31 35217 332 68337
70136 332 10045 31 25928 332 68337
70136 332 10045 31 56770 332 68337
70136 332 10045 31 26332 332 68337
70136 332 10045 31 61135 332 68337
70136 332 10045 31 17692 332 68337
70136 332 10045 31 7646 332 68337
70136 332 10045 31 20969 332 68337
70136 332 10045 31 2136 332 68337
70136 332 10045 31 62341 332 68337
70136 332 10045 31 25090 332 68337
70136 332 10045 31 10448 332 68337
70136 332 10045 31 57819 332 68337
70136 332 10045 31 8870 332 68337
70136 332 10045 31 41374 332 68337
70136 332 10045 31 44651 332 68337
70136 332 10045 31 73145 332 68337
70136 332 10045 31 17774 332 68337
70136 332 10045 31 6534 332 68337
70136 332 10045 31 48224 332 68337
70136 332 10045 31 13839 332 68337
70136 332 10045 31 49084 332 68337
70136 332 10045 31 36866 332 68337
70136 332 10045 31 4833 332 68337
70136 332 10045 31 28376 332 68337
70136 332 10045 31 58806 332 68337
70136 332 10045 31 29427 332 68337
70136 332 10045 31 6544 332 68337
70136 332 10045 31 17522 332 68337
70136 332 10045 31 31485 332 68337
70136 332 10045 31 40496 332 68337
70136 332 10045 31 73840 332 68337
70136 332 10045 31 7314 332 68337
70136 332 10045 31 72636 332 68337
70136 332 10045 31 64590 332 68337
70136 332 10045 31 40314 332 68337
70136 332 10045 31 19694 332 68337
70136 332 10045 31 34480 332 68337
70136 332 10045 31 11708 332 68337
70136 332 10045 31 12956 332 68337
70136 332 10045 31 1541 332 68337
70136 332 10045 31 42969 332 68337
70136 332 10045 31 26710 332 68337
70136 332 10045 31 63979 332 68337
70136 332 10045 31 69182 332 68337
70136 332 10045 31 24169 332 68337
70136 332 10045 31 55099 332 68337
70136 332 10045 31 44031 332 68337
70136 332 10045 31 30522 332 68337
70136 332 10045 31 52577 332 68337
70136 332 10045 31 769 332 68337
70136 332 10045 31 15927 332 68337
70136 332 10045 31 15214 332 68337
70136 332 10045 31 12132 332 68337
70136 332 10045 31 2286 332 68337
70136 332 10045 31 33377 332 68337
70136 332 10045 31 14746 332 68337
70136 332 10045 31 65232 332 68337
70136 332 10045 31 29493 332 68337
70136 332 10045 31 17345 332 68337
70136 332 10045 31 23225 332 68337
70136 332 10045 31 6621 332 68337
70136 332 10045 252 69092 151 68337
70136 332 10045 252 69092 277 68337
70136 332 10045 369 14858 277 68337
70136 332 1705 31 75234 332 68337
70136 332 1705 31 12741 332 68337
70136 332 1705 31 65908 332 68337
70136 332 1705 31 8969 332 68337
70136 332 1705 31 70550 332 68337
70136 332 1705 31 57160 332 68337
70136 332 1705 31 75212 332 68337
70136 332 1705 31 7340 332 68337
70136 332 1705 31 35018 332 68337
70136 332 1705 31 40136 332 68337
70136 332 1705 31 3042 332 68337
70136 332 1705 31 503 332 68337
70136 332 60031 31 17512 332 68337
70136 332 60031 31 36041 332 68337
70136 332 65855 31 66733 332 68337
70136 332 65855 31 4399 332 68337
70136 332 65855 31 21807 332 68337
70136 332 65855 31 16260 332 68337
70136 332 65855 31 70604 332 68337
70136 332 65855 31 56867 332 68337
70136 332 65855 31 57967 332 68337
70136 332 65855 31 4159 332 68337
70136 332 65855 31 39117 332 68337
70136 332 65855 31 3087 332 68337
70136 332 65855 31 509 332 68337
70136 332 65855 31 39182 332 68337
70136 332 65855 31 7135 332 68337
70136 332 65855 31 53151 332 68337
70136 332 65855 31 72286 332 68337
70136 332 65855 31 4537 332 68337
70136 332 65855 31 25372 332 68337
70136 332 65855 31 67239 332 68337
70136 332 65855 31 33731 332 68337
70136 332 65853 31 41496 332 68337
70136 332 65853 31 29057 332 68337
70136 332 65853 31 20258 332 68337
70136 332 65853 31 72233 332 68337
70136 332 65853 31 36726 332 68337
70136 332 65853 31 53593 332 68337
70136 332 65853 31 6601 332 68337
70136 332 65853 31 7519 332 68337
70136 332 65853 31 36192 332 68337
70136 332 65853 31 36752 332 68337
70136 332 65853 31 39527 332 68337
70136 332 65853 31 61624 332 68337
70136 332 65853 31 6630 332 68337
70136 332 65856 31 40434 332 68337
70136 332 65856 31 42510 332 68337
70136 332 65856 31 65605 332 68337
70136 332 65856 31 40568 332 68337
70136 332 65856 31 12759 332 68337
70136 332 65861 31 44610 332 68337
70136 332 7925 31 52748 332 68337
70136 332 29052 31 34792 332 68337
70136 332 29052 31 31661 332 68337
70136 332 29052 31 47146 332 68337
70136 332 23453 31 25213 332 68337
70136 332 23453 31 68880 332 68337
