71935 332 12805
71935 332 10045 31 37109 332 12805
71935 332 10045 31 47399 332 12805
71935 332 10045 31 1444 332 12805
71935 332 10045 31 67308 332 12805
71935 332 10045 31 67997 332 12805
71935 332 10045 31 22809 332 12805
71935 332 10045 31 32357 332 12805
71935 332 10045 31 62148 332 12805
71935 332 10045 31 33132 332 12805
71935 332 10045 31 27960 332 12805
71935 332 10045 31 11292 332 12805
71935 332 10045 31 1548 332 12805
71935 332 10045 31 53407 332 12805
71935 332 10045 31 62341 332 12805
71935 332 10045 31 57819 332 12805
71935 332 10045 31 6534 332 12805
71935 332 10045 31 28376 332 12805
71935 332 10045 31 29493 332 12805
71935 332 10045 31 6621 332 12805
71935 332 10045 252 69092 277 12805
71935 332 1707 31 25006 332 12805
