71935 332 40309
71935 369 33054 252 40309
71935 369 33054 151 40309
71935 332 10045 31 72079 332 40309
71935 332 10045 31 73627 332 40309
71935 332 10045 31 43189 332 40309
71935 332 10045 31 6905 332 40309
71935 332 10045 31 5454 332 40309
71935 332 10045 31 42633 332 40309
71935 332 10045 31 68049 332 40309
71935 332 10045 31 16104 332 40309
71935 332 10045 31 67218 332 40309
71935 332 10045 31 1444 332 40309
71935 332 10045 31 2748 332 40309
71935 332 10045 31 67997 332 40309
71935 332 10045 31 58140 332 40309
71935 332 10045 31 58804 332 40309
71935 332 10045 31 4892 332 40309
71935 332 10045 31 9802 332 40309
71935 332 10045 31 32357 332 40309
71935 332 10045 31 56226 332 40309
71935 332 10045 31 59220 332 40309
71935 332 10045 31 29362 332 40309
71935 332 10045 31 58576 332 40309
71935 332 10045 31 24988 332 40309
71935 332 10045 31 33132 332 40309
71935 332 10045 31 6715 332 40309
71935 332 10045 31 27960 332 40309
71935 332 10045 31 70625 332 40309
71935 332 10045 31 11292 332 40309
71935 332 10045 31 47107 332 40309
71935 332 10045 31 36156 332 40309
71935 332 10045 31 74370 332 40309
71935 332 10045 31 73556 332 40309
71935 332 10045 31 72855 332 40309
71935 332 10045 31 44074 332 40309
71935 332 10045 31 25928 332 40309
71935 332 10045 31 56770 332 40309
71935 332 10045 31 57819 332 40309
71935 332 10045 31 6534 332 40309
71935 332 10045 31 49084 332 40309
71935 332 10045 31 20003 332 40309
71935 332 10045 31 28376 332 40309
71935 332 10045 31 58806 332 40309
71935 332 10045 31 32937 332 40309
71935 332 10045 31 11708 332 40309
71935 332 10045 31 69182 332 40309
71935 332 10045 31 27394 332 40309
71935 332 10045 31 15927 332 40309
71935 332 10045 31 2286 332 40309
71935 332 10045 31 23082 332 40309
71935 332 10045 31 33377 332 40309
71935 332 10045 31 22644 332 40309
71935 332 10045 369 19933 277 40309
71935 332 1707 31 40298 332 40309
71935 332 65853 31 65908 332 40309
71935 332 65853 31 65174 332 40309
71935 332 65853 31 17512 332 40309
71935 332 65853 31 37302 332 40309
71935 332 65856 31 73460 332 40309
71935 332 65856 31 40434 332 40309
71935 332 65856 31 42510 332 40309
71935 332 65856 31 18870 332 40309
71935 332 65856 31 69785 332 40309
71935 332 65856 31 26343 332 40309
71935 332 65856 369 41897 277 40309
71935 332 65857 31 44610 332 40309
71935 332 65857 31 74947 332 40309
71935 369 33054 277 71651 332 40309
