72079 332 51355
72079 373 28376 332 51355
72079 373 58806 332 51355
72079 75 41897 277 51355
72079 105 27339 172 32357 332 51355
72079 382 37878 369 33054 252 51355
72079 300 66239 211 1444 332 51355
72079 300 62434 211 70550 332 51355
72079 300 62434 211 6534 332 51355
72079 300 62434 211 17630 332 51355
72079 332 1707 31 56660 332 51355
72079 332 1707 31 47399 332 51355
72079 332 1707 31 72012 332 51355
72079 332 1707 31 56226 332 51355
72079 332 1707 31 62148 332 51355
72079 332 1707 31 33132 332 51355
72079 332 1707 31 27960 332 51355
72079 332 1707 31 70625 332 51355
72079 332 1707 31 25928 332 51355
72079 332 1707 31 61135 332 51355
72079 332 1707 31 62341 332 51355
72079 332 1707 31 12956 332 51355
72079 332 1707 31 2286 332 51355
72079 332 1707 31 29493 332 51355
72079 332 10045 31 36458 332 51355
72079 332 1705 31 35018 332 51355
72079 332 60031 31 17512 332 51355
72079 332 65855 31 42427 332 51355
72079 332 65857 31 44610 332 51355
72079 332 29064 31 21290 332 51355
