72079 332 10045
72079 382 37878 332 10045
72079 382 5850 332 10045
72079 382 42618 332 10045
72079 382 56441 332 10045
72079 382 30109 332 10045
72079 382 65305 332 10045
72079 373 51172 332 10045
72079 373 63392 332 10045
72079 373 59220 332 10045
72079 373 21330 332 10045
72079 373 40637 332 10045
72079 373 28376 332 10045
72079 373 58806 332 10045
72079 383 69092 151 10045
72079 383 69092 277 10045
72079 105 27339 172 72838 332 10045
72079 105 27339 172 7747 332 10045
72079 105 27339 172 32357 332 10045
72079 105 27339 172 14740 332 10045
72079 105 27339 172 40730 332 10045
72079 105 27339 172 26869 332 10045
72079 105 27339 172 47194 332 10045
72079 105 27339 172 72855 332 10045
72079 105 27339 172 50337 332 10045
72079 105 27339 105 72636 332 10045
72079 382 5850 13 17625 332 10045
72079 382 5850 359 6934 332 10045
72079 382 42618 6 46549 332 10045
72079 382 429 6 1524 332 10045
72079 382 56441 321 24058 332 10045
72079 382 30109 28 8203 332 10045
72079 300 66239 88 33377 332 10045
72079 300 66239 211 32723 332 10045
72079 300 66239 211 1444 332 10045
72079 300 66239 211 67997 332 10045
72079 300 66239 211 3394 332 10045
72079 300 66239 211 42166 332 10045
72079 300 66239 211 36689 332 10045
72079 300 66239 211 64590 332 10045
72079 300 66239 211 25233 332 10045
72079 300 66239 211 31910 332 10045
72079 300 62434 211 14264 332 10045
72079 300 62434 211 66245 332 10045
72079 300 62434 211 72862 332 10045
72079 300 62434 211 32830 332 10045
72079 300 62434 211 72056 332 10045
72079 300 62434 211 58140 332 10045
72079 300 62434 211 58804 332 10045
72079 300 62434 211 30439 332 10045
72079 300 62434 211 52683 332 10045
72079 300 62434 211 48726 332 10045
72079 300 62434 211 40951 332 10045
72079 300 62434 211 24688 332 10045
72079 300 62434 211 14858 277 10045
72079 300 62434 211 56770 332 10045
72079 300 62434 211 17692 332 10045
72079 300 62434 211 11565 332 10045
72079 300 62434 211 6534 332 10045
72079 300 62434 211 19847 332 10045
72079 300 62434 211 31485 332 10045
72079 300 62434 211 53927 332 10045
72079 300 62434 211 3650 332 10045
72079 300 62434 211 40314 332 10045
72079 300 62434 211 17630 332 10045
72079 300 62434 211 19706 332 10045
72079 332 1707 31 15024 332 10045
72079 332 1707 31 63400 332 10045
72079 332 1707 31 73627 332 10045
72079 332 1707 31 43189 332 10045
72079 332 1707 31 71935 332 10045
72079 332 1707 31 5454 332 10045
72079 332 1707 31 37109 332 10045
72079 332 1707 31 37724 332 10045
72079 332 1707 31 52436 332 10045
72079 332 1707 31 56660 332 10045
72079 332 1707 31 3416 332 10045
72079 332 1707 31 42633 332 10045
72079 332 1707 31 53484 332 10045
72079 332 1707 31 23705 332 10045
72079 332 1707 31 68049 332 10045
72079 332 1707 31 36276 332 10045
72079 332 1707 31 16104 332 10045
72079 332 1707 31 67218 332 10045
72079 332 1707 31 47399 332 10045
72079 332 1707 31 2405 332 10045
72079 332 1707 31 71389 332 10045
72079 332 1707 31 17167 332 10045
72079 332 1707 31 74973 332 10045
72079 332 1707 31 2748 332 10045
72079 332 1707 31 13243 332 10045
72079 332 1707 31 69430 332 10045
72079 332 1707 31 74887 332 10045
72079 332 1707 31 70024 332 10045
72079 332 1707 31 8653 332 10045
72079 332 1707 31 13312 332 10045
72079 332 1707 31 26466 332 10045
72079 332 1707 31 16834 332 10045
72079 332 1707 31 23029 332 10045
72079 332 1707 31 56226 332 10045
72079 332 1707 31 14729 332 10045
72079 332 1707 31 18019 332 10045
72079 332 1707 31 12330 332 10045
72079 332 1707 31 30916 332 10045
72079 332 1707 31 29362 332 10045
72079 332 1707 31 35880 332 10045
72079 332 1707 31 9105 332 10045
72079 332 1707 31 62148 332 10045
72079 332 1707 31 72283 332 10045
72079 332 1707 31 46210 332 10045
72079 332 1707 31 49417 332 10045
72079 332 1707 31 33132 332 10045
72079 332 1707 31 4445 332 10045
72079 332 1707 31 42198 332 10045
72079 332 1707 31 6715 332 10045
72079 332 1707 31 27960 332 10045
72079 332 1707 31 60798 332 10045
72079 332 1707 31 53262 332 10045
72079 332 1707 31 70625 332 10045
72079 332 1707 31 20793 332 10045
72079 332 1707 31 56532 332 10045
72079 332 1707 31 47686 332 10045
72079 332 1707 31 51559 332 10045
72079 332 1707 31 354 332 10045
72079 332 1707 31 11292 332 10045
72079 332 1707 31 74574 332 10045
72079 332 1707 31 47107 332 10045
72079 332 1707 31 36156 332 10045
72079 332 1707 31 48642 332 10045
72079 332 1707 31 13124 332 10045
72079 332 1707 31 34541 332 10045
72079 332 1707 31 1548 332 10045
72079 332 1707 31 53407 332 10045
72079 332 1707 31 73556 332 10045
72079 332 1707 31 73143 332 10045
72079 332 1707 31 2781 332 10045
72079 332 1707 31 12403 332 10045
72079 332 1707 31 55065 332 10045
72079 332 1707 31 9696 332 10045
72079 332 1707 31 55179 332 10045
72079 332 1707 31 51934 332 10045
72079 332 1707 31 45649 332 10045
72079 332 1707 31 44074 332 10045
72079 332 1707 31 25928 332 10045
72079 332 1707 31 26332 332 10045
72079 332 1707 31 39523 332 10045
72079 332 1707 31 61135 332 10045
72079 332 1707 31 36756 332 10045
72079 332 1707 31 62341 332 10045
72079 332 1707 31 17139 332 10045
72079 332 1707 31 57819 332 10045
72079 332 1707 31 41374 332 10045
72079 332 1707 31 13839 332 10045
72079 332 1707 31 49084 332 10045
72079 332 1707 31 20003 332 10045
72079 332 1707 31 36866 332 10045
72079 332 1707 31 63479 332 10045
72079 332 1707 31 53798 332 10045
72079 332 1707 31 3955 332 10045
72079 332 1707 31 29427 332 10045
72079 332 1707 31 32937 332 10045
72079 332 1707 31 19694 332 10045
72079 332 1707 31 34480 332 10045
72079 332 1707 31 11708 332 10045
72079 332 1707 31 3581 332 10045
72079 332 1707 31 12956 332 10045
72079 332 1707 31 15838 332 10045
72079 332 1707 31 69182 332 10045
72079 332 1707 31 24169 332 10045
72079 332 1707 31 18012 332 10045
72079 332 1707 31 27394 332 10045
72079 332 1707 31 44031 332 10045
72079 332 1707 31 52577 332 10045
72079 332 1707 31 769 332 10045
72079 332 1707 31 15927 332 10045
72079 332 1707 31 15214 332 10045
72079 332 1707 31 8501 332 10045
72079 332 1707 31 2286 332 10045
72079 332 1707 31 59917 332 10045
72079 332 1707 31 23082 332 10045
72079 332 1707 31 32267 332 10045
72079 332 1707 31 29493 332 10045
72079 332 1707 31 17345 332 10045
72079 332 1707 31 6621 332 10045
72079 332 1707 369 19933 277 10045
72079 332 1707 369 23785 277 10045
72079 332 1705 31 70136 332 10045
72079 332 1705 31 20140 332 10045
72079 332 1705 31 64880 332 10045
72079 332 1705 31 1549 332 10045
72079 332 1705 31 50024 332 10045
72079 332 1705 31 58231 332 10045
72079 332 1705 31 16161 332 10045
72079 332 1705 31 66295 332 10045
72079 332 1705 31 1333 332 10045
72079 332 1705 31 27362 332 10045
72079 332 1705 31 4830 332 10045
72079 332 1705 31 51510 332 10045
72079 332 1705 31 13931 332 10045
72079 332 1705 31 24865 332 10045
72079 332 1705 31 68168 332 10045
72079 332 1705 31 27162 332 10045
72079 332 1705 31 16968 332 10045
72079 332 1705 31 24855 332 10045
72079 332 1705 31 69984 332 10045
72079 332 1705 31 26151 332 10045
72079 332 1705 31 6978 332 10045
72079 332 1705 31 39064 332 10045
72079 332 1705 31 15303 332 10045
72079 332 1705 31 17055 332 10045
72079 332 1705 31 35180 332 10045
72079 332 1705 31 20766 332 10045
72079 332 1705 31 50986 332 10045
72079 332 1705 31 34858 332 10045
72079 332 1705 31 62497 332 10045
72079 332 1705 31 30773 332 10045
72079 332 1705 31 67308 332 10045
72079 332 1705 31 10512 332 10045
72079 332 1705 31 48144 332 10045
72079 332 1705 31 731 332 10045
72079 332 1705 31 73755 332 10045
72079 332 1705 31 30094 332 10045
72079 332 1705 31 2527 332 10045
72079 332 1705 31 22809 332 10045
72079 332 1705 31 24854 332 10045
72079 332 1705 31 51394 332 10045
72079 332 1705 31 42693 332 10045
72079 332 1705 31 4892 332 10045
72079 332 1705 31 44380 332 10045
72079 332 1705 31 28491 332 10045
72079 332 1705 31 32376 332 10045
72079 332 1705 31 20273 332 10045
72079 332 1705 31 58576 332 10045
72079 332 1705 31 36458 332 10045
72079 332 1705 31 25912 332 10045
72079 332 1705 31 74467 332 10045
72079 332 1705 31 37598 332 10045
72079 332 1705 31 24988 332 10045
72079 332 1705 31 51518 332 10045
72079 332 1705 31 57341 332 10045
72079 332 1705 31 72693 332 10045
72079 332 1705 31 43655 332 10045
72079 332 1705 31 8765 332 10045
72079 332 1705 31 27406 332 10045
72079 332 1705 31 11961 332 10045
72079 332 1705 31 5992 332 10045
72079 332 1705 31 64335 332 10045
72079 332 1705 31 57633 332 10045
72079 332 1705 31 5174 332 10045
72079 332 1705 31 74370 332 10045
72079 332 1705 31 14898 332 10045
72079 332 1705 31 41749 332 10045
72079 332 1705 31 50152 332 10045
72079 332 1705 31 36571 332 10045
72079 332 1705 31 736 332 10045
72079 332 1705 31 9726 332 10045
72079 332 1705 31 21623 332 10045
72079 332 1705 31 11264 332 10045
72079 332 1705 31 1929 332 10045
72079 332 1705 31 10430 332 10045
72079 332 1705 31 31723 332 10045
72079 332 1705 31 7646 332 10045
72079 332 1705 31 20969 332 10045
72079 332 1705 31 15091 332 10045
72079 332 1705 31 2136 332 10045
72079 332 1705 31 1945 332 10045
72079 332 1705 31 75174 332 10045
72079 332 1705 31 45570 332 10045
72079 332 1705 31 14216 332 10045
72079 332 1705 31 25090 332 10045
72079 332 1705 31 38634 332 10045
72079 332 1705 31 10448 332 10045
72079 332 1705 31 44651 332 10045
72079 332 1705 31 73145 332 10045
72079 332 1705 31 17774 332 10045
72079 332 1705 31 48224 332 10045
72079 332 1705 31 67768 332 10045
72079 332 1705 31 15479 332 10045
72079 332 1705 31 67502 332 10045
72079 332 1705 31 59128 332 10045
72079 332 1705 31 58932 332 10045
72079 332 1705 31 29284 332 10045
72079 332 1705 31 50985 332 10045
72079 332 1705 31 51080 332 10045
72079 332 1705 31 33365 332 10045
72079 332 1705 31 1541 332 10045
72079 332 1705 31 74865 332 10045
72079 332 1705 31 26710 332 10045
72079 332 1705 31 63979 332 10045
72079 332 1705 31 20043 332 10045
72079 332 1705 31 17107 332 10045
72079 332 1705 31 14746 332 10045
72079 332 1705 31 53371 332 10045
72079 332 1705 31 27769 332 10045
72079 332 1705 31 48778 332 10045
72079 332 1705 31 6957 332 10045
72079 332 1705 31 23225 332 10045
72079 332 1705 205 45407 57 10045
72079 332 60306 31 48048 332 10045
72079 332 60306 31 25110 332 10045
72079 332 60308 31 36892 332 10045
72079 332 65855 31 44925 332 10045
72079 332 65855 31 65268 332 10045
72079 332 65855 31 15790 332 10045
72079 332 65855 31 35048 332 10045
72079 332 65855 31 56854 332 10045
72079 332 65855 31 70122 332 10045
72079 332 65855 31 7377 332 10045
72079 332 65855 31 10736 332 10045
72079 332 65855 31 6905 332 10045
72079 332 65855 31 30301 332 10045
72079 332 65855 31 30490 332 10045
72079 332 65855 31 59683 332 10045
72079 332 65855 31 75306 332 10045
72079 332 65855 31 70701 332 10045
72079 332 65855 31 51257 332 10045
72079 332 65855 31 47458 332 10045
72079 332 65855 31 53050 332 10045
72079 332 65855 31 8629 332 10045
72079 332 65855 31 25768 332 10045
72079 332 65855 31 46295 332 10045
72079 332 65855 31 36844 332 10045
72079 332 65855 31 37791 332 10045
72079 332 65855 31 47435 332 10045
72079 332 65855 31 49666 332 10045
72079 332 65855 31 43497 332 10045
72079 332 65855 31 36558 332 10045
72079 332 65855 31 45897 332 10045
72079 332 65855 31 73217 332 10045
72079 332 65855 31 73848 332 10045
72079 332 65855 31 71135 332 10045
72079 332 65855 31 5865 332 10045
72079 332 65855 31 53912 332 10045
72079 332 65855 31 51036 332 10045
72079 332 65855 31 27537 332 10045
72079 332 65855 31 12757 332 10045
72079 332 65855 31 16774 332 10045
72079 332 65855 31 40409 332 10045
72079 332 65855 31 33971 332 10045
72079 332 65855 31 13720 332 10045
72079 332 65855 31 57305 332 10045
72079 332 65855 31 25025 332 10045
72079 332 65855 31 22957 332 10045
72079 332 65855 31 66788 332 10045
72079 332 65855 31 44612 332 10045
72079 332 65855 31 53860 332 10045
72079 332 65855 31 44564 332 10045
72079 332 65855 31 38080 332 10045
72079 332 65855 31 65295 332 10045
72079 332 65855 31 69289 332 10045
72079 332 65855 31 58909 332 10045
72079 332 65855 31 65294 332 10045
72079 332 65855 31 3644 332 10045
72079 332 65855 31 101 332 10045
72079 332 65855 31 73529 332 10045
72079 332 65855 31 9802 332 10045
72079 332 65855 31 29174 332 10045
72079 332 65855 31 61321 332 10045
72079 332 65855 31 29119 332 10045
72079 332 65855 31 53174 332 10045
72079 332 65855 31 39775 332 10045
72079 332 65855 31 50480 332 10045
72079 332 65855 31 50458 332 10045
72079 332 65855 31 67639 332 10045
72079 332 65855 31 10715 332 10045
72079 332 65855 31 64688 332 10045
72079 332 65855 31 70287 332 10045
72079 332 65855 31 29596 332 10045
72079 332 65855 31 67212 332 10045
72079 332 65855 31 75463 332 10045
72079 332 65855 31 42736 332 10045
72079 332 65855 31 49456 332 10045
72079 332 65855 31 4305 332 10045
72079 332 65855 31 46309 332 10045
72079 332 65855 31 58769 332 10045
72079 332 65855 31 38136 332 10045
72079 332 65855 31 12442 332 10045
72079 332 65855 31 983 332 10045
72079 332 65855 31 69019 332 10045
72079 332 65855 31 38459 332 10045
72079 332 65855 31 35564 332 10045
72079 332 65855 31 74737 332 10045
72079 332 65855 31 37720 332 10045
72079 332 65855 31 41239 332 10045
72079 332 65855 31 22642 332 10045
72079 332 65855 31 58961 332 10045
72079 332 65855 31 10694 332 10045
72079 332 65855 31 18223 332 10045
72079 332 65855 31 34318 332 10045
72079 332 65855 31 4598 332 10045
72079 332 65855 31 35621 332 10045
72079 332 65855 31 53211 332 10045
72079 332 65855 31 63591 332 10045
72079 332 65855 31 23861 332 10045
72079 332 65855 31 54314 332 10045
72079 332 65855 31 35145 332 10045
72079 332 65855 31 55274 332 10045
72079 332 65855 31 6943 332 10045
72079 332 65855 31 30068 332 10045
72079 332 65855 31 6451 332 10045
72079 332 65855 31 38148 332 10045
72079 332 65855 31 13914 332 10045
72079 332 65855 31 28484 332 10045
72079 332 65855 31 14496 332 10045
72079 332 65855 31 11032 332 10045
72079 332 65855 31 52672 332 10045
72079 332 65855 31 15281 332 10045
72079 332 65855 31 18362 332 10045
72079 332 65855 31 43961 332 10045
72079 332 65855 31 6929 332 10045
72079 332 65855 31 71744 332 10045
72079 332 65855 31 21584 332 10045
72079 332 65855 31 43294 332 10045
72079 332 65855 31 15757 332 10045
72079 332 65855 31 2451 332 10045
72079 332 65855 31 16321 332 10045
72079 332 65855 31 54994 332 10045
72079 332 65855 31 35217 332 10045
72079 332 65855 31 13763 332 10045
72079 332 65855 31 48233 332 10045
72079 332 65855 31 1679 332 10045
72079 332 65855 31 28569 332 10045
72079 332 65855 31 66280 332 10045
72079 332 65855 31 73597 332 10045
72079 332 65855 31 9269 332 10045
72079 332 65855 31 41162 332 10045
72079 332 65855 31 8870 332 10045
72079 332 65855 31 16902 332 10045
72079 332 65855 31 14405 332 10045
72079 332 65855 31 40305 332 10045
72079 332 65855 31 58796 332 10045
72079 332 65855 31 53923 332 10045
72079 332 65855 31 62098 332 10045
72079 332 65855 31 16952 332 10045
72079 332 65855 31 14537 332 10045
72079 332 65855 31 4833 332 10045
72079 332 65855 31 68221 332 10045
72079 332 65855 31 6544 332 10045
72079 332 65855 31 72997 332 10045
72079 332 65855 31 4992 332 10045
72079 332 65855 31 36323 332 10045
72079 332 65855 31 1641 332 10045
72079 332 65855 31 40496 332 10045
72079 332 65855 31 10103 332 10045
72079 332 65855 31 56435 332 10045
72079 332 65855 31 73840 332 10045
72079 332 65855 31 16438 332 10045
72079 332 65855 31 37792 332 10045
72079 332 65855 31 73103 332 10045
72079 332 65855 31 43314 332 10045
72079 332 65855 31 70778 332 10045
72079 332 65855 31 48125 332 10045
72079 332 65855 31 42969 332 10045
72079 332 65855 31 64296 332 10045
72079 332 65855 31 55099 332 10045
72079 332 65855 31 26905 332 10045
72079 332 65855 31 19870 332 10045
72079 332 65855 31 7746 332 10045
72079 332 65855 31 32246 332 10045
72079 332 65855 31 12132 332 10045
72079 332 65855 31 69569 332 10045
72079 332 65855 31 19295 332 10045
72079 332 65855 31 16117 332 10045
72079 332 65855 31 6057 332 10045
72079 332 65855 31 51589 332 10045
72079 332 65855 31 22644 332 10045
72079 332 65855 31 65232 332 10045
72079 332 65855 31 37462 332 10045
72079 332 65853 31 68356 332 10045
72079 332 65853 31 70445 332 10045
72079 332 65853 31 66472 332 10045
72079 332 65853 31 62256 332 10045
72079 332 65853 31 55412 332 10045
72079 332 65853 31 11652 332 10045
72079 332 65853 31 13935 332 10045
72079 332 65853 31 47066 332 10045
72079 332 65853 31 35831 332 10045
72079 332 65853 31 15564 332 10045
72079 332 65853 31 41182 332 10045
72079 332 65853 31 17463 332 10045
72079 332 65853 31 43571 332 10045
72079 332 65853 31 61075 332 10045
72079 332 65853 31 36540 332 10045
72079 332 65853 31 36312 332 10045
72079 332 65853 31 58348 332 10045
72079 332 65853 31 8966 332 10045
72079 332 65853 31 72418 332 10045
72079 332 65853 31 24817 332 10045
72079 332 65853 31 22720 332 10045
72079 332 65853 31 70259 332 10045
72079 332 65853 31 12723 332 10045
72079 332 65853 31 6346 332 10045
72079 332 65853 31 64211 332 10045
72079 332 65853 31 69544 332 10045
72079 332 65853 31 67973 332 10045
72079 332 65853 31 59909 332 10045
72079 332 65853 31 17522 332 10045
72079 332 65853 31 7314 332 10045
72079 332 65853 31 22383 332 10045
72079 332 65853 31 19361 332 10045
72079 332 65853 31 48202 332 10045
72079 332 65853 31 30522 332 10045
72079 332 65853 31 20344 332 10045
72079 332 65853 31 16246 332 10045
72079 332 65853 31 6370 332 10045
72079 332 65853 31 13031 332 10045
72079 332 65853 31 62841 332 10045
72079 332 65857 31 20061 332 10045
72079 332 65857 31 48923 332 10045
72079 332 65857 31 39984 332 10045
72079 332 65857 31 68180 332 10045
72079 332 65857 31 62862 332 10045
72079 332 65857 31 47039 332 10045
72079 332 65857 31 52904 332 10045
72079 332 65857 31 57462 332 10045
72079 332 65857 31 22232 332 10045
72079 332 65857 31 72083 332 10045
72079 332 65857 31 70403 332 10045
72079 332 65857 31 51545 332 10045
72079 332 65856 31 2203 332 10045
72079 332 65856 31 40284 332 10045
72079 332 65856 31 74200 332 10045
72079 332 65856 31 74638 332 10045
72079 332 65856 31 30236 332 10045
72079 332 65856 31 34695 332 10045
72079 332 65856 31 18167 332 10045
72079 332 65856 31 2851 332 10045
72079 332 65856 31 49915 332 10045
72079 332 65856 31 9365 332 10045
72079 332 65856 31 37773 332 10045
72079 332 29052 31 64690 332 10045
72079 332 29052 31 26268 332 10045
72079 332 29052 31 27423 332 10045
72079 332 29052 31 13416 332 10045
72079 332 29052 31 50557 332 10045
72079 332 29052 31 29327 332 10045
72079 332 29052 31 60225 332 10045
72079 332 29052 31 73637 332 10045
72079 332 29052 31 57689 332 10045
72079 332 29052 31 9616 332 10045
72079 332 29052 31 27946 332 10045
72079 332 29052 31 8450 332 10045
72079 332 29065 31 75229 332 10045
72079 332 29065 31 14769 332 10045
72079 332 29065 31 23474 332 10045
72079 332 29065 31 24975 332 10045
72079 332 29065 31 51930 332 10045
72079 332 29065 31 35524 332 10045
72079 332 29065 31 6043 332 10045
72079 332 29065 31 1427 332 10045
72079 332 29065 31 56241 332 10045
72079 332 29065 31 70137 332 10045
72079 332 29065 31 41476 332 10045
72079 332 29064 31 65333 332 10045
72079 332 29064 31 9466 332 10045
72079 332 29064 31 38334 332 10045
72079 332 23453 31 60183 332 10045
72079 332 32380 31 57526 332 10045
72079 332 68334 31 34489 332 10045
72079 256 29063 202 6003 277 10045
72079 383 69092 294 73168 332 10045
72079 383 69092 294 57505 332 10045
72079 75 41897 252 61103 332 10045
72079 297 61222 231 17947 332 10045
72079 300 66239 211 15756 365 41108 332 10045
72079 300 62434 211 14858 75 9313 332 10045
72079 332 65856 31 49915 365 68664 332 10045
72079 332 29065 31 56241 365 38583 332 10045
72079 332 1707 31 29427 126 32725 372 58365 15 40065 332 10045
