72079 332 71061
72079 373 28376 332 71061
72079 373 58806 332 71061
72079 300 66239 211 1444 332 71061
72079 300 66239 211 67997 332 71061
72079 300 62434 211 65908 332 71061
72079 300 62434 211 6534 332 71061
72079 300 62434 211 3650 332 71061
72079 300 62434 211 17630 332 71061
72079 332 1707 31 4445 332 71061
72079 332 1707 31 27960 332 71061
72079 332 1707 31 73556 332 71061
72079 332 1707 31 13839 332 71061
72079 332 1707 31 11708 332 71061
72079 332 1707 31 12956 332 71061
72079 332 10045 31 4892 332 71061
72079 332 10045 31 37598 332 71061
72079 332 10045 31 34695 332 71061
72079 332 10045 31 26710 332 71061
72079 332 65855 31 39127 332 71061
