72079 332 51356
72079 373 28376 332 51356
72079 373 58806 332 51356
72079 75 41897 277 51356
72079 105 27339 172 32357 332 51356
72079 382 37878 369 33054 252 51356
72079 300 62434 211 70550 332 51356
72079 300 62434 211 58804 332 51356
72079 300 62434 211 6534 332 51356
72079 300 62434 211 17630 332 51356
72079 332 1707 31 5454 332 51356
72079 332 1707 31 37109 332 51356
72079 332 1707 31 68049 332 51356
72079 332 1707 31 56226 332 51356
72079 332 1707 31 62148 332 51356
72079 332 1707 31 33132 332 51356
72079 332 1707 31 6715 332 51356
72079 332 1707 31 27960 332 51356
72079 332 1707 31 70625 332 51356
72079 332 1707 31 11292 332 51356
72079 332 1707 31 36156 332 51356
72079 332 1707 31 13124 332 51356
72079 332 1707 31 51934 332 51356
72079 332 1707 31 25928 332 51356
72079 332 1707 31 11708 332 51356
72079 332 1707 31 2286 332 51356
72079 332 1707 31 29493 332 51356
72079 332 1707 369 19933 277 51356
72079 332 10045 31 67308 332 51356
72079 332 10045 31 73755 332 51356
72079 332 10045 31 26710 332 51356
72079 332 65855 31 56019 332 51356
72079 332 65856 31 24679 332 51356
