72079 332 40308
72079 373 28376 332 40308
72079 373 58806 332 40308
72079 383 69092 277 40308
72079 105 27339 172 32357 332 40308
72079 105 27339 172 14740 332 40308
72079 105 27339 105 72636 332 40308
72079 300 66239 88 69820 332 40308
72079 300 66239 88 33377 332 40308
72079 300 66239 211 1444 332 40308
72079 300 66239 211 67997 332 40308
72079 300 62434 211 32830 332 40308
72079 300 62434 211 70550 332 40308
72079 300 62434 211 58140 332 40308
72079 300 62434 211 11565 332 40308
72079 300 62434 211 6534 332 40308
72079 300 62434 211 17630 332 40308
72079 332 1707 31 71935 332 40308
72079 332 1707 31 5454 332 40308
72079 332 1707 31 37109 332 40308
72079 332 1707 31 68049 332 40308
72079 332 1707 31 67218 332 40308
72079 332 1707 31 2748 332 40308
72079 332 1707 31 26466 332 40308
72079 332 1707 31 25006 332 40308
72079 332 1707 31 14729 332 40308
72079 332 1707 31 35880 332 40308
72079 332 1707 31 62148 332 40308
72079 332 1707 31 49417 332 40308
72079 332 1707 31 33132 332 40308
72079 332 1707 31 4445 332 40308
72079 332 1707 31 27960 332 40308
72079 332 1707 31 53262 332 40308
72079 332 1707 31 70625 332 40308
72079 332 1707 31 51559 332 40308
72079 332 1707 31 11292 332 40308
72079 332 1707 31 47107 332 40308
72079 332 1707 31 36156 332 40308
72079 332 1707 31 13124 332 40308
72079 332 1707 31 55179 332 40308
72079 332 1707 31 45649 332 40308
72079 332 1707 31 44074 332 40308
72079 332 1707 31 25928 332 40308
72079 332 1707 31 62341 332 40308
72079 332 1707 31 57819 332 40308
72079 332 1707 31 49084 332 40308
72079 332 1707 31 3955 332 40308
72079 332 1707 31 19694 332 40308
72079 332 1707 31 69182 332 40308
72079 332 1707 31 2286 332 40308
72079 332 1707 31 23082 332 40308
72079 332 1707 31 29493 332 40308
72079 332 1707 31 17345 332 40308
72079 332 1707 369 19933 332 40308
72079 332 10045 31 64880 332 40308
72079 332 10045 31 6905 332 40308
72079 332 10045 31 35180 332 40308
72079 332 10045 31 62497 332 40308
72079 332 10045 31 101 332 40308
72079 332 10045 31 4892 332 40308
72079 332 10045 31 10715 332 40308
72079 332 10045 31 42736 332 40308
72079 332 10045 31 24988 332 40308
72079 332 10045 31 12442 332 40308
72079 332 10045 31 72693 332 40308
72079 332 10045 31 37720 332 40308
72079 332 10045 31 58961 332 40308
72079 332 10045 31 30236 332 40308
72079 332 10045 31 25090 332 40308
72079 332 10045 31 55099 332 40308
72079 332 65855 31 26840 332 40308
72079 332 65853 31 68560 332 40308
72079 332 6058 31 50691 332 40308
72079 332 29065 31 57616 332 40308
72079 332 29064 31 11184 332 40308
72079 332 29064 31 41598 332 40308
