72079 332 3980
72079 373 28376 332 3980
72079 105 27339 172 32357 332 3980
72079 300 66239 88 33377 332 3980
72079 300 66239 211 1444 332 3980
72079 300 66239 211 67997 332 3980
72079 300 66239 211 64590 332 3980
72079 300 62434 211 6534 332 3980
72079 332 1707 31 33132 332 3980
72079 332 1707 31 27960 332 3980
72079 332 1707 31 70625 332 3980
72079 332 1707 31 73556 332 3980
72079 332 1707 31 57819 332 3980
72079 332 10045 31 64880 332 3980
72079 332 65853 31 14798 332 3980
72079 332 65857 31 23655 332 3980
72079 332 65857 31 26343 332 3980
72079 332 23446 31 65183 332 3980
