72079 332 23887
72079 373 28376 332 23887
72079 373 58806 332 23887
72079 75 41897 277 23887
72079 105 27339 172 32357 332 23887
72079 300 66239 211 1444 332 23887
72079 300 66239 211 67997 332 23887
72079 300 62434 211 6534 332 23887
72079 300 62434 211 19847 332 23887
72079 300 62434 211 3650 332 23887
72079 300 62434 211 17630 332 23887
72079 332 1707 31 4445 332 23887
72079 332 1707 31 27960 332 23887
72079 332 1707 31 9696 332 23887
72079 332 1707 31 39182 332 23887
72079 332 1707 31 25928 332 23887
72079 332 1707 31 57819 332 23887
72079 332 1707 31 49084 332 23887
72079 332 1707 31 12956 332 23887
72079 332 10045 31 73217 332 23887
72079 332 10045 31 22809 332 23887
72079 332 10045 31 29174 332 23887
72079 332 10045 31 73840 332 23887
72079 332 10045 31 26710 332 23887
72079 332 1705 31 73769 332 23887
72079 332 65857 31 15215 332 23887
72079 382 37878 369 33054 277 20904 332 23887
