72079 332 31869
72079 373 28376 332 31869
72079 373 58806 332 31869
72079 75 41897 277 31869
72079 105 27339 172 32357 332 31869
72079 300 66239 211 1444 332 31869
72079 300 62434 211 6534 332 31869
72079 300 62434 211 3650 332 31869
72079 332 1707 31 37109 332 31869
72079 332 1707 31 33132 332 31869
72079 332 1707 31 27960 332 31869
72079 332 1707 31 11292 332 31869
72079 332 1707 31 73556 332 31869
72079 332 1707 31 51934 332 31869
72079 332 1707 31 25928 332 31869
72079 332 1707 31 62341 332 31869
72079 332 1707 31 2286 332 31869
72079 332 1707 31 29493 332 31869
72079 332 10045 31 4892 332 31869
72079 332 10045 31 56435 332 31869
