72079 332 59840
72079 373 59220 332 59840
72079 373 58806 332 59840
72079 383 69092 151 59840
72079 383 69092 277 59840
72079 105 27339 172 32357 332 59840
72079 300 66239 88 33377 332 59840
72079 300 66239 211 37302 332 59840
72079 300 62434 211 6534 332 59840
72079 300 62434 211 53927 332 59840
72079 300 62434 211 3650 332 59840
72079 300 62434 211 17630 332 59840
72079 332 1707 31 37724 332 59840
72079 332 1707 31 67218 332 59840
72079 332 1707 31 2748 332 59840
72079 332 1707 31 35880 332 59840
72079 332 1707 31 62148 332 59840
72079 332 1707 31 33132 332 59840
72079 332 1707 31 27960 332 59840
72079 332 1707 31 70625 332 59840
72079 332 1707 31 51559 332 59840
72079 332 1707 31 11292 332 59840
72079 332 1707 31 36156 332 59840
72079 332 1707 31 25928 332 59840
72079 332 1707 31 62341 332 59840
72079 332 1707 31 57819 332 59840
72079 332 1707 31 20003 332 59840
72079 332 1707 31 40298 332 59840
72079 332 1707 31 4081 332 59840
72079 332 1707 31 23082 332 59840
72079 332 1707 31 29493 332 59840
72079 332 1707 369 19933 332 59840
72079 332 10045 31 4892 332 59840
72079 332 10045 31 24988 332 59840
72079 332 10045 31 30236 332 59840
72079 332 60031 31 22772 332 59840
72079 332 65855 31 73559 332 59840
72079 332 29065 31 62831 332 59840
72079 332 35877 369 67410 252 59840
