72079 332 3992
72079 373 28376 332 3992
72079 373 58806 332 3992
72079 105 27339 172 32357 332 3992
72079 300 66239 211 1444 332 3992
72079 300 66239 211 67997 332 3992
72079 300 62434 211 65908 332 3992
72079 300 62434 211 6534 332 3992
72079 300 62434 211 3650 332 3992
72079 300 62434 211 17630 332 3992
72079 332 1707 31 68049 332 3992
72079 332 1707 31 14729 332 3992
72079 332 1707 31 35880 332 3992
72079 332 1707 31 33132 332 3992
72079 332 1707 31 27960 332 3992
72079 332 1707 31 57819 332 3992
72079 332 1707 31 32937 332 3992
72079 332 1707 31 11708 332 3992
72079 332 1707 31 12956 332 3992
72079 332 1707 31 52577 332 3992
72079 332 10045 31 69984 332 3992
72079 332 10045 31 22809 332 3992
72079 332 10045 31 36458 332 3992
72079 332 10045 31 26710 332 3992
72079 332 65855 31 39127 332 3992
72079 332 65853 31 23889 332 3992
72079 332 65857 31 5659 332 3992
72079 332 6058 31 31636 332 3992
72079 332 29061 31 18715 332 3992
72079 382 37878 369 33054 252 65814 332 3992
72079 332 1707 31 3955 126 8122 57 3992
