72079 332 60306
72079 373 58806 332 60306
72079 383 69092 277 60306
72079 105 27339 172 32357 332 60306
72079 300 66239 211 1444 332 60306
72079 300 66239 211 37302 332 60306
72079 300 62434 211 6534 332 60306
72079 300 62434 211 3650 332 60306
72079 332 1707 31 37109 332 60306
72079 332 1707 31 35504 332 60306
72079 332 1707 31 25006 332 60306
72079 332 1707 31 72012 332 60306
72079 332 1707 31 62148 332 60306
72079 332 1707 31 33132 332 60306
72079 332 1707 31 27960 332 60306
72079 332 1707 31 70625 332 60306
72079 332 1707 31 2781 332 60306
72079 332 1707 31 9696 332 60306
72079 332 1707 31 25928 332 60306
72079 332 1707 31 19694 332 60306
72079 332 1707 31 2286 332 60306
72079 332 10045 31 67308 332 60306
72079 332 10045 31 48048 332 60306
72079 332 10045 31 22809 332 60306
72079 332 10045 31 25110 332 60306
