72079 332 68339
72079 382 42618 332 68339
72079 382 30109 332 68339
72079 373 51172 332 68339
72079 373 28376 332 68339
72079 373 58806 332 68339
72079 75 41897 277 68339
72079 105 27339 172 32357 332 68339
72079 105 27339 172 72855 332 68339
72079 105 27339 172 26159 332 68339
72079 382 37878 369 33054 252 68339
72079 382 37878 369 33054 151 68339
72079 382 429 6 1524 332 68339
72079 382 56441 321 24058 332 68339
72079 300 66239 88 69820 332 68339
72079 300 66239 88 33377 332 68339
72079 300 66239 211 1444 332 68339
72079 300 66239 211 67997 332 68339
72079 300 66239 211 71525 332 68339
72079 300 66239 211 25233 332 68339
72079 300 62434 211 14264 332 68339
72079 300 62434 211 66245 332 68339
72079 300 62434 211 65908 332 68339
72079 300 62434 211 65174 332 68339
72079 300 62434 211 58140 332 68339
72079 300 62434 211 58804 332 68339
72079 300 62434 211 6534 332 68339
72079 332 1707 31 71935 332 68339
72079 332 1707 31 5454 332 68339
72079 332 1707 31 37109 332 68339
72079 332 1707 31 37724 332 68339
72079 332 1707 31 56660 332 68339
72079 332 1707 31 42633 332 68339
72079 332 1707 31 23705 332 68339
72079 332 1707 31 68049 332 68339
72079 332 1707 31 36276 332 68339
72079 332 1707 31 16104 332 68339
72079 332 1707 31 67218 332 68339
72079 332 1707 31 47399 332 68339
72079 332 1707 31 2748 332 68339
72079 332 1707 31 70024 332 68339
72079 332 1707 31 56226 332 68339
72079 332 1707 31 14729 332 68339
72079 332 1707 31 30916 332 68339
72079 332 1707 31 62148 332 68339
72079 332 1707 31 49417 332 68339
72079 332 1707 31 33132 332 68339
72079 332 1707 31 6715 332 68339
72079 332 1707 31 27960 332 68339
72079 332 1707 31 70625 332 68339
72079 332 1707 31 11292 332 68339
72079 332 1707 31 47107 332 68339
72079 332 1707 31 36156 332 68339
72079 332 1707 31 48642 332 68339
72079 332 1707 31 13124 332 68339
72079 332 1707 31 34541 332 68339
72079 332 1707 31 1548 332 68339
72079 332 1707 31 73556 332 68339
72079 332 1707 31 9696 332 68339
72079 332 1707 31 51934 332 68339
72079 332 1707 31 45649 332 68339
72079 332 1707 31 44074 332 68339
72079 332 1707 31 25928 332 68339
72079 332 1707 31 62341 332 68339
72079 332 1707 31 57819 332 68339
72079 332 1707 31 13839 332 68339
72079 332 1707 31 49084 332 68339
72079 332 1707 31 32937 332 68339
72079 332 1707 31 34480 332 68339
72079 332 1707 31 11708 332 68339
72079 332 1707 31 12956 332 68339
72079 332 1707 31 15927 332 68339
72079 332 1707 31 8501 332 68339
72079 332 1707 31 2286 332 68339
72079 332 1707 31 23082 332 68339
72079 332 1707 31 29493 332 68339
72079 332 1707 31 6621 332 68339
72079 332 1707 369 19933 277 68339
72079 332 10045 31 44925 332 68339
72079 332 10045 31 1549 332 68339
72079 332 10045 31 6905 332 68339
72079 332 10045 31 1333 332 68339
72079 332 10045 31 37791 332 68339
72079 332 10045 31 27162 332 68339
72079 332 10045 31 6978 332 68339
72079 332 10045 31 73755 332 68339
72079 332 10045 31 4892 332 68339
72079 332 10045 31 29174 332 68339
72079 332 10045 31 24988 332 68339
72079 332 10045 31 57341 332 68339
72079 332 10045 31 35564 332 68339
72079 332 10045 31 37720 332 68339
72079 332 10045 31 11961 332 68339
72079 332 10045 31 5174 332 68339
72079 332 10045 31 30236 332 68339
72079 332 10045 31 28484 332 68339
72079 332 10045 31 10430 332 68339
72079 332 10045 31 66280 332 68339
72079 332 10045 31 2136 332 68339
72079 332 10045 31 10448 332 68339
72079 332 10045 31 48224 332 68339
72079 332 10045 31 26710 332 68339
72079 332 10045 31 30522 332 68339
72079 332 10045 31 14746 332 68339
72079 332 10045 31 48778 332 68339
72079 332 10045 205 45407 57 68339
72079 332 1705 31 37710 332 68339
72079 332 1705 31 7340 332 68339
72079 332 1705 31 40136 332 68339
72079 332 60031 31 17512 332 68339
72079 332 60031 31 57818 332 68339
72079 332 65855 31 72933 332 68339
72079 332 65855 31 15607 332 68339
72079 332 65855 31 64739 332 68339
72079 332 65855 31 3087 332 68339
72079 332 65855 31 29254 332 68339
72079 332 65855 31 509 332 68339
72079 332 65855 31 60674 332 68339
72079 332 65855 31 51743 332 68339
72079 332 65853 31 16722 332 68339
72079 332 65853 31 39527 332 68339
72079 332 65853 31 63326 332 68339
72079 332 65857 31 10933 332 68339
72079 332 65857 31 40434 332 68339
72079 332 65857 31 18870 332 68339
72079 332 23446 31 65183 332 68339
72079 332 6058 31 50691 332 68339
72079 297 61222 231 12776 332 68339
