72079 332 68338
72079 382 42618 332 68338
72079 382 30109 332 68338
72079 373 59220 332 68338
72079 373 28376 332 68338
72079 373 58806 332 68338
72079 75 41897 277 68338
72079 105 27339 172 32357 332 68338
72079 105 27339 172 47194 332 68338
72079 105 27339 172 72855 332 68338
72079 382 37878 369 33054 252 68338
72079 382 37878 369 33054 151 68338
72079 382 429 6 1524 332 68338
72079 300 66239 88 33377 332 68338
72079 300 66239 211 1444 332 68338
72079 300 66239 211 37302 332 68338
72079 300 66239 211 63530 332 68338
72079 300 66239 211 64590 332 68338
72079 300 66239 211 25233 332 68338
72079 300 62434 211 66245 332 68338
72079 300 62434 211 73460 332 68338
72079 300 62434 211 70550 332 68338
72079 300 62434 211 58140 332 68338
72079 300 62434 211 58804 332 68338
72079 300 62434 211 56770 332 68338
72079 300 62434 211 6534 332 68338
72079 300 62434 211 50528 28 68338
72079 300 62434 211 50528 277 68338
72079 332 1707 31 73627 332 68338
72079 332 1707 31 43189 332 68338
72079 332 1707 31 71935 332 68338
72079 332 1707 31 5454 332 68338
72079 332 1707 31 37109 332 68338
72079 332 1707 31 37724 332 68338
72079 332 1707 31 56660 332 68338
72079 332 1707 31 3416 332 68338
72079 332 1707 31 42633 332 68338
72079 332 1707 31 23705 332 68338
72079 332 1707 31 68049 332 68338
72079 332 1707 31 67218 332 68338
72079 332 1707 31 47399 332 68338
72079 332 1707 31 71389 332 68338
72079 332 1707 31 17167 332 68338
72079 332 1707 31 2748 332 68338
72079 332 1707 31 13312 332 68338
72079 332 1707 31 26466 332 68338
72079 332 1707 31 72012 332 68338
72079 332 1707 31 56226 332 68338
72079 332 1707 31 30916 332 68338
72079 332 1707 31 62148 332 68338
72079 332 1707 31 46210 332 68338
72079 332 1707 31 60982 332 68338
72079 332 1707 31 33132 332 68338
72079 332 1707 31 4445 332 68338
72079 332 1707 31 27960 332 68338
72079 332 1707 31 53262 332 68338
72079 332 1707 31 70625 332 68338
72079 332 1707 31 20793 332 68338
72079 332 1707 31 11292 332 68338
72079 332 1707 31 47107 332 68338
72079 332 1707 31 36156 332 68338
72079 332 1707 31 48642 332 68338
72079 332 1707 31 13124 332 68338
72079 332 1707 31 34541 332 68338
72079 332 1707 31 8270 332 68338
72079 332 1707 31 73143 332 68338
72079 332 1707 31 12403 332 68338
72079 332 1707 31 9696 332 68338
72079 332 1707 31 55179 332 68338
72079 332 1707 31 39182 332 68338
72079 332 1707 31 45649 332 68338
72079 332 1707 31 44074 332 68338
72079 332 1707 31 25928 332 68338
72079 332 1707 31 61135 332 68338
72079 332 1707 31 36756 332 68338
72079 332 1707 31 62341 332 68338
72079 332 1707 31 57819 332 68338
72079 332 1707 31 41374 332 68338
72079 332 1707 31 13839 332 68338
72079 332 1707 31 49084 332 68338
72079 332 1707 31 36866 332 68338
72079 332 1707 31 29427 332 68338
72079 332 1707 31 34480 332 68338
72079 332 1707 31 11708 332 68338
72079 332 1707 31 69182 332 68338
72079 332 1707 31 15927 332 68338
72079 332 1707 31 15214 332 68338
72079 332 1707 31 2286 332 68338
72079 332 1707 31 59917 332 68338
72079 332 1707 31 23082 332 68338
72079 332 1707 31 29493 332 68338
72079 332 1707 31 17345 332 68338
72079 332 1707 31 6621 332 68338
72079 332 1707 369 19933 332 68338
72079 332 10045 31 44925 332 68338
72079 332 10045 31 64880 332 68338
72079 332 10045 31 6905 332 68338
72079 332 10045 31 59683 332 68338
72079 332 10045 31 4830 332 68338
72079 332 10045 31 69984 332 68338
72079 332 10045 31 49666 332 68338
72079 332 10045 31 45897 332 68338
72079 332 10045 31 33971 332 68338
72079 332 10045 31 73755 332 68338
72079 332 10045 31 25025 332 68338
72079 332 10045 31 48048 332 68338
72079 332 10045 31 22809 332 68338
72079 332 10045 31 24854 332 68338
72079 332 10045 31 51394 332 68338
72079 332 10045 31 58576 332 68338
72079 332 10045 31 36458 332 68338
72079 332 10045 31 74467 332 68338
72079 332 10045 31 58769 332 68338
72079 332 10045 31 36540 332 68338
72079 332 10045 31 57341 332 68338
72079 332 10045 31 8765 332 68338
72079 332 10045 31 27406 332 68338
72079 332 10045 31 11961 332 68338
72079 332 10045 31 22642 332 68338
72079 332 10045 31 5174 332 68338
72079 332 10045 31 36571 332 68338
72079 332 10045 31 9726 332 68338
72079 332 10045 31 10430 332 68338
72079 332 10045 31 15091 332 68338
72079 332 10045 31 9269 332 68338
72079 332 10045 31 41162 332 68338
72079 332 10045 31 48224 332 68338
72079 332 10045 31 40496 332 68338
72079 332 10045 31 26710 332 68338
72079 332 10045 31 30522 332 68338
72079 332 10045 31 14746 332 68338
72079 332 1705 31 8969 332 68338
72079 332 1705 31 37710 332 68338
72079 332 1705 31 35018 332 68338
72079 332 1705 31 3042 332 68338
72079 332 65855 31 30154 332 68338
72079 332 65855 31 4399 332 68338
72079 332 65855 31 37026 332 68338
72079 332 65855 31 22911 332 68338
72079 332 65855 31 59279 332 68338
72079 332 65855 31 62557 332 68338
72079 332 65855 31 14699 332 68338
72079 332 65855 31 5604 332 68338
72079 332 65853 31 7948 332 68338
72079 332 65853 31 37673 332 68338
72079 332 65857 31 40434 332 68338
72079 332 65857 31 60218 332 68338
72079 332 65857 31 42510 332 68338
72079 332 65857 31 18870 332 68338
72079 332 65857 31 44610 332 68338
72079 332 65857 31 55478 332 68338
72079 332 65857 31 26343 332 68338
72079 332 65856 31 17790 332 68338
72079 332 23446 31 65183 332 68338
72079 332 23453 31 46720 332 68338
72079 332 68334 31 5932 332 68338
