72079 332 60308
72079 373 59220 332 60308
72079 373 28376 332 60308
72079 373 58806 332 60308
72079 383 69092 151 60308
72079 383 69092 277 60308
72079 105 27339 172 32357 332 60308
72079 300 66239 211 67997 332 60308
72079 300 62434 211 58140 332 60308
72079 300 62434 211 6534 332 60308
72079 300 62434 211 3650 332 60308
72079 300 62434 211 17630 332 60308
72079 332 1707 31 23705 332 60308
72079 332 1707 31 68049 332 60308
72079 332 1707 31 62148 332 60308
72079 332 1707 31 33132 332 60308
72079 332 1707 31 6715 332 60308
72079 332 1707 31 27960 332 60308
72079 332 1707 31 53262 332 60308
72079 332 1707 31 70625 332 60308
72079 332 1707 31 45649 332 60308
72079 332 1707 31 25928 332 60308
72079 332 1707 31 62341 332 60308
72079 332 1707 31 57819 332 60308
72079 332 1707 31 20003 332 60308
72079 332 1707 31 29493 332 60308
72079 332 1707 369 19933 277 60308
72079 332 1707 369 19933 28 60308
72079 332 10045 31 73755 332 60308
72079 332 10045 31 36892 332 60308
72079 332 60031 31 17512 332 60308
