72079 332 40312
72079 382 30109 332 40312
72079 373 59220 332 40312
72079 373 58806 332 40312
72079 383 69092 277 40312
72079 105 27339 172 32357 332 40312
72079 300 66239 211 12741 332 40312
72079 300 66239 211 1444 332 40312
72079 300 62434 211 65908 332 40312
72079 300 62434 211 24688 332 40312
72079 300 62434 211 11565 332 40312
72079 300 62434 211 6534 332 40312
72079 300 62434 211 17630 332 40312
72079 332 1707 31 5454 332 40312
72079 332 1707 31 68049 332 40312
72079 332 1707 31 67218 332 40312
72079 332 1707 31 47399 332 40312
72079 332 1707 31 17167 332 40312
72079 332 1707 31 2748 332 40312
72079 332 1707 31 13243 332 40312
72079 332 1707 31 35880 332 40312
72079 332 1707 31 62148 332 40312
72079 332 1707 31 46210 332 40312
72079 332 1707 31 33132 332 40312
72079 332 1707 31 6715 332 40312
72079 332 1707 31 27960 332 40312
72079 332 1707 31 53262 332 40312
72079 332 1707 31 70625 332 40312
72079 332 1707 31 47107 332 40312
72079 332 1707 31 36156 332 40312
72079 332 1707 31 53407 332 40312
72079 332 1707 31 45649 332 40312
72079 332 1707 31 44074 332 40312
72079 332 1707 31 25928 332 40312
72079 332 1707 31 57819 332 40312
72079 332 1707 31 49084 332 40312
72079 332 1707 31 20003 332 40312
72079 332 1707 31 32937 332 40312
72079 332 1707 31 19694 332 40312
72079 332 1707 31 69182 332 40312
72079 332 1707 31 2286 332 40312
72079 332 1707 31 23082 332 40312
72079 332 1707 31 29493 332 40312
72079 332 1707 369 19933 277 40312
72079 332 10045 31 50024 332 40312
72079 332 10045 31 22809 332 40312
72079 332 10045 31 8765 332 40312
72079 332 10045 31 30522 332 40312
72079 332 1705 31 32824 332 40312
72079 332 65855 31 64739 332 40312
72079 332 29065 31 73560 332 40312
