72079 332 40309
72079 373 59220 332 40309
72079 373 28376 332 40309
72079 373 58806 332 40309
72079 75 41897 277 40309
72079 105 27339 172 32357 332 40309
72079 105 27339 172 72855 332 40309
72079 382 37878 369 33054 252 40309
72079 382 37878 369 33054 151 40309
72079 300 66239 88 33377 332 40309
72079 300 66239 211 1444 332 40309
72079 300 66239 211 67997 332 40309
72079 300 66239 211 37302 332 40309
72079 300 62434 211 73460 332 40309
72079 300 62434 211 65908 332 40309
72079 300 62434 211 65174 332 40309
72079 300 62434 211 58140 332 40309
72079 300 62434 211 58804 332 40309
72079 300 62434 211 56770 332 40309
72079 300 62434 211 6534 332 40309
72079 332 1707 31 73627 332 40309
72079 332 1707 31 43189 332 40309
72079 332 1707 31 71935 332 40309
72079 332 1707 31 5454 332 40309
72079 332 1707 31 42633 332 40309
72079 332 1707 31 68049 332 40309
72079 332 1707 31 16104 332 40309
72079 332 1707 31 67218 332 40309
72079 332 1707 31 2748 332 40309
72079 332 1707 31 56226 332 40309
72079 332 1707 31 29362 332 40309
72079 332 1707 31 33132 332 40309
72079 332 1707 31 6715 332 40309
72079 332 1707 31 27960 332 40309
72079 332 1707 31 70625 332 40309
72079 332 1707 31 11292 332 40309
72079 332 1707 31 47107 332 40309
72079 332 1707 31 36156 332 40309
72079 332 1707 31 73556 332 40309
72079 332 1707 31 44074 332 40309
72079 332 1707 31 25928 332 40309
72079 332 1707 31 57819 332 40309
72079 332 1707 31 49084 332 40309
72079 332 1707 31 20003 332 40309
72079 332 1707 31 40298 332 40309
72079 332 1707 31 32937 332 40309
72079 332 1707 31 11708 332 40309
72079 332 1707 31 69182 332 40309
72079 332 1707 31 27394 332 40309
72079 332 1707 31 15927 332 40309
72079 332 1707 31 2286 332 40309
72079 332 1707 31 23082 332 40309
72079 332 1707 369 19933 277 40309
72079 332 10045 31 6905 332 40309
72079 332 10045 31 4892 332 40309
72079 332 10045 31 9802 332 40309
72079 332 10045 31 58576 332 40309
72079 332 10045 31 24988 332 40309
72079 332 10045 31 74370 332 40309
72079 332 10045 31 22644 332 40309
72079 332 60031 31 17512 332 40309
72079 332 65857 31 40434 332 40309
72079 332 65857 31 42510 332 40309
72079 332 65857 31 18870 332 40309
72079 332 65857 31 44610 332 40309
72079 332 65857 31 69785 332 40309
72079 332 65857 31 74947 332 40309
72079 332 65857 31 26343 332 40309
72079 382 37878 369 33054 277 71651 332 40309
