72079 332 6058
72079 373 28376 332 6058
72079 373 58806 332 6058
72079 383 69092 277 6058
72079 105 27339 172 32357 332 6058
72079 382 56441 321 24058 332 6058
72079 382 1727 332 74810 332 6058
72079 300 66239 88 33377 332 6058
72079 300 66239 211 32723 332 6058
72079 300 66239 211 1444 332 6058
72079 300 66239 211 67997 332 6058
72079 300 62434 211 65174 332 6058
72079 300 62434 211 58804 332 6058
72079 300 62434 211 17692 332 6058
72079 300 62434 211 6534 332 6058
72079 300 62434 211 19847 332 6058
72079 300 62434 211 3650 332 6058
72079 300 62434 211 17630 332 6058
72079 332 1707 31 37109 332 6058
72079 332 1707 31 42633 332 6058
72079 332 1707 31 47399 332 6058
72079 332 1707 31 35880 332 6058
72079 332 1707 31 33132 332 6058
72079 332 1707 31 4445 332 6058
72079 332 1707 31 27960 332 6058
72079 332 1707 31 70625 332 6058
72079 332 1707 31 44074 332 6058
72079 332 1707 31 57819 332 6058
72079 332 1707 31 13839 332 6058
72079 332 1707 31 19694 332 6058
72079 332 1707 31 11708 332 6058
72079 332 1707 31 12956 332 6058
72079 332 1707 31 29493 332 6058
72079 332 1707 31 6621 332 6058
72079 332 10045 31 64880 332 6058
72079 332 10045 31 22809 332 6058
72079 332 10045 31 3644 332 6058
72079 332 10045 31 4892 332 6058
72079 332 10045 31 29174 332 6058
72079 332 10045 31 36458 332 6058
72079 332 10045 31 28484 332 6058
72079 332 10045 31 67768 332 6058
72079 332 10045 31 36323 332 6058
72079 332 10045 31 25110 332 6058
72079 332 10045 31 58932 332 6058
72079 332 10045 31 70778 332 6058
72079 332 10045 31 26710 332 6058
72079 332 1705 31 3042 332 6058
72079 332 60031 31 57818 332 6058
72079 332 65855 31 72637 332 6058
72079 332 65855 31 19515 332 6058
72079 332 65855 31 11789 332 6058
72079 332 65855 31 49132 332 6058
72079 332 65855 31 64739 332 6058
72079 332 65855 31 10474 332 6058
72079 332 65855 31 73559 332 6058
72079 332 65855 31 67239 332 6058
72079 332 65855 31 4960 332 6058
72079 332 65853 31 68560 332 6058
72079 332 65857 31 74947 332 6058
72079 332 65857 31 8371 332 6058
72079 332 29052 31 65235 332 6058
72079 332 29065 31 31636 332 6058
72079 332 23453 31 6987 332 6058
72079 332 29061 31 33490 332 6058
72079 332 68339 31 50691 332 6058
72079 332 10188 31 20213 332 6058
72079 373 59220 5 20058 332 6058
72079 297 61222 231 41662 332 6058
72079 297 61222 231 7971 332 6058
72079 382 37878 369 33054 277 31314 332 6058
72079 373 28376 332 68805 31 1773 332 6058
72079 373 28376 332 68805 31 31272 332 6058
72079 373 28376 332 68807 31 33468 332 6058
72079 373 28376 332 68807 31 15032 332 6058
72079 373 58806 332 14964 31 18277 332 6058
