72079 332 51358
72079 373 28376 332 51358
72079 373 58806 332 51358
72079 75 41897 277 51358
72079 105 27339 172 32357 332 51358
72079 382 37878 369 33054 252 51358
72079 382 37878 369 33054 151 51358
72079 382 30109 303 41154 277 51358
72079 300 66239 211 1444 332 51358
72079 300 66239 211 67997 332 51358
72079 300 62434 211 6534 332 51358
72079 332 1707 31 2748 332 51358
72079 332 1707 31 33132 332 51358
72079 332 1707 31 27960 332 51358
72079 332 1707 31 11292 332 51358
72079 332 1707 31 1548 332 51358
72079 332 1707 31 39182 332 51358
72079 332 1707 31 25928 332 51358
72079 332 1707 31 57819 332 51358
72079 332 1707 31 12956 332 51358
72079 332 1707 31 6621 332 51358
72079 332 1707 369 19933 332 51358
72079 332 10045 31 67308 332 51358
72079 332 10045 31 9802 332 51358
72079 332 10045 31 26710 332 51358
