72079 332 10188
72079 373 28376 332 10188
72079 373 58806 332 10188
72079 105 27339 172 32357 332 10188
72079 300 66239 211 1444 332 10188
72079 300 62434 211 58140 332 10188
72079 300 62434 211 6534 332 10188
72079 300 62434 211 19847 332 10188
72079 300 62434 211 3650 332 10188
72079 300 62434 211 17630 332 10188
72079 332 1707 31 27960 332 10188
72079 332 1707 31 57819 332 10188
72079 332 1707 31 11708 332 10188
72079 332 10045 31 22809 332 10188
72079 332 10045 31 36458 332 10188
72079 332 10045 31 26710 332 10188
72079 332 1705 31 73769 332 10188
72079 332 65855 31 72637 332 10188
72079 332 65853 31 35021 332 10188
72079 332 6058 31 20213 332 10188
72079 332 29065 31 57616 332 10188
72079 382 37878 369 33054 252 27921 332 10188
