72079 332 1707
72079 382 42618 332 1707
72079 382 30109 332 1707
72079 373 51172 332 1707
72079 373 59220 332 1707
72079 373 58806 332 1707
72079 383 69092 151 1707
72079 383 69092 277 1707
72079 105 27339 172 72838 332 1707
72079 105 27339 172 32357 332 1707
72079 105 27339 172 14740 332 1707
72079 300 66239 88 8487 332 1707
72079 300 66239 88 33377 332 1707
72079 300 66239 211 12741 332 1707
72079 300 66239 211 1444 332 1707
72079 300 66239 211 67997 332 1707
72079 300 66239 211 1600 332 1707
72079 300 66239 211 64590 332 1707
72079 300 62434 211 14264 332 1707
72079 300 62434 211 66245 332 1707
72079 300 62434 211 72862 332 1707
72079 300 62434 211 58140 332 1707
72079 300 62434 211 58804 332 1707
72079 300 62434 211 52683 332 1707
72079 300 62434 211 48726 332 1707
72079 300 62434 211 40951 332 1707
72079 300 62434 211 56770 332 1707
72079 300 62434 211 17692 332 1707
72079 300 62434 211 6534 332 1707
72079 300 62434 211 33731 332 1707
72079 332 10045 31 15024 332 1707
72079 332 10045 31 63400 332 1707
72079 332 10045 31 73627 332 1707
72079 332 10045 31 43189 332 1707
72079 332 10045 31 71935 332 1707
72079 332 10045 31 5454 332 1707
72079 332 10045 31 37109 332 1707
72079 332 10045 31 37724 332 1707
72079 332 10045 31 52436 332 1707
72079 332 10045 31 56660 332 1707
72079 332 10045 31 3416 332 1707
72079 332 10045 31 42633 332 1707
72079 332 10045 31 53484 332 1707
72079 332 10045 31 23705 332 1707
72079 332 10045 31 68049 332 1707
72079 332 10045 31 36276 332 1707
72079 332 10045 31 16104 332 1707
72079 332 10045 31 67218 332 1707
72079 332 10045 31 47399 332 1707
72079 332 10045 31 2405 332 1707
72079 332 10045 31 71389 332 1707
72079 332 10045 31 17167 332 1707
72079 332 10045 31 74973 332 1707
72079 332 10045 31 2748 332 1707
72079 332 10045 31 13243 332 1707
72079 332 10045 31 69430 332 1707
72079 332 10045 31 74887 332 1707
72079 332 10045 31 70024 332 1707
72079 332 10045 31 8653 332 1707
72079 332 10045 31 13312 332 1707
72079 332 10045 31 26466 332 1707
72079 332 10045 31 16834 332 1707
72079 332 10045 31 23029 332 1707
72079 332 10045 31 56226 332 1707
72079 332 10045 31 14729 332 1707
72079 332 10045 31 18019 332 1707
72079 332 10045 31 12330 332 1707
72079 332 10045 31 30916 332 1707
72079 332 10045 31 29362 332 1707
72079 332 10045 31 35880 332 1707
72079 332 10045 31 9105 332 1707
72079 332 10045 31 62148 332 1707
72079 332 10045 31 72283 332 1707
72079 332 10045 31 46210 332 1707
72079 332 10045 31 49417 332 1707
72079 332 10045 31 33132 332 1707
72079 332 10045 31 4445 332 1707
72079 332 10045 31 42198 332 1707
72079 332 10045 31 6715 332 1707
72079 332 10045 31 27960 332 1707
72079 332 10045 31 60798 332 1707
72079 332 10045 31 53262 332 1707
72079 332 10045 31 70625 332 1707
72079 332 10045 31 20793 332 1707
72079 332 10045 31 56532 332 1707
72079 332 10045 31 47686 332 1707
72079 332 10045 31 51559 332 1707
72079 332 10045 31 354 332 1707
72079 332 10045 31 11292 332 1707
72079 332 10045 31 74574 332 1707
72079 332 10045 31 47107 332 1707
72079 332 10045 31 36156 332 1707
72079 332 10045 31 48642 332 1707
72079 332 10045 31 13124 332 1707
72079 332 10045 31 34541 332 1707
72079 332 10045 31 1548 332 1707
72079 332 10045 31 53407 332 1707
72079 332 10045 31 73556 332 1707
72079 332 10045 31 73143 332 1707
72079 332 10045 31 2781 332 1707
72079 332 10045 31 12403 332 1707
72079 332 10045 31 55065 332 1707
72079 332 10045 31 9696 332 1707
72079 332 10045 31 55179 332 1707
72079 332 10045 31 51934 332 1707
72079 332 10045 31 45649 332 1707
72079 332 10045 31 44074 332 1707
72079 332 10045 31 25928 332 1707
72079 332 10045 31 26332 332 1707
72079 332 10045 31 39523 332 1707
72079 332 10045 31 61135 332 1707
72079 332 10045 31 36756 332 1707
72079 332 10045 31 62341 332 1707
72079 332 10045 31 17139 332 1707
72079 332 10045 31 57819 332 1707
72079 332 10045 31 41374 332 1707
72079 332 10045 31 13839 332 1707
72079 332 10045 31 49084 332 1707
72079 332 10045 31 20003 332 1707
72079 332 10045 31 36866 332 1707
72079 332 10045 31 63479 332 1707
72079 332 10045 31 53798 332 1707
72079 332 10045 31 3955 332 1707
72079 332 10045 31 29427 332 1707
72079 332 10045 31 32937 332 1707
72079 332 10045 31 19694 332 1707
72079 332 10045 31 34480 332 1707
72079 332 10045 31 11708 332 1707
72079 332 10045 31 3581 332 1707
72079 332 10045 31 12956 332 1707
72079 332 10045 31 15838 332 1707
72079 332 10045 31 69182 332 1707
72079 332 10045 31 24169 332 1707
72079 332 10045 31 18012 332 1707
72079 332 10045 31 27394 332 1707
72079 332 10045 31 44031 332 1707
72079 332 10045 31 52577 332 1707
72079 332 10045 31 769 332 1707
72079 332 10045 31 15927 332 1707
72079 332 10045 31 15214 332 1707
72079 332 10045 31 8501 332 1707
72079 332 10045 31 2286 332 1707
72079 332 10045 31 59917 332 1707
72079 332 10045 31 23082 332 1707
72079 332 10045 31 32267 332 1707
72079 332 10045 31 29493 332 1707
72079 332 10045 31 17345 332 1707
72079 332 10045 31 6621 332 1707
72079 332 10045 369 19933 277 1707
72079 332 10045 369 23785 277 1707
72079 332 1705 31 75212 332 1707
72079 332 1705 31 71384 332 1707
72079 332 1705 31 40298 332 1707
72079 332 1705 31 35542 332 1707
72079 332 1705 369 60562 277 1707
72079 332 60306 31 35504 332 1707
72079 332 60306 31 25006 332 1707
72079 332 60306 31 72012 332 1707
72079 332 65855 31 33232 332 1707
72079 332 65855 31 39182 332 1707
72079 332 65855 31 53103 332 1707
72079 332 65855 31 13725 332 1707
72079 332 65855 31 58515 332 1707
72079 332 65853 31 60982 332 1707
72079 332 65853 31 8270 332 1707
72079 332 65853 31 71213 332 1707
72079 332 65853 31 73875 332 1707
72079 332 65853 31 19486 332 1707
72079 332 65857 31 33412 332 1707
72079 332 65856 31 72868 332 1707
72079 332 65856 31 59413 332 1707
72079 332 29052 31 34247 332 1707
72079 332 29065 31 70471 332 1707
72079 332 59840 31 4081 332 1707
72079 373 59220 5 7164 332 1707
