72079 332 23446
72079 373 28376 332 23446
72079 373 58806 332 23446
72079 75 41897 277 23446
72079 105 27339 172 32357 332 23446
72079 300 66239 88 33377 332 23446
72079 300 62434 211 58804 332 23446
72079 300 62434 211 6534 332 23446
72079 300 62434 211 3650 332 23446
72079 332 1707 31 62148 332 23446
72079 332 1707 31 27960 332 23446
72079 332 1707 31 70625 332 23446
72079 332 1707 31 36156 332 23446
72079 332 1707 31 25928 332 23446
72079 332 1707 31 57819 332 23446
72079 332 1707 31 2286 332 23446
72079 332 1707 369 19933 332 23446
72079 332 29052 31 36971 332 23446
72079 332 3980 31 65183 332 23446
