72637 332 68807
72637 332 65855 31 37109 332 68807
72637 332 65855 31 42633 332 68807
72637 332 65855 31 32723 332 68807
72637 332 65855 31 65908 332 68807
72637 332 65855 31 47399 332 68807
72637 332 65855 31 45897 332 68807
72637 332 65855 31 1444 332 68807
72637 332 65855 31 13720 332 68807
72637 332 65855 31 67997 332 68807
72637 332 65855 31 22809 332 68807
72637 332 65855 31 26466 332 68807
72637 332 65855 31 58804 332 68807
72637 332 65855 31 32357 332 68807
72637 332 65855 31 29174 332 68807
72637 332 65855 31 49132 332 68807
72637 332 65855 31 12330 332 68807
72637 332 65855 31 35880 332 68807
72637 332 65855 31 46210 332 68807
72637 332 65855 31 49417 332 68807
72637 332 65855 31 27960 332 68807
72637 332 65855 31 70625 332 68807
72637 332 65855 31 24688 332 68807
72637 332 65855 31 10474 332 68807
72637 332 65855 31 73556 332 68807
72637 332 65855 31 73559 332 68807
72637 332 65855 31 25928 332 68807
72637 332 65855 31 17692 332 68807
72637 332 65855 31 57819 332 68807
72637 332 65855 31 6534 332 68807
72637 332 65855 31 28376 332 68807
72637 332 65855 31 58806 332 68807
72637 332 65855 31 19847 332 68807
72637 332 65855 31 3650 332 68807
72637 332 65855 31 17630 332 68807
72637 332 65855 31 11708 332 68807
72637 332 65855 31 12956 332 68807
72637 332 65855 31 52577 332 68807
72637 332 65855 31 29493 332 68807
72637 332 65855 31 6621 332 68807
72637 332 65855 369 69092 277 68807
72637 332 68805 31 46821 332 68807
72637 332 68805 31 46639 332 68807
72637 332 68805 31 61721 332 68807
72637 332 68805 31 6987 332 68807
72637 332 68805 31 20213 332 68807
72637 332 68803 31 20653 332 68807
72637 332 68803 31 68470 332 68807
72637 332 68803 31 33490 332 68807
72637 332 68803 31 62881 332 68807
72637 332 68803 31 31514 332 68807
72637 332 6058 31 31636 332 68807
72637 332 6058 31 4445 332 68807
72637 332 6058 31 33468 332 68807
72637 332 6058 31 15032 332 68807
72637 332 26184 31 70916 332 68807
72637 332 29052 31 30845 332 68807
72637 332 10188 31 27921 332 68807
72637 332 65855 31 70136 332 68336 31 57498 332 68807
72637 332 65855 31 1444 332 14964 31 19406 332 68807
72637 332 65855 31 57305 294 73838 52 20373 332 68807
