72637 332 68803
72637 332 65855 31 37109 332 68803
72637 332 65855 31 48823 332 68803
72637 332 65855 31 1333 332 68803
72637 332 65855 31 32723 332 68803
72637 332 65855 31 4830 332 68803
72637 332 65855 31 1444 332 68803
72637 332 65855 31 67997 332 68803
72637 332 65855 31 22809 332 68803
72637 332 65855 31 26466 332 68803
72637 332 65855 31 58804 332 68803
72637 332 65855 31 3644 332 68803
72637 332 65855 31 9802 332 68803
72637 332 65855 31 32357 332 68803
72637 332 65855 31 29174 332 68803
72637 332 65855 31 36458 332 68803
72637 332 65855 31 49417 332 68803
72637 332 65855 31 33132 332 68803
72637 332 65855 31 27960 332 68803
72637 332 65855 31 70625 332 68803
72637 332 65855 31 34674 332 68803
72637 332 65855 31 9696 332 68803
72637 332 65855 31 26332 332 68803
72637 332 65855 31 17692 332 68803
72637 332 65855 31 7646 332 68803
72637 332 65855 31 6534 332 68803
72637 332 65855 31 49502 332 68803
72637 332 65855 31 28376 332 68803
72637 332 65855 31 58806 332 68803
72637 332 65855 31 3650 332 68803
72637 332 65855 31 32937 332 68803
72637 332 65855 31 17630 332 68803
72637 332 65855 31 11708 332 68803
72637 332 65855 31 12956 332 68803
72637 332 65855 31 52577 332 68803
72637 332 65855 31 29493 332 68803
72637 332 65855 31 17345 332 68803
72637 332 68807 31 20653 332 68803
72637 332 68807 31 68470 332 68803
72637 332 68807 31 33490 332 68803
72637 332 68807 31 62881 332 68803
72637 332 68807 31 31514 332 68803
72637 332 68805 31 1773 332 68803
72637 332 68805 31 16332 332 68803
72637 332 68805 31 70915 332 68803
72637 332 68805 31 57818 332 68803
72637 332 68805 31 46670 332 68803
72637 332 68805 31 64210 332 68803
72637 332 68805 31 26343 332 68803
72637 332 26184 31 25871 332 68803
72637 332 26184 31 38729 332 68803
72637 332 26184 31 2783 332 68803
72637 332 29052 31 14858 332 68803
72637 332 29052 31 62841 332 68803
72637 332 29065 31 74464 332 68803
72637 369 33054 277 43763 332 68803
72637 332 65855 31 72079 75 41897 277 68803
72637 332 29052 31 40298 383 8356 332 68803
72637 332 65855 31 72079 75 41897 277 55366 332 68803
