72637 332 10188
72637 332 65855 31 72079 332 10188
72637 332 65855 31 1444 332 10188
72637 332 65855 31 58140 332 10188
72637 332 65855 31 22809 332 10188
72637 332 65855 31 32357 332 10188
72637 332 65855 31 36458 332 10188
72637 332 65855 31 27960 332 10188
72637 332 65855 31 57819 332 10188
72637 332 65855 31 6534 332 10188
72637 332 65855 31 28376 332 10188
72637 332 65855 31 58806 332 10188
72637 332 65855 31 19847 332 10188
72637 332 65855 31 3650 332 10188
72637 332 65855 31 17630 332 10188
72637 332 65855 31 73769 332 10188
72637 332 65855 31 11708 332 10188
72637 332 65855 31 26710 332 10188
72637 332 68807 31 27921 332 10188
72637 332 68807 31 20213 332 10188
72637 332 26184 31 57616 332 10188
72637 332 29064 31 35021 332 10188
