73627 332 40318
73627 332 10045 31 37724 332 40318
73627 332 10045 31 68049 332 40318
73627 332 10045 31 67218 332 40318
73627 332 10045 31 2748 332 40318
73627 332 10045 31 58140 332 40318
73627 332 10045 31 9802 332 40318
73627 332 10045 31 32357 332 40318
73627 332 10045 31 14729 332 40318
73627 332 10045 31 35880 332 40318
73627 332 10045 31 14740 332 40318
73627 332 10045 31 33132 332 40318
73627 332 10045 31 27960 332 40318
73627 332 10045 31 70625 332 40318
73627 332 10045 31 47107 332 40318
73627 332 10045 31 13124 332 40318
73627 332 10045 31 34541 332 40318
73627 332 10045 31 74370 332 40318
73627 332 10045 31 2781 332 40318
73627 332 10045 31 45649 332 40318
73627 332 10045 31 25928 332 40318
73627 332 10045 31 26332 332 40318
73627 332 10045 31 62341 332 40318
73627 332 10045 31 57819 332 40318
73627 332 10045 31 6534 332 40318
73627 332 10045 31 49084 332 40318
73627 332 10045 31 28376 332 40318
73627 332 10045 31 58806 332 40318
73627 332 10045 31 2286 332 40318
73627 332 10045 31 23082 332 40318
73627 332 10045 31 29493 332 40318
73627 332 10045 31 6621 332 40318
73627 332 10045 252 69092 151 40318
73627 332 10045 252 69092 277 40318
73627 332 10045 369 23785 277 40318
73627 332 10045 369 23785 28 40318
73627 332 65853 31 72012 332 40318
73627 332 65853 31 62557 332 40318
73627 332 65853 31 73897 332 40318
73627 332 32380 31 73560 332 40318
73627 332 29065 31 15620 332 40318
