73627 332 1705
73627 342 24865 332 1705
73627 332 10045 31 15024 332 1705
73627 332 10045 31 70136 332 1705
73627 332 10045 31 72079 332 1705
73627 332 10045 31 20140 332 1705
73627 332 10045 31 64880 332 1705
73627 332 10045 31 14264 332 1705
73627 332 10045 31 43189 332 1705
73627 332 10045 31 1549 332 1705
73627 332 10045 31 50024 332 1705
73627 332 10045 31 71935 332 1705
73627 332 10045 31 5454 332 1705
73627 332 10045 31 37109 332 1705
73627 332 10045 31 58231 332 1705
73627 332 10045 31 37724 332 1705
73627 332 10045 31 16161 332 1705
73627 332 10045 31 56660 332 1705
73627 332 10045 31 66245 332 1705
73627 332 10045 31 66295 332 1705
73627 332 10045 31 1333 332 1705
73627 332 10045 31 72862 332 1705
73627 332 10045 31 42633 332 1705
73627 332 10045 31 32723 332 1705
73627 332 10045 31 27362 332 1705
73627 332 10045 31 53484 332 1705
73627 332 10045 31 4830 332 1705
73627 332 10045 31 51510 332 1705
73627 332 10045 31 13931 332 1705
73627 332 10045 31 23705 332 1705
73627 332 10045 31 42618 332 1705
73627 332 10045 31 68168 332 1705
73627 332 10045 31 27162 332 1705
73627 332 10045 31 16968 332 1705
73627 332 10045 31 68049 332 1705
73627 332 10045 31 24855 332 1705
73627 332 10045 31 69984 332 1705
73627 332 10045 31 26151 332 1705
73627 332 10045 31 36276 332 1705
73627 332 10045 31 32830 332 1705
73627 332 10045 31 6978 332 1705
73627 332 10045 31 30109 332 1705
73627 332 10045 31 16104 332 1705
73627 332 10045 31 67218 332 1705
73627 332 10045 31 39064 332 1705
73627 332 10045 31 47399 332 1705
73627 332 10045 31 2405 332 1705
73627 332 10045 31 15303 332 1705
73627 332 10045 31 17055 332 1705
73627 332 10045 31 51172 332 1705
73627 332 10045 31 71389 332 1705
73627 332 10045 31 17167 332 1705
73627 332 10045 31 35180 332 1705
73627 332 10045 31 20766 332 1705
73627 332 10045 31 50986 332 1705
73627 332 10045 31 34858 332 1705
73627 332 10045 31 1444 332 1705
73627 332 10045 31 2748 332 1705
73627 332 10045 31 62497 332 1705
73627 332 10045 31 13243 332 1705
73627 332 10045 31 30773 332 1705
73627 332 10045 31 69430 332 1705
73627 332 10045 31 67308 332 1705
73627 332 10045 31 10512 332 1705
73627 332 10045 31 72838 332 1705
73627 332 10045 31 48144 332 1705
73627 332 10045 31 731 332 1705
73627 332 10045 31 74887 332 1705
73627 332 10045 31 70024 332 1705
73627 332 10045 31 73755 332 1705
73627 332 10045 31 30094 332 1705
73627 332 10045 31 13312 332 1705
73627 332 10045 31 67997 332 1705
73627 332 10045 31 58140 332 1705
73627 332 10045 31 2527 332 1705
73627 332 10045 31 22809 332 1705
73627 332 10045 31 26466 332 1705
73627 332 10045 31 24854 332 1705
73627 332 10045 31 16834 332 1705
73627 332 10045 31 58804 332 1705
73627 332 10045 31 51394 332 1705
73627 332 10045 31 42693 332 1705
73627 332 10045 31 23029 332 1705
73627 332 10045 31 4892 332 1705
73627 332 10045 31 32357 332 1705
73627 332 10045 31 56226 332 1705
73627 332 10045 31 14729 332 1705
73627 332 10045 31 44380 332 1705
73627 332 10045 31 59220 332 1705
73627 332 10045 31 28491 332 1705
73627 332 10045 31 32376 332 1705
73627 332 10045 31 12330 332 1705
73627 332 10045 31 20273 332 1705
73627 332 10045 31 30916 332 1705
73627 332 10045 31 29362 332 1705
73627 332 10045 31 58576 332 1705
73627 332 10045 31 36458 332 1705
73627 332 10045 31 35880 332 1705
73627 332 10045 31 25912 332 1705
73627 332 10045 31 62148 332 1705
73627 332 10045 31 72283 332 1705
73627 332 10045 31 74467 332 1705
73627 332 10045 31 14740 332 1705
73627 332 10045 31 37598 332 1705
73627 332 10045 31 49417 332 1705
73627 332 10045 31 24988 332 1705
73627 332 10045 31 51518 332 1705
73627 332 10045 31 33132 332 1705
73627 332 10045 31 57341 332 1705
73627 332 10045 31 72693 332 1705
73627 332 10045 31 40951 332 1705
73627 332 10045 31 4445 332 1705
73627 332 10045 31 6715 332 1705
73627 332 10045 31 27960 332 1705
73627 332 10045 31 53262 332 1705
73627 332 10045 31 70625 332 1705
73627 332 10045 31 43655 332 1705
73627 332 10045 31 47686 332 1705
73627 332 10045 31 51559 332 1705
73627 332 10045 31 8765 332 1705
73627 332 10045 31 27406 332 1705
73627 332 10045 31 47194 332 1705
73627 332 10045 31 11292 332 1705
73627 332 10045 31 11961 332 1705
73627 332 10045 31 74574 332 1705
73627 332 10045 31 47107 332 1705
73627 332 10045 31 36156 332 1705
73627 332 10045 31 48642 332 1705
73627 332 10045 31 13124 332 1705
73627 332 10045 31 5992 332 1705
73627 332 10045 31 34541 332 1705
73627 332 10045 31 24688 332 1705
73627 332 10045 31 1548 332 1705
73627 332 10045 31 53407 332 1705
73627 332 10045 31 64335 332 1705
73627 332 10045 31 57633 332 1705
73627 332 10045 31 5850 332 1705
73627 332 10045 31 5174 332 1705
73627 332 10045 31 74370 332 1705
73627 332 10045 31 2781 332 1705
73627 332 10045 31 14898 332 1705
73627 332 10045 31 41749 332 1705
73627 332 10045 31 50152 332 1705
73627 332 10045 31 55065 332 1705
73627 332 10045 31 36571 332 1705
73627 332 10045 31 736 332 1705
73627 332 10045 31 9726 332 1705
73627 332 10045 31 55179 332 1705
73627 332 10045 31 51934 332 1705
73627 332 10045 31 21623 332 1705
73627 332 10045 31 72855 332 1705
73627 332 10045 31 11264 332 1705
73627 332 10045 31 1929 332 1705
73627 332 10045 31 45649 332 1705
73627 332 10045 31 44074 332 1705
73627 332 10045 31 25928 332 1705
73627 332 10045 31 56770 332 1705
73627 332 10045 31 26332 332 1705
73627 332 10045 31 10430 332 1705
73627 332 10045 31 61135 332 1705
73627 332 10045 31 17692 332 1705
73627 332 10045 31 36689 332 1705
73627 332 10045 31 31723 332 1705
73627 332 10045 31 7646 332 1705
73627 332 10045 31 20969 332 1705
73627 332 10045 31 15091 332 1705
73627 332 10045 31 2136 332 1705
73627 332 10045 31 1945 332 1705
73627 332 10045 31 75174 332 1705
73627 332 10045 31 36756 332 1705
73627 332 10045 31 45570 332 1705
73627 332 10045 31 14216 332 1705
73627 332 10045 31 17139 332 1705
73627 332 10045 31 25090 332 1705
73627 332 10045 31 38634 332 1705
73627 332 10045 31 10448 332 1705
73627 332 10045 31 57819 332 1705
73627 332 10045 31 41374 332 1705
73627 332 10045 31 44651 332 1705
73627 332 10045 31 73145 332 1705
73627 332 10045 31 17774 332 1705
73627 332 10045 31 6534 332 1705
73627 332 10045 31 48224 332 1705
73627 332 10045 31 13839 332 1705
73627 332 10045 31 49084 332 1705
73627 332 10045 31 36866 332 1705
73627 332 10045 31 28376 332 1705
73627 332 10045 31 53798 332 1705
73627 332 10045 31 58806 332 1705
73627 332 10045 31 29427 332 1705
73627 332 10045 31 67768 332 1705
73627 332 10045 31 31485 332 1705
73627 332 10045 31 15479 332 1705
73627 332 10045 31 67502 332 1705
73627 332 10045 31 59128 332 1705
73627 332 10045 31 58932 332 1705
73627 332 10045 31 3650 332 1705
73627 332 10045 31 29284 332 1705
73627 332 10045 31 50985 332 1705
73627 332 10045 31 72636 332 1705
73627 332 10045 31 32937 332 1705
73627 332 10045 31 64590 332 1705
73627 332 10045 31 40314 332 1705
73627 332 10045 31 51080 332 1705
73627 332 10045 31 17630 332 1705
73627 332 10045 31 19694 332 1705
73627 332 10045 31 33365 332 1705
73627 332 10045 31 34480 332 1705
73627 332 10045 31 11708 332 1705
73627 332 10045 31 3581 332 1705
73627 332 10045 31 12956 332 1705
73627 332 10045 31 1541 332 1705
73627 332 10045 31 74865 332 1705
73627 332 10045 31 26710 332 1705
73627 332 10045 31 15838 332 1705
73627 332 10045 31 63979 332 1705
73627 332 10045 31 69182 332 1705
73627 332 10045 31 24169 332 1705
73627 332 10045 31 27394 332 1705
73627 332 10045 31 44031 332 1705
73627 332 10045 31 25233 332 1705
73627 332 10045 31 52577 332 1705
73627 332 10045 31 1524 332 1705
73627 332 10045 31 769 332 1705
73627 332 10045 31 15927 332 1705
73627 332 10045 31 20043 332 1705
73627 332 10045 31 17107 332 1705
73627 332 10045 31 2286 332 1705
73627 332 10045 31 59917 332 1705
73627 332 10045 31 23082 332 1705
73627 332 10045 31 33377 332 1705
73627 332 10045 31 32267 332 1705
73627 332 10045 31 14746 332 1705
73627 332 10045 31 53371 332 1705
73627 332 10045 31 27769 332 1705
73627 332 10045 31 29493 332 1705
73627 332 10045 31 48778 332 1705
73627 332 10045 31 6957 332 1705
73627 332 10045 31 17345 332 1705
73627 332 10045 31 23225 332 1705
73627 332 10045 31 6621 332 1705
73627 332 10045 205 45407 57 1705
73627 332 10045 252 69092 151 1705
73627 332 10045 252 69092 277 1705
73627 332 10045 369 19933 332 1705
73627 332 65853 31 75234 332 1705
73627 332 65853 31 12741 332 1705
73627 332 65853 31 65908 332 1705
73627 332 65853 31 8969 332 1705
73627 332 65853 31 66233 332 1705
73627 332 65853 31 72112 332 1705
73627 332 65853 31 70550 332 1705
73627 332 65853 31 21767 332 1705
73627 332 65853 31 53680 332 1705
73627 332 65853 31 65174 332 1705
73627 332 65853 31 44772 332 1705
73627 332 65853 31 52569 332 1705
73627 332 65853 31 17761 332 1705
73627 332 65853 31 75212 332 1705
73627 332 65853 31 24701 332 1705
73627 332 65853 31 71258 332 1705
73627 332 65853 31 70529 332 1705
73627 332 65853 31 66019 332 1705
73627 332 65853 31 71384 332 1705
73627 332 65853 31 4443 332 1705
73627 332 65853 31 18230 332 1705
73627 332 65853 31 68895 332 1705
73627 332 65853 31 37710 332 1705
73627 332 65853 31 1026 332 1705
73627 332 65853 31 7340 332 1705
73627 332 65853 31 1600 332 1705
73627 332 65853 31 50290 332 1705
73627 332 65853 31 34863 332 1705
73627 332 65853 31 16721 332 1705
73627 332 65853 31 35018 332 1705
73627 332 65853 31 9368 332 1705
73627 332 65853 31 40136 332 1705
73627 332 65853 31 53014 332 1705
73627 332 65853 31 487 332 1705
73627 332 65853 31 40298 332 1705
73627 332 65853 31 73769 332 1705
73627 332 65853 31 503 332 1705
73627 332 65853 31 20174 332 1705
73627 332 65853 31 47656 332 1705
73627 332 65853 31 44726 332 1705
73627 332 65855 31 14056 332 1705
73627 332 65855 31 57160 332 1705
73627 332 65855 31 59627 332 1705
73627 332 65855 31 32824 332 1705
73627 332 65855 31 3042 332 1705
73627 332 65856 31 6326 332 1705
73627 332 65856 31 65455 332 1705
73627 332 65856 31 34945 332 1705
73627 332 65856 31 35542 332 1705
73627 332 65856 31 68456 332 1705
73627 332 1707 369 60562 277 1705
73627 332 65857 369 60841 277 1705
73627 332 32380 31 12507 332 1705
73627 332 29065 31 68608 332 1705
73627 332 10045 31 67997 356 17373 332 1705
73627 332 10045 369 14858 75 55620 332 1705
