73627 332 32380
73627 342 24865 332 32380
73627 332 10045 31 72079 332 32380
73627 332 10045 31 14264 332 32380
73627 332 10045 31 43189 332 32380
73627 332 10045 31 1549 332 32380
73627 332 10045 31 17625 332 32380
73627 332 10045 31 50024 332 32380
73627 332 10045 31 71935 332 32380
73627 332 10045 31 5454 332 32380
73627 332 10045 31 37109 332 32380
73627 332 10045 31 58231 332 32380
73627 332 10045 31 37724 332 32380
73627 332 10045 31 52436 332 32380
73627 332 10045 31 30301 332 32380
73627 332 10045 31 16161 332 32380
73627 332 10045 31 56660 332 32380
73627 332 10045 31 66245 332 32380
73627 332 10045 31 3416 332 32380
73627 332 10045 31 30490 332 32380
73627 332 10045 31 59683 332 32380
73627 332 10045 31 66295 332 32380
73627 332 10045 31 1333 332 32380
73627 332 10045 31 42633 332 32380
73627 332 10045 31 53484 332 32380
73627 332 10045 31 4830 332 32380
73627 332 10045 31 25768 332 32380
73627 332 10045 31 51510 332 32380
73627 332 10045 31 23705 332 32380
73627 332 10045 31 37791 332 32380
73627 332 10045 31 42618 332 32380
73627 332 10045 31 27162 332 32380
73627 332 10045 31 16968 332 32380
73627 332 10045 31 68049 332 32380
73627 332 10045 31 24855 332 32380
73627 332 10045 31 69984 332 32380
73627 332 10045 31 49666 332 32380
73627 332 10045 31 43497 332 32380
73627 332 10045 31 26151 332 32380
73627 332 10045 31 36276 332 32380
73627 332 10045 31 6978 332 32380
73627 332 10045 31 16104 332 32380
73627 332 10045 31 67218 332 32380
73627 332 10045 31 39064 332 32380
73627 332 10045 31 47399 332 32380
73627 332 10045 31 2405 332 32380
73627 332 10045 31 45897 332 32380
73627 332 10045 31 73217 332 32380
73627 332 10045 31 73848 332 32380
73627 332 10045 31 15303 332 32380
73627 332 10045 31 51172 332 32380
73627 332 10045 31 53912 332 32380
73627 332 10045 31 71389 332 32380
73627 332 10045 31 17167 332 32380
73627 332 10045 31 35180 332 32380
73627 332 10045 31 13416 332 32380
73627 332 10045 31 12757 332 32380
73627 332 10045 31 20766 332 32380
73627 332 10045 31 16774 332 32380
73627 332 10045 31 34858 332 32380
73627 332 10045 31 1444 332 32380
73627 332 10045 31 2748 332 32380
73627 332 10045 31 13243 332 32380
73627 332 10045 31 30773 332 32380
73627 332 10045 31 69430 332 32380
73627 332 10045 31 67308 332 32380
73627 332 10045 31 33971 332 32380
73627 332 10045 31 72838 332 32380
73627 332 10045 31 70024 332 32380
73627 332 10045 31 73755 332 32380
73627 332 10045 31 8653 332 32380
73627 332 10045 31 13312 332 32380
73627 332 10045 31 57305 332 32380
73627 332 10045 31 67997 332 32380
73627 332 10045 31 58140 332 32380
73627 332 10045 31 2527 332 32380
73627 332 10045 31 22957 332 32380
73627 332 10045 31 66788 332 32380
73627 332 10045 31 48048 332 32380
73627 332 10045 31 22809 332 32380
73627 332 10045 31 3394 332 32380
73627 332 10045 31 26466 332 32380
73627 332 10045 31 51394 332 32380
73627 332 10045 31 65294 332 32380
73627 332 10045 31 23029 332 32380
73627 332 10045 31 73529 332 32380
73627 332 10045 31 4892 332 32380
73627 332 10045 31 9802 332 32380
73627 332 10045 31 32357 332 32380
73627 332 10045 31 61321 332 32380
73627 332 10045 31 56226 332 32380
73627 332 10045 31 14729 332 32380
73627 332 10045 31 59220 332 32380
73627 332 10045 31 50458 332 32380
73627 332 10045 31 24058 332 32380
73627 332 10045 31 29362 332 32380
73627 332 10045 31 58576 332 32380
73627 332 10045 31 61075 332 32380
73627 332 10045 31 35880 332 32380
73627 332 10045 31 52683 332 32380
73627 332 10045 31 25912 332 32380
73627 332 10045 31 48726 332 32380
73627 332 10045 31 62148 332 32380
73627 332 10045 31 49456 332 32380
73627 332 10045 31 46210 332 32380
73627 332 10045 31 14740 332 32380
73627 332 10045 31 49417 332 32380
73627 332 10045 31 58769 332 32380
73627 332 10045 31 24988 332 32380
73627 332 10045 31 36312 332 32380
73627 332 10045 31 33132 332 32380
73627 332 10045 31 39984 332 32380
73627 332 10045 31 57341 332 32380
73627 332 10045 31 12442 332 32380
73627 332 10045 31 40730 332 32380
73627 332 10045 31 72693 332 32380
73627 332 10045 31 4445 332 32380
73627 332 10045 31 6715 332 32380
73627 332 10045 31 27960 332 32380
73627 332 10045 31 53262 332 32380
73627 332 10045 31 70625 332 32380
73627 332 10045 31 43655 332 32380
73627 332 10045 31 47686 332 32380
73627 332 10045 31 65305 332 32380
73627 332 10045 31 51559 332 32380
73627 332 10045 31 47039 332 32380
73627 332 10045 31 8765 332 32380
73627 332 10045 31 27406 332 32380
73627 332 10045 31 354 332 32380
73627 332 10045 31 47194 332 32380
73627 332 10045 31 11292 332 32380
73627 332 10045 31 11961 332 32380
73627 332 10045 31 74574 332 32380
73627 332 10045 31 41239 332 32380
73627 332 10045 31 47107 332 32380
73627 332 10045 31 36156 332 32380
73627 332 10045 31 48642 332 32380
73627 332 10045 31 13124 332 32380
73627 332 10045 31 10694 332 32380
73627 332 10045 31 5992 332 32380
73627 332 10045 31 34541 332 32380
73627 332 10045 31 1548 332 32380
73627 332 10045 31 53407 332 32380
73627 332 10045 31 18223 332 32380
73627 332 10045 31 64335 332 32380
73627 332 10045 31 34318 332 32380
73627 332 10045 31 57633 332 32380
73627 332 10045 31 5850 332 32380
73627 332 10045 31 5174 332 32380
73627 332 10045 31 74370 332 32380
73627 332 10045 31 53211 332 32380
73627 332 10045 31 73143 332 32380
73627 332 10045 31 2781 332 32380
73627 332 10045 31 41749 332 32380
73627 332 10045 31 12403 332 32380
73627 332 10045 31 55274 332 32380
73627 332 10045 31 30068 332 32380
73627 332 10045 31 36571 332 32380
73627 332 10045 31 9726 332 32380
73627 332 10045 31 55179 332 32380
73627 332 10045 31 28484 332 32380
73627 332 10045 31 72855 332 32380
73627 332 10045 31 52672 332 32380
73627 332 10045 31 45649 332 32380
73627 332 10045 31 44074 332 32380
73627 332 10045 31 57526 332 32380
73627 332 10045 31 15757 332 32380
73627 332 10045 31 16321 332 32380
73627 332 10045 31 35217 332 32380
73627 332 10045 31 52904 332 32380
73627 332 10045 31 25928 332 32380
73627 332 10045 31 56770 332 32380
73627 332 10045 31 26332 332 32380
73627 332 10045 31 10430 332 32380
73627 332 10045 31 61135 332 32380
73627 332 10045 31 31723 332 32380
73627 332 10045 31 7646 332 32380
73627 332 10045 31 66280 332 32380
73627 332 10045 31 11565 332 32380
73627 332 10045 31 2136 332 32380
73627 332 10045 31 75174 332 32380
73627 332 10045 31 62341 332 32380
73627 332 10045 31 45570 332 32380
73627 332 10045 31 14216 332 32380
73627 332 10045 31 17139 332 32380
73627 332 10045 31 9269 332 32380
73627 332 10045 31 10448 332 32380
73627 332 10045 31 57819 332 32380
73627 332 10045 31 8870 332 32380
73627 332 10045 31 41374 332 32380
73627 332 10045 31 73145 332 32380
73627 332 10045 31 17774 332 32380
73627 332 10045 31 6534 332 32380
73627 332 10045 31 48224 332 32380
73627 332 10045 31 13839 332 32380
73627 332 10045 31 49084 332 32380
73627 332 10045 31 20003 332 32380
73627 332 10045 31 46549 332 32380
73627 332 10045 31 36866 332 32380
73627 332 10045 31 14537 332 32380
73627 332 10045 31 4833 332 32380
73627 332 10045 31 63479 332 32380
73627 332 10045 31 67973 332 32380
73627 332 10045 31 28376 332 32380
73627 332 10045 31 53798 332 32380
73627 332 10045 31 3955 332 32380
73627 332 10045 31 68221 332 32380
73627 332 10045 31 58806 332 32380
73627 332 10045 31 59909 332 32380
73627 332 10045 31 29427 332 32380
73627 332 10045 31 67768 332 32380
73627 332 10045 31 17522 332 32380
73627 332 10045 31 4992 332 32380
73627 332 10045 31 31485 332 32380
73627 332 10045 31 67502 332 32380
73627 332 10045 31 58932 332 32380
73627 332 10045 31 40496 332 32380
73627 332 10045 31 29284 332 32380
73627 332 10045 31 72636 332 32380
73627 332 10045 31 32937 332 32380
73627 332 10045 31 40314 332 32380
73627 332 10045 31 51080 332 32380
73627 332 10045 31 37792 332 32380
73627 332 10045 31 17630 332 32380
73627 332 10045 31 19694 332 32380
73627 332 10045 31 34480 332 32380
73627 332 10045 31 73103 332 32380
73627 332 10045 31 11708 332 32380
73627 332 10045 31 12956 332 32380
73627 332 10045 31 1541 332 32380
73627 332 10045 31 48125 332 32380
73627 332 10045 31 15838 332 32380
73627 332 10045 31 69182 332 32380
73627 332 10045 31 64296 332 32380
73627 332 10045 31 24169 332 32380
73627 332 10045 31 55099 332 32380
73627 332 10045 31 44031 332 32380
73627 332 10045 31 25233 332 32380
73627 332 10045 31 52577 332 32380
73627 332 10045 31 1524 332 32380
73627 332 10045 31 19870 332 32380
73627 332 10045 31 769 332 32380
73627 332 10045 31 15927 332 32380
73627 332 10045 31 9616 332 32380
73627 332 10045 31 12132 332 32380
73627 332 10045 31 20043 332 32380
73627 332 10045 31 19295 332 32380
73627 332 10045 31 8501 332 32380
73627 332 10045 31 2286 332 32380
73627 332 10045 31 59917 332 32380
73627 332 10045 31 23082 332 32380
73627 332 10045 31 33377 332 32380
73627 332 10045 31 19706 332 32380
73627 332 10045 31 16117 332 32380
73627 332 10045 31 31910 332 32380
73627 332 10045 31 32267 332 32380
73627 332 10045 31 14746 332 32380
73627 332 10045 31 53371 332 32380
73627 332 10045 31 22644 332 32380
73627 332 10045 31 65232 332 32380
73627 332 10045 31 29493 332 32380
73627 332 10045 31 6957 332 32380
73627 332 10045 31 17345 332 32380
73627 332 10045 31 6621 332 32380
73627 332 10045 252 69092 151 32380
73627 332 10045 252 69092 277 32380
73627 332 10045 369 19933 277 32380
73627 332 65853 31 48838 332 32380
73627 332 65853 31 60465 332 32380
73627 332 65853 31 11637 332 32380
73627 332 65853 31 44399 332 32380
73627 332 65853 31 65908 332 32380
73627 332 65853 31 8969 332 32380
73627 332 65853 31 39163 332 32380
73627 332 65853 31 29655 332 32380
73627 332 65853 31 7609 332 32380
73627 332 65853 31 53680 332 32380
73627 332 65853 31 65174 332 32380
73627 332 65853 31 20689 332 32380
73627 332 65853 31 44772 332 32380
73627 332 65853 31 52569 332 32380
73627 332 65853 31 19930 332 32380
73627 332 65853 31 64300 332 32380
73627 332 65853 31 68659 332 32380
73627 332 65853 31 47773 332 32380
73627 332 65853 31 72041 332 32380
73627 332 65853 31 25006 332 32380
73627 332 65853 31 72012 332 32380
73627 332 65853 31 60868 332 32380
73627 332 65853 31 74572 332 32380
73627 332 65853 31 71525 332 32380
73627 332 65853 31 50816 332 32380
73627 332 65853 31 64739 332 32380
73627 332 65853 31 4159 332 32380
73627 332 65853 31 72343 332 32380
73627 332 65853 31 39117 332 32380
73627 332 65853 31 33232 332 32380
73627 332 65853 31 4443 332 32380
73627 332 65853 31 18230 332 32380
73627 332 65853 31 3087 332 32380
73627 332 65853 31 73897 332 32380
73627 332 65853 31 8270 332 32380
73627 332 65853 31 36130 332 32380
73627 332 65853 31 39182 332 32380
73627 332 65853 31 37710 332 32380
73627 332 65853 31 7340 332 32380
73627 332 65853 31 14595 332 32380
73627 332 65853 31 35018 332 32380
73627 332 65853 31 14666 332 32380
73627 332 65853 31 40136 332 32380
73627 332 65853 31 4537 332 32380
73627 332 65853 31 25372 332 32380
73627 332 65853 31 13725 332 32380
73627 332 65853 31 38325 332 32380
73627 332 65853 31 40298 332 32380
73627 332 65853 31 36752 332 32380
73627 332 65853 31 8335 332 32380
73627 332 65853 31 46820 332 32380
73627 332 65853 31 55642 332 32380
73627 332 65853 31 47656 332 32380
73627 332 65853 31 4637 332 32380
73627 332 65853 31 9817 332 32380
73627 332 65853 31 33731 332 32380
73627 332 65853 31 32653 332 32380
73627 332 1705 31 32824 332 32380
73627 332 1705 31 3042 332 32380
73627 332 1705 31 35542 332 32380
73627 332 1705 31 12507 332 32380
73627 332 1705 369 60562 277 32380
73627 332 65855 31 23736 332 32380
73627 332 65855 31 53689 332 32380
73627 332 65855 31 70588 332 32380
73627 332 65855 31 7304 332 32380
73627 332 65855 31 49073 332 32380
73627 332 65855 31 69701 332 32380
73627 332 65855 31 27205 332 32380
73627 332 65855 31 69099 332 32380
73627 332 65855 31 35527 332 32380
73627 332 65855 31 39920 332 32380
73627 332 65856 31 51059 332 32380
73627 332 65856 31 5659 332 32380
73627 332 65856 31 60218 332 32380
73627 332 65856 31 48552 332 32380
73627 332 65856 31 3675 332 32380
73627 332 65857 31 44571 332 32380
73627 332 65857 31 37651 332 32380
73627 332 65857 31 26667 332 32380
73627 332 29064 31 7196 332 32380
73627 332 29064 31 21351 332 32380
73627 332 29064 31 1105 332 32380
73627 332 29064 31 73560 332 32380
73627 332 29064 31 33744 332 32380
73627 332 23453 31 57616 332 32380
73627 332 29061 31 18715 332 32380
73627 332 29061 31 12505 332 32380
73627 369 33054 277 10272 332 32380
73627 369 33054 277 15730 332 32380
73627 332 10045 31 1444 297 74024 277 32380
73627 332 10045 31 1444 297 74024 28 32380
73627 332 10045 31 53927 365 9667 332 32380
73627 332 10045 31 72636 240 9490 332 32380
73627 332 10045 31 24058 196 27894 272 33390 332 32380
