73627 332 12804
73627 332 10045 31 30109 332 12804
73627 332 10045 31 1444 332 12804
73627 332 10045 31 32357 332 12804
73627 332 10045 31 58576 332 12804
73627 332 10045 31 27960 332 12804
73627 332 10045 31 11292 332 12804
73627 332 10045 31 62341 332 12804
73627 332 10045 31 6534 332 12804
73627 332 10045 31 58806 332 12804
73627 332 10045 31 2851 332 12804
73627 332 10045 31 17630 332 12804
73627 332 10045 31 33377 332 12804
73627 332 10045 31 29493 332 12804
73627 332 10045 369 19933 332 12804
73627 332 65856 31 40434 332 12804
73627 332 65856 369 41897 277 12804
73627 332 65857 31 44610 332 12804
