2532 114 72717
2532 297 61222 231 72717
2532 114 31324 155 4445 114 72717
2532 114 31324 155 61365 114 72717
2532 114 15276 155 64021 114 72717
2532 114 22277 397 22952 93 72717
2532 114 34150 383 71850 294 72717
2532 75 3643 32 32937 114 72717
2532 383 69092 294 5466 93 72717
2532 383 69092 294 64590 93 72717
2532 297 61222 231 19960 93 72717
2532 297 61222 231 46820 93 72717
2532 297 61222 231 3581 93 72717
2532 297 61222 231 57375 93 72717
2532 297 61222 231 17948 93 72717
2532 297 61222 231 21550 93 72717
2532 297 61222 231 15277 93 72717
2532 297 61222 231 59849 93 72717
2532 297 61222 231 8453 93 72717
2532 297 61222 231 8456 93 72717
2532 297 61222 231 49252 93 72717
2532 297 61222 52 32244 93 72717
2532 297 61222 52 43608 93 72717
2532 297 61222 52 42088 93 72717
2532 297 61222 52 4192 93 72717
