32937 114 72717
32937 297 61222 231 72717
32937 282 72553 397 4192 93 72717
32937 282 72553 397 21550 93 72717
32937 282 72858 397 5466 93 72717
32937 282 72858 397 46820 93 72717
32937 282 72858 397 32244 93 72717
32937 282 72858 397 59849 93 72717
32937 282 72858 397 8453 93 72717
32937 282 72858 397 8456 93 72717
32937 383 69092 294 64590 93 72717
32937 383 69092 294 2532 114 72717
32937 383 69092 294 64021 114 72717
32937 383 69092 294 4445 114 72717
32937 383 9466 354 22952 93 72717
32937 75 33951 155 3581 93 72717
32937 75 3643 32 61365 114 72717
32937 297 61222 383 71850 294 72717
32937 297 61222 231 19960 93 72717
32937 297 61222 231 57375 93 72717
32937 297 61222 231 17948 93 72717
32937 297 61222 231 15277 93 72717
32937 297 61222 231 49252 93 72717
32937 297 61222 52 43608 93 72717
32937 297 61222 52 42088 93 72717
