4445 114 72717
4445 383 71850 294 72717
4445 114 31324 155 2532 114 72717
4445 114 31324 155 61365 114 72717
4445 114 15276 155 64021 114 72717
4445 114 34150 297 61222 231 72717
4445 383 69092 294 5466 93 72717
4445 383 69092 294 64590 93 72717
4445 383 69092 294 32937 114 72717
4445 332 65853 31 46820 93 72717
4445 332 65853 31 19960 93 72717
4445 332 65853 31 3581 93 72717
4445 332 29052 31 59849 93 72717
4445 332 29052 31 4192 93 72717
4445 332 29052 31 17948 93 72717
4445 332 29065 31 15277 93 72717
4445 332 29065 31 21550 93 72717
4445 332 29065 31 43608 93 72717
4445 332 29065 31 49252 93 72717
4445 114 34150 297 61222 231 57375 93 72717
4445 114 34150 297 61222 231 8453 93 72717
4445 114 34150 297 61222 231 8456 93 72717
4445 114 34150 297 61222 52 32244 93 72717
4445 114 34150 297 61222 52 42088 93 72717
4445 114 34150 155 56024 52 22952 93 72717
