61365 114 72717
61365 114 31324 155 4445 114 72717
61365 114 31324 155 2532 114 72717
61365 114 15276 155 64021 114 72717
61365 114 22277 397 22952 93 72717
61365 75 41897 32 71850 294 72717
61365 75 3643 32 32937 114 72717
61365 114 36274 32 17624 297 61222 231 72717
61365 114 58089 397 47724 115 19960 93 72717
61365 114 22277 397 40314 52 15277 93 72717
61365 114 22277 397 40314 52 21550 93 72717
61365 114 22277 397 40314 52 32244 93 72717
61365 114 22277 397 40314 52 57375 93 72717
61365 114 22277 397 40314 52 42088 93 72717
61365 114 22277 397 40314 52 64590 93 72717
61365 114 22277 397 40314 52 49252 93 72717
61365 114 22277 397 40314 52 8456 93 72717
61365 114 22277 397 40314 52 8453 93 72717
61365 114 22277 397 40314 52 59849 93 72717
61365 114 22277 397 40314 52 4192 93 72717
61365 114 22277 397 40314 52 17948 93 72717
61365 114 22277 397 40314 52 3581 93 72717
61365 114 22277 397 40314 52 5466 93 72717
61365 114 11926 332 65853 31 46820 93 72717
61365 114 11926 332 29064 31 43608 93 72717
