14264 382 2748
14264 332 10045 31 2748
14264 332 1707 31 2748
14264 332 65853 31 2748
14264 332 1705 31 2748
14264 332 65856 31 2748
14264 332 65857 31 2748
14264 332 68339 31 2748
14264 332 23453 31 2748
14264 332 29052 31 2748
14264 332 32380 31 2748
14264 332 40316 31 2748
14264 332 29065 31 2748
14264 332 29061 31 2748
14264 332 68334 31 2748
14264 332 40313 31 2748
14264 332 29064 31 2748
14264 300 62434 211 38128 382 2748
14264 300 62434 211 63358 382 2748
14264 300 62434 211 24058 196 2748
14264 332 65853 31 11756 382 2748
14264 369 33054 252 40309 31 2748
14264 369 33054 252 68338 31 2748
14264 369 33054 252 51358 31 2748
14264 369 33054 252 51352 31 2748
14264 369 33054 252 65861 31 2748
14264 300 62434 211 72079 332 60031 31 2748
14264 300 62434 211 72079 332 65855 31 2748
14264 300 62434 211 72079 332 35877 31 2748
14264 300 62434 211 72079 332 59840 31 2748
14264 300 62434 211 72079 332 68336 31 2748
14264 300 62434 211 72079 332 68337 31 2748
14264 300 62434 211 72079 332 12340 31 2748
14264 300 62434 211 72079 332 40315 31 2748
14264 300 62434 211 72079 332 40308 31 2748
14264 300 62434 211 72079 332 40312 31 2748
14264 300 62434 211 63319 15 44022 382 2748
14264 300 62434 211 63319 15 69304 382 2748
14264 300 62434 211 63319 15 10519 382 2748
14264 300 62434 211 63319 15 1293 382 2748
14264 300 62434 211 63319 15 74492 382 2748
14264 300 62434 211 63319 15 26509 382 2748
14264 300 62434 211 63319 15 45970 382 2748
14264 300 62434 211 63319 15 74368 382 2748
14264 300 62434 211 63319 15 65877 382 2748
14264 300 62434 211 63319 15 9678 382 2748
14264 300 62434 211 65908 332 40319 31 2748
14264 300 62434 211 51172 332 57026 31 2748
14264 300 62434 211 37898 164 71797 382 2748
14264 300 62434 211 58140 332 40318 31 2748
14264 300 62434 211 1105 398 15254 382 2748
14264 300 62434 211 48050 64 64733 382 2748
14264 300 62434 211 58806 332 6858 31 2748
14264 300 62434 211 3650 123 7077 382 2748
14264 300 62434 211 3650 124 27545 382 2748
14264 332 10045 369 19933 64 3354 382 2748
14264 332 10045 369 19933 64 57080 382 2748
14264 332 10045 369 19933 64 15104 382 2748
14264 332 10045 369 19933 64 48679 382 2748
14264 332 1705 369 60841 64 8511 382 2748
14264 369 33054 32 38944 315 54296 382 2748
14264 369 33054 32 38944 315 14148 382 2748
14264 300 62434 211 38128 141 31011 164 46711 382 2748
14264 300 62434 211 32101 296 20492 99 49642 382 2748
14264 300 62434 211 53751 255 47491 336 64119 15 58857 382 2748
