25170 382 24058
25170 296 1819 99 40683 265 19933 321 24058
25170 296 1819 99 44022 382 2748 321 24058
25170 296 1819 99 44022 265 27894 321 24058
25170 296 1819 99 56943 265 74024 321 24058
25170 296 1819 99 72687 300 62434 211 24058
25170 296 1819 99 72687 217 59220 321 24058
25170 296 1819 99 64733 265 56340 321 24058
25170 296 1819 99 64733 265 48050 321 24058
25170 296 1819 99 69635 265 26742 321 24058
25170 296 1819 99 70326 202 9132 321 24058
25170 296 1819 99 57213 179 56660 321 24058
25170 296 1819 99 69700 42 50614 321 24058
25170 296 1819 99 65877 265 40417 321 24058
25170 296 1819 99 4421 80 38944 155 69092 294 24058
25170 296 1819 99 4421 80 38944 155 69092 369 24058
25170 296 1819 99 4421 80 38944 155 69092 277 24058
25170 296 1819 99 4421 80 38944 32 51420 321 24058
25170 296 1819 99 4421 80 38944 310 25099 321 24058
25170 296 1819 99 4421 80 38944 310 14859 321 24058
25170 296 1819 99 4421 80 38944 151 41897 32 24058
25170 296 1819 99 4421 80 38944 358 53751 255 24058
25170 296 1819 99 4421 37 22668 91 54168 254 24058
25170 296 1819 99 4421 37 22668 91 33377 321 24058
25170 296 1819 99 4421 85 64632 249 4148 321 24058
25170 296 1819 99 4421 85 64632 249 75101 321 24058
25170 296 1819 99 4421 85 64632 214 28485 321 24058
25170 296 1819 99 40683 374 17058 214 50130 121 24058
25170 296 1819 99 40683 265 19933 277 68339 31 24058
25170 296 1819 99 40683 265 19933 277 31636 321 24058
25170 296 1819 99 40683 265 19933 277 2516 321 24058
25170 296 1819 99 40683 265 19933 277 10045 31 24058
25170 296 1819 99 40683 265 19933 277 40316 31 24058
25170 296 1819 99 40683 265 19933 277 68334 31 24058
25170 296 1819 99 40683 265 19933 277 32380 31 24058
25170 296 1819 99 40683 265 19933 277 65853 31 24058
25170 296 1819 99 40683 265 19933 277 65855 31 24058
25170 296 1819 99 40683 265 19933 75 27162 321 24058
25170 296 1819 99 40683 265 19933 161 31621 321 24058
25170 296 1819 99 40683 265 19933 332 65856 31 24058
25170 296 1819 99 40683 265 19933 332 29052 31 24058
25170 296 1819 99 40683 265 19933 332 29065 31 24058
25170 296 1819 99 40683 265 19933 332 29064 31 24058
25170 296 1819 99 45843 83 3650 124 59741 130 24058
25170 296 1819 99 45843 83 3650 107 19847 321 24058
25170 296 1819 99 45843 83 3650 332 6058 31 24058
25170 296 1819 99 45843 83 3650 332 23453 31 24058
25170 296 1819 99 45843 83 3650 332 12340 31 24058
25170 296 1819 99 45843 265 67410 75 33951 155 24058
25170 296 1819 99 45843 265 67410 20 1713 321 24058
25170 296 1819 99 44022 147 31011 155 29427 321 24058
25170 296 1819 99 44022 382 2748 332 68337 31 24058
25170 296 1819 99 44022 330 72713 194 70065 239 24058
25170 296 1819 99 44022 141 21356 155 66047 321 24058
25170 296 1819 99 69304 265 30796 75 38500 321 24058
25170 296 1819 99 9037 358 37302 342 73217 321 24058
25170 296 1819 99 9037 358 37302 28 73592 358 24058
25170 296 1819 99 9037 358 37302 28 28376 321 24058
25170 296 1819 99 9037 358 37302 300 66239 211 24058
25170 296 1819 99 38490 254 14736 277 58806 321 24058
25170 296 1819 99 63316 265 23785 20 38619 321 24058
25170 296 1819 99 72687 15 39737 382 68585 6 24058
25170 296 1819 99 72687 300 62434 211 23607 321 24058
25170 296 1819 99 72687 300 62434 211 51172 321 24058
25170 296 1819 99 72687 300 62434 211 42726 321 24058
25170 296 1819 99 72687 300 62434 211 75205 321 24058
25170 296 1819 99 72687 300 62434 211 16927 321 24058
25170 296 1819 99 72687 300 62434 211 32357 321 24058
25170 296 1819 99 72687 300 62434 211 48963 321 24058
25170 296 1819 99 72687 300 62434 211 52683 321 24058
25170 296 1819 99 72687 300 62434 211 40730 321 24058
25170 296 1819 99 72687 300 62434 211 54142 321 24058
25170 296 1819 99 72687 300 62434 211 14858 321 24058
25170 296 1819 99 72687 300 62434 211 6534 321 24058
25170 296 1819 99 72687 300 62434 211 50528 321 24058
25170 296 1819 99 72687 300 62434 211 64590 321 24058
25170 296 1819 99 72687 300 62434 211 17630 321 24058
25170 296 1819 99 72687 300 62434 211 7339 321 24058
25170 296 1819 99 72687 300 62434 211 31910 321 24058
25170 296 1819 99 72687 300 62434 211 34555 321 24058
25170 296 1819 99 72687 300 62434 211 28306 321 24058
25170 296 1819 99 72687 217 75212 102 30522 321 24058
25170 296 1819 99 72687 217 75212 102 46685 359 24058
25170 296 1819 99 72687 217 59220 382 42969 321 24058
25170 296 1819 99 72687 265 31389 64 51236 15 24058
25170 296 1819 99 72687 265 31389 64 51236 141 24058
25170 296 1819 99 16542 207 2759 2 62831 282 24058
25170 296 1819 99 64733 265 48050 161 25986 321 24058
25170 296 1819 99 38086 207 11544 2 8453 321 24058
25170 296 1819 99 70326 257 65618 379 55212 211 24058
25170 296 1819 99 57213 352 25928 342 24865 321 24058
25170 296 1819 99 69700 281 8511 265 60841 321 24058
25170 296 1819 99 70828 80 32131 126 44438 336 24058
25170 296 1819 99 70828 80 32131 126 44438 382 24058
25170 296 1819 99 70828 80 32131 126 44438 255 24058
25170 296 1819 99 31784 37 34480 240 1641 321 24058
25170 296 1819 99 4421 80 38944 315 38128 382 26151 321 24058
25170 296 1819 99 4421 80 38944 315 38128 382 24596 321 24058
25170 296 1819 99 4421 80 38944 315 38128 265 69931 321 24058
25170 296 1819 99 4421 80 38944 315 32101 202 64151 321 24058
25170 296 1819 99 4421 80 38944 315 57273 379 49783 211 24058
25170 296 1819 99 4421 80 38944 91 36348 265 6003 321 24058
25170 296 1819 99 4421 80 38944 91 9767 32 36301 321 24058
25170 296 1819 99 4421 80 38944 114 53782 155 50391 321 24058
25170 296 1819 99 4421 80 38944 28 25961 32 69099 321 24058
25170 296 1819 99 4421 80 38944 28 25961 32 25110 321 24058
25170 296 1819 99 4421 80 38944 28 25961 32 18999 321 24058
25170 296 1819 99 4421 80 38944 28 25961 32 72997 321 24058
25170 296 1819 99 4421 80 38944 155 69092 75 52207 321 24058
25170 296 1819 99 4421 80 38944 155 69092 294 20177 321 24058
25170 296 1819 99 4421 80 38944 155 69092 294 11615 321 24058
25170 296 1819 99 4421 80 38944 155 69092 294 22800 321 24058
25170 296 1819 99 4421 80 38944 155 69092 294 33481 321 24058
25170 296 1819 99 4421 80 38944 155 69092 294 51510 321 24058
25170 296 1819 99 4421 80 38944 155 69092 294 1711 321 24058
25170 296 1819 99 4421 80 38944 155 69092 294 2527 321 24058
25170 296 1819 99 4421 80 38944 155 69092 294 14740 321 24058
25170 296 1819 99 4421 80 38944 155 69092 294 21749 321 24058
25170 296 1819 99 4421 80 38944 155 69092 294 29987 321 24058
25170 296 1819 99 4421 80 38944 155 69092 294 45515 321 24058
25170 296 1819 99 4421 80 38944 155 69092 294 45127 321 24058
25170 296 1819 99 4421 80 38944 155 69092 294 33689 321 24058
25170 296 1819 99 4421 80 38944 155 69092 294 27946 321 24058
25170 296 1819 99 4421 80 38944 155 69092 294 7377 321 24058
25170 296 1819 99 4421 80 38944 155 69092 294 57341 321 24058
25170 296 1819 99 4421 80 38944 155 69092 294 12419 321 24058
25170 296 1819 99 4421 80 38944 155 69092 294 32298 321 24058
25170 296 1819 99 4421 80 38944 155 69092 294 51864 321 24058
25170 296 1819 99 4421 80 38944 155 69092 294 19581 321 24058
25170 296 1819 99 4421 80 38944 155 69092 294 64335 321 24058
25170 296 1819 99 4421 80 38944 155 69092 294 42278 321 24058
25170 296 1819 99 4421 80 38944 155 69092 294 24701 321 24058
25170 296 1819 99 4421 80 38944 155 69092 294 55164 321 24058
25170 296 1819 99 4421 80 38944 155 69092 294 73570 321 24058
25170 296 1819 99 4421 80 38944 155 69092 151 20174 321 24058
25170 296 1819 99 4421 80 38944 155 69092 277 11495 321 24058
25170 296 1819 99 4421 80 38944 354 57047 383 5319 321 24058
25170 296 1819 99 4421 80 38944 310 1444 383 56734 321 24058
25170 296 1819 99 4421 80 38944 310 1444 297 62834 321 24058
25170 296 1819 99 4421 80 38944 369 53811 252 46549 321 24058
25170 296 1819 99 4421 80 38944 75 33054 277 62140 321 24058
25170 296 1819 99 4421 80 38944 75 33054 277 64684 362 24058
25170 296 1819 99 4421 80 38944 75 33054 277 32306 321 24058
25170 296 1819 99 4421 80 38944 75 33054 277 9782 321 24058
25170 296 1819 99 4421 80 38944 75 33054 277 71421 321 24058
25170 296 1819 99 4421 80 38944 75 33054 277 53912 321 24058
25170 296 1819 99 4421 80 38944 75 33054 277 50986 321 24058
25170 296 1819 99 4421 80 38944 75 33054 277 62595 321 24058
25170 296 1819 99 4421 80 38944 75 33054 277 25387 321 24058
25170 296 1819 99 4421 80 38944 75 33054 277 52654 321 24058
25170 296 1819 99 4421 80 38944 75 33054 277 56441 321 24058
25170 296 1819 99 4421 80 38944 75 33054 277 73664 321 24058
25170 296 1819 99 4421 80 38944 75 33054 277 50856 321 24058
25170 296 1819 99 4421 80 38944 75 33054 277 72480 321 24058
25170 296 1819 99 4421 80 38944 75 33054 277 38148 321 24058
25170 296 1819 99 4421 80 38944 75 33054 277 44317 321 24058
25170 296 1819 99 4421 80 38944 75 33054 277 37710 321 24058
25170 296 1819 99 4421 80 38944 75 33054 277 67772 321 24058
25170 296 1819 99 4421 80 38944 75 33054 277 53923 321 24058
25170 296 1819 99 4421 80 38944 75 33054 277 14537 321 24058
25170 296 1819 99 4421 80 38944 75 33054 277 26710 321 24058
25170 296 1819 99 4421 80 38944 75 33054 277 73054 321 24058
25170 296 1819 99 4421 80 38944 75 33054 277 3313 321 24058
25170 296 1819 99 4421 80 38944 75 33054 277 48822 321 24058
25170 296 1819 99 4421 80 38944 75 33054 277 39920 321 24058
25170 296 1819 99 4421 80 38944 75 33054 277 27930 321 24058
25170 296 1819 99 4421 80 38944 75 33054 252 24775 321 24058
25170 296 1819 99 4421 80 38944 75 33054 252 53002 321 24058
25170 296 1819 99 4421 80 38944 75 33054 252 26066 321 24058
25170 296 1819 99 4421 80 38944 75 33054 252 44440 321 24058
25170 296 1819 99 4421 80 38944 75 33054 252 30916 321 24058
25170 296 1819 99 4421 80 38944 75 33054 252 24237 321 24058
25170 296 1819 99 4421 80 38944 75 33054 252 29940 321 24058
25170 296 1819 99 4421 80 38944 75 33054 252 17379 321 24058
25170 296 1819 99 4421 80 38944 75 33054 252 74534 321 24058
25170 296 1819 99 4421 80 38944 75 33054 252 2136 321 24058
25170 296 1819 99 4421 80 38944 75 33054 252 9903 321 24058
25170 296 1819 99 4421 80 38944 75 33054 151 49353 321 24058
25170 296 1819 99 4421 80 38944 75 33054 151 44565 321 24058
25170 296 1819 99 4421 80 38944 252 6067 151 18250 321 24058
25170 296 1819 99 4421 37 22668 91 54168 254 53393 321 24058
25170 296 1819 99 4421 37 22668 91 54168 254 36041 369 24058
25170 296 1819 99 4421 85 64632 249 18597 300 17629 211 24058
25170 296 1819 99 4421 85 64632 342 1524 358 51607 28 24058
25170 296 1819 99 40683 265 19933 277 68339 31 44925 321 24058
25170 296 1819 99 40683 265 19933 277 68339 31 1333 321 24058
25170 296 1819 99 40683 265 19933 277 68339 31 7340 321 24058
25170 296 1819 99 40683 265 19933 277 68339 31 51743 321 24058
25170 296 1819 99 40683 265 19933 277 65857 31 48838 321 24058
25170 296 1819 99 40683 265 19933 277 65857 31 17625 321 24058
25170 296 1819 99 40683 265 19933 277 65857 31 20766 321 24058
25170 296 1819 99 40683 265 19933 277 65857 31 21807 321 24058
25170 296 1819 99 40683 265 19933 277 65857 31 8704 321 24058
25170 296 1819 99 40683 265 19933 277 65857 31 72283 321 24058
25170 296 1819 99 40683 265 19933 277 65857 31 73143 321 24058
25170 296 1819 99 40683 265 19933 277 65857 31 25422 321 24058
25170 296 1819 99 40683 265 19933 277 65857 31 16974 321 24058
25170 296 1819 99 40683 265 19933 277 10045 31 36844 321 24058
25170 296 1819 99 40683 265 19933 277 10045 31 53407 321 24058
25170 296 1819 99 40683 265 19933 277 1707 31 25006 321 24058
25170 296 1819 99 40683 265 19933 277 40316 31 7196 321 24058
25170 296 1819 99 40683 265 19933 277 68334 31 70529 321 24058
25170 296 1819 99 40683 265 19933 277 32380 31 57616 321 24058
25170 296 1819 99 40683 265 19933 277 29061 31 4921 321 24058
25170 296 1819 99 40683 265 19933 277 65853 31 16268 321 24058
25170 296 1819 99 40683 265 19933 161 61222 231 61876 321 24058
25170 296 1819 99 40683 265 19933 294 9013 84 28247 321 24058
25170 296 1819 99 9037 358 37302 28 73592 151 40673 321 24058
25170 296 1819 99 72687 300 62434 211 14691 300 4173 211 24058
25170 296 1819 99 72687 300 62434 211 14691 300 62849 211 24058
25170 296 1819 99 72687 300 62434 211 14691 300 62879 211 24058
25170 296 1819 99 72687 300 62434 211 14691 300 65810 211 24058
25170 296 1819 99 72687 300 62434 211 14691 300 16843 211 24058
25170 296 1819 99 72687 300 62434 211 14691 300 17426 211 24058
25170 296 1819 99 72687 300 62434 211 14691 300 33456 211 24058
25170 296 1819 99 72687 300 62434 211 14691 300 26313 211 24058
25170 296 1819 99 72687 300 62434 211 14691 300 23323 211 24058
25170 296 1819 99 72687 300 62434 211 14691 300 64408 211 24058
25170 296 1819 99 72687 300 62434 211 14691 300 74587 211 24058
25170 296 1819 99 72687 300 62434 211 14691 313 10368 362 24058
25170 296 1819 99 72687 300 62434 211 14691 313 29580 362 24058
25170 296 1819 99 72687 300 62434 211 14691 313 44620 362 24058
25170 296 1819 99 72687 300 62434 211 14691 313 10036 362 24058
25170 296 1819 99 72687 300 62434 211 14691 313 19607 362 24058
25170 296 1819 99 72687 300 62434 211 14691 313 12217 362 24058
25170 296 1819 99 72687 300 62434 211 14691 313 63290 362 24058
25170 296 1819 99 72687 300 62434 211 14691 313 3377 362 24058
25170 296 1819 99 72687 300 62434 211 14691 313 68699 362 24058
25170 296 1819 99 72687 300 62434 211 14691 313 3690 362 24058
25170 296 1819 99 72687 300 62434 211 14691 313 57685 362 24058
25170 296 1819 99 72687 300 62434 211 14691 313 54744 362 24058
25170 296 1819 99 72687 300 62434 211 14691 313 36101 362 24058
25170 296 1819 99 72687 300 62434 211 38348 175 14412 160 24058
25170 296 1819 99 72687 300 62434 211 38348 175 5601 160 24058
25170 296 1819 99 72687 300 62434 211 33697 300 36209 211 24058
25170 296 1819 99 72687 300 62434 211 33697 300 5317 211 24058
25170 296 1819 99 72687 300 62434 211 33697 300 25907 211 24058
25170 296 1819 99 72687 300 62434 211 33697 300 19654 211 24058
25170 296 1819 99 72687 300 62434 211 33697 300 56116 211 24058
25170 296 1819 99 72687 300 62434 211 33697 300 65662 211 24058
25170 296 1819 99 72687 300 62434 211 33697 300 56526 211 24058
25170 296 1819 99 72687 300 62434 211 56851 262 29648 362 24058
25170 296 1819 99 72687 300 62434 211 54201 175 1962 160 24058
25170 296 1819 99 72687 300 62434 211 16633 109 39042 172 24058
25170 296 1819 99 72687 300 62434 211 16633 109 39042 105 24058
25170 296 1819 99 72687 300 62434 211 31910 300 58340 211 24058
25170 296 1819 99 72687 217 59220 332 37605 31 8537 321 24058
25170 296 1819 99 4421 80 38944 155 69092 294 22800 300 18774 211 24058
25170 296 1819 99 4421 80 38944 151 41897 32 30135 152 63515 362 24058
25170 296 1819 99 4421 80 38944 369 15647 369 25489 277 67996 321 24058
25170 296 1819 99 4421 80 38944 358 32824 369 40754 277 26044 321 24058
25170 296 1819 99 4421 37 22668 91 49073 358 9577 28 68736 362 24058
25170 296 1819 99 4421 37 22668 91 49073 358 9577 28 68736 321 24058
25170 296 1819 99 4421 37 22668 91 49073 358 9577 28 36878 321 24058
25170 296 1819 99 4421 85 64632 112 41507 384 50691 240 1639 321 24058
25170 296 1819 99 4421 85 64632 342 1524 358 51607 28 61055 321 24058
25170 296 1819 99 40683 265 19933 277 68339 31 7340 196 28166 321 24058
25170 296 1819 99 40683 265 19933 277 10045 31 19295 4 65297 362 24058
25170 296 1819 99 40683 265 19933 277 29061 31 20288 196 6212 321 24058
25170 296 1819 99 44022 141 21356 143 69742 113 623 105 56922 172 24058
25170 296 1819 99 44022 141 21356 143 69742 113 623 105 56922 105 24058
25170 296 1819 99 72687 300 62434 211 16633 109 23815 313 42827 362 24058
25170 296 1819 99 72687 300 62434 211 16633 109 23815 313 11526 362 24058
25170 296 1819 99 4421 80 38944 354 57047 229 61279 378 49957 215 55638 160 24058
25170 296 1819 99 4421 85 64632 303 30109 28 53319 215 51426 260 34023 12 24058
25170 296 1819 99 72687 300 62434 211 14691 313 12217 286 13300 197 11757 362 24058
