38128 382 28806
38128 15 63319 398 28806
38128 15 63319 382 28806
38128 300 62434 211 28806
38128 104 69092 294 28806
38128 141 14736 382 28806
38128 15 70550 252 6067 151 28806
38128 15 70550 102 46685 359 28806
38128 15 70550 332 29065 31 28806
38128 15 70550 151 41897 252 28806
38128 15 70550 256 54168 254 28806
38128 15 70550 369 53811 277 28806
38128 15 70550 75 33054 32 28806
38128 15 28376 105 27339 172 28806
38128 15 28376 32 1444 382 28806
38128 382 7417 397 47724 382 28806
38128 300 62434 211 1105 398 28806
38128 300 62434 211 1105 382 28806
38128 104 69092 294 6313 382 28806
38128 104 69092 294 60885 359 28806
38128 15 11658 143 69742 113 56677 398 28806
38128 15 11658 143 69742 113 56677 382 28806
38128 141 31011 396 54516 35 38725 382 28806
38128 141 31011 396 58146 35 38366 382 28806
38128 141 31011 396 58146 35 68848 382 28806
