38128 382 48224
38128 15 70550 332 1705 31 48224
38128 15 70550 332 65855 31 48224
38128 15 70550 332 65853 31 48224
38128 15 70550 332 65857 31 48224
38128 15 70550 332 65856 31 48224
38128 15 70550 332 65861 31 48224
38128 15 70550 332 29052 31 48224
38128 15 70550 332 29065 31 48224
38128 15 70550 332 29064 31 48224
38128 15 70550 332 23453 31 48224
38128 15 70550 332 29061 31 48224
38128 15 70550 332 68334 31 48224
38128 15 70550 332 68338 31 48224
38128 15 70550 332 68337 31 48224
38128 15 70550 75 33054 277 48224
38128 15 70550 75 33054 151 48224
38128 15 17875 332 40313 31 48224
38128 15 28376 332 10045 31 48224
38128 15 28376 332 32380 31 48224
38128 15 28376 332 68336 31 48224
38128 15 28376 332 68339 31 48224
38128 382 2748 332 35877 31 48224
38128 382 28644 359 57906 143 65161 28 48224
