38128 382 30522
38128 15 70550 332 65853 31 30522
38128 15 70550 332 65861 31 30522
38128 15 70550 332 29052 31 30522
38128 15 70550 332 29064 31 30522
38128 15 70550 332 23453 31 30522
38128 15 70550 332 29061 31 30522
38128 15 70550 332 68334 31 30522
38128 15 70550 332 68338 31 30522
38128 15 70550 332 68337 31 30522
38128 15 70550 75 33054 277 30522
38128 15 28376 332 10045 31 30522
38128 15 28376 332 41016 31 30522
38128 15 28376 332 57026 31 30522
38128 15 28376 332 68339 31 30522
38128 15 28376 321 24058 196 30522
38128 382 2748 332 40312 31 30522
38128 300 62434 211 58806 382 30522
38128 80 38944 369 15647 277 30522
38128 265 60841 252 3682 277 30522
38128 104 69092 294 38893 277 30522
38128 15 70550 102 46685 359 75212 102 30522
38128 15 70550 151 41897 277 40769 31 30522
38128 382 8039 6 53751 369 3643 277 30522
38128 382 31066 196 27162 369 10037 277 30522
38128 141 52920 358 9577 28 15922 252 30522
38128 141 52920 358 9577 28 15922 151 30522
