38128 382 26151
38128 15 70550 332 1705 31 26151
38128 15 70550 332 65855 31 26151
38128 15 70550 332 65853 31 26151
38128 15 70550 332 65857 31 26151
38128 15 70550 332 65856 31 26151
38128 15 70550 332 29052 31 26151
38128 15 70550 332 29065 31 26151
38128 15 70550 332 29064 31 26151
38128 15 70550 332 23453 31 26151
38128 15 70550 332 29061 31 26151
38128 15 70550 332 68334 31 26151
38128 15 70550 332 68337 31 26151
38128 15 28376 332 10045 31 26151
38128 15 28376 332 32380 31 26151
38128 15 28376 332 68336 31 26151
38128 15 28376 321 24058 196 26151
38128 382 4399 369 40754 277 26151
