38128 382 2748
38128 15 63319 15 44022 382 2748
38128 15 63319 15 69304 382 2748
38128 15 63319 15 10519 382 2748
38128 15 63319 15 1293 382 2748
38128 15 63319 15 74492 382 2748
38128 15 63319 15 26509 382 2748
38128 15 63319 15 45970 382 2748
38128 15 63319 15 74368 382 2748
38128 15 63319 15 65877 382 2748
38128 15 63319 15 9678 382 2748
38128 15 70550 332 1705 31 2748
38128 15 70550 332 65855 31 2748
38128 15 70550 332 65853 31 2748
38128 15 70550 332 65857 31 2748
38128 15 70550 332 65856 31 2748
38128 15 70550 332 65861 31 2748
38128 15 70550 332 29052 31 2748
38128 15 70550 332 29065 31 2748
38128 15 70550 332 29064 31 2748
38128 15 70550 332 23453 31 2748
38128 15 70550 332 29061 31 2748
38128 15 70550 332 68334 31 2748
38128 15 70550 332 68338 31 2748
38128 15 70550 332 68337 31 2748
38128 15 70550 332 12340 31 2748
38128 15 70550 332 40308 31 2748
38128 15 17875 332 40313 31 2748
38128 15 28376 332 10045 31 2748
38128 15 28376 332 60031 31 2748
38128 15 28376 332 32380 31 2748
38128 15 28376 332 68336 31 2748
38128 15 28376 332 57026 31 2748
38128 15 28376 332 40309 31 2748
38128 15 28376 332 40318 31 2748
38128 15 28376 332 68339 31 2748
38128 15 28376 332 51358 31 2748
38128 15 28376 332 40319 31 2748
38128 15 28376 332 40315 31 2748
38128 15 28376 321 24058 196 2748
38128 382 15024 332 1707 31 2748
38128 382 30522 332 40312 31 2748
38128 382 48224 332 35877 31 2748
38128 300 62434 211 14264 382 2748
38128 300 62434 211 63358 382 2748
38128 217 9911 5 8511 382 2748
38128 217 9911 5 15254 382 2748
38128 217 9911 5 3354 382 2748
38128 217 9911 5 7077 382 2748
38128 217 9911 5 71797 382 2748
38128 217 9911 5 11756 382 2748
38128 217 9911 5 15104 382 2748
38128 217 9911 5 48679 382 2748
38128 217 9911 5 54296 382 2748
38128 217 9911 5 64733 382 2748
38128 217 9911 5 27545 382 2748
38128 80 38944 315 57080 382 2748
38128 80 38944 315 14148 382 2748
38128 104 69092 151 59840 31 2748
38128 141 31011 164 46711 382 2748
38128 15 70550 151 41897 277 51352 31 2748
38128 15 70550 151 41897 277 6858 31 2748
38128 15 39896 102 36156 332 40316 31 2748
38128 398 44869 130 36729 396 49642 382 2748
38128 217 9911 5 15254 141 64119 15 58857 382 2748
