38128 382 59433
38128 104 69092 294 59433
38128 15 70550 252 62747 252 59433
38128 15 70550 252 62747 151 59433
38128 15 70550 332 65853 31 59433
38128 15 70550 332 29052 31 59433
38128 15 70550 332 29064 31 59433
38128 15 70550 332 23453 31 59433
38128 15 70550 151 41897 32 59433
38128 15 70550 75 33054 277 59433
38128 104 69092 294 17726 151 59433
38128 15 70550 252 62747 252 596 151 59433
38128 15 70550 252 62747 252 596 252 59433
38128 15 70550 332 1705 31 37710 151 59433
38128 15 70550 358 51607 28 19758 151 59433
