38128 382 7417
38128 382 12035 6 7417
38128 382 12035 382 7417
38128 382 12035 369 7417
38128 382 12035 358 7417
38128 141 14736 105 7417
38128 15 70550 332 29052 31 7417
38128 15 11658 143 69742 113 7417
38128 382 28806 6 47724 282 7417
38128 15 70550 252 6067 151 63771 172 7417
38128 15 70550 332 65853 31 17522 290 7417
38128 252 21632 213 50130 121 32685 336 7417
38128 252 21632 213 50130 121 32685 255 7417
38128 252 21632 213 50130 121 28397 336 7417
38128 398 75055 258 37269 213 59108 121 7417
38128 398 75055 258 37269 100 22041 126 7417
38128 398 75055 258 37269 100 22041 26 7417
38128 398 32864 130 70609 336 18275 255 7417
38128 382 12035 6 19408 398 7929 254 7417
38128 382 12035 6 19408 398 7929 35 7417
38128 382 12035 6 19408 398 7929 258 7417
38128 382 12035 6 19408 398 7929 203 7417
38128 382 12035 6 19408 300 46218 211 7417
38128 398 75055 258 37269 336 43404 357 37367 356 7417
38128 398 75055 258 37269 213 59108 121 9120 367 7417
38128 398 75055 258 37269 213 59108 121 41932 367 7417
