38128 382 23393
38128 15 70550 102 23393
38128 15 70550 332 65853 31 23393
38128 15 70550 332 29065 31 23393
38128 15 70550 332 29064 31 23393
38128 15 70550 332 23453 31 23393
38128 15 28376 103 1524 102 23393
38128 15 28376 101 63472 102 23393
38128 300 62434 211 66747 102 23393
38128 300 62434 211 6495 102 23393
38128 300 62434 211 54333 102 23393
38128 104 69092 294 3291 102 23393
38128 104 69092 294 71837 102 23393
38128 15 70550 102 3052 359 54091 102 23393
38128 15 70550 102 60291 359 30973 102 23393
38128 15 70550 102 60291 359 59913 102 23393
