38128 382 69443
38128 382 586 203 69443
38128 141 27108 255 69443
38128 15 11658 143 69742 113 69443
38128 15 17875 143 37487 113 69443
38128 252 21632 143 46346 113 69443
38128 252 21632 266 44991 113 69443
38128 252 21632 266 52406 176 69443
38128 382 4399 28 51907 113 69443
38128 382 8039 6 53751 255 69443
38128 85 17058 214 31702 121 69443
38128 130 63974 271 46142 203 69443
38128 130 63974 385 37617 203 69443
38128 130 63974 252 67512 113 69443
38128 130 63974 252 23809 176 69443
38128 130 63974 6 32655 398 69443
38128 130 63974 373 35617 367 69443
38128 130 63974 373 20150 367 69443
38128 130 63974 373 69567 367 69443
38128 130 63974 398 51813 35 69443
38128 130 63974 398 51813 258 69443
38128 130 63974 382 52103 336 69443
38128 130 63974 102 33805 176 69443
38128 130 63974 143 61575 176 69443
38128 130 63974 143 55711 176 69443
38128 203 60073 143 72983 113 69443
38128 203 60073 143 43293 113 69443
38128 203 60073 213 59725 121 69443
38128 141 27108 336 41015 336 69443
38128 141 27108 336 41015 255 69443
38128 15 70550 332 65861 31 59655 176 69443
38128 15 70550 332 29065 31 38002 255 69443
38128 15 70550 358 51607 28 22146 113 69443
38128 15 70550 358 51607 28 22465 113 69443
38128 15 70550 358 51607 28 12749 113 69443
38128 15 17875 143 37487 113 37476 337 69443
38128 382 30522 6 58806 143 9102 113 69443
38128 382 30522 6 58806 143 73813 176 69443
38128 382 59433 252 17726 358 30178 113 69443
38128 382 28644 359 57906 102 4880 176 69443
38128 382 28644 359 57906 102 30378 176 69443
38128 382 28644 359 57906 102 55372 176 69443
38128 382 28644 359 57906 102 3405 176 69443
38128 382 28644 359 57906 102 2357 176 69443
38128 382 28644 359 57906 102 73323 176 69443
38128 382 28644 359 57906 102 29865 176 69443
38128 382 28644 359 57906 102 70395 176 69443
38128 382 28644 359 57906 102 11710 176 69443
38128 382 28644 359 57906 102 52339 176 69443
38128 382 28644 359 57906 102 61218 176 69443
38128 382 28644 359 57906 102 8949 176 69443
38128 382 28644 359 57906 102 64259 176 69443
38128 382 28644 359 57906 102 13506 176 69443
38128 382 28644 359 57906 102 19854 176 69443
38128 382 28644 359 57906 102 5803 113 69443
38128 382 28644 359 57906 102 61323 176 69443
38128 382 28644 359 57906 102 33342 176 69443
38128 382 28644 359 57906 102 26917 113 69443
38128 382 28644 359 57906 143 8047 176 69443
38128 382 28644 359 57906 143 66806 176 69443
38128 382 28644 359 57906 143 16961 176 69443
38128 382 28644 359 57906 143 40506 176 69443
38128 382 28644 359 57906 143 34505 113 69443
38128 382 28644 359 57906 143 46977 176 69443
38128 382 28644 359 57906 143 40421 176 69443
38128 382 28644 359 57906 143 40681 176 69443
38128 382 28644 359 57906 143 9880 176 69443
38128 382 28644 359 57906 143 33328 176 69443
38128 382 586 382 67973 303 61453 176 69443
38128 382 28772 342 1910 342 12773 113 69443
38128 300 62434 211 23105 143 72847 113 69443
38128 300 62434 211 23105 143 62734 176 69443
38128 141 52920 358 9577 28 9878 113 69443
38128 15 70550 252 62747 180 10392 71 68647 176 69443
38128 15 70550 382 44428 6 54498 102 24749 176 69443
38128 15 70550 151 41897 32 22183 108 47843 113 69443
38128 15 70550 151 41897 28 16804 13 41097 113 69443
38128 15 17875 143 37487 113 13199 143 2191 176 69443
38128 15 17875 143 37487 113 37476 342 47721 113 69443
38128 15 322 32 61102 213 58833 121 64326 367 69443
38128 252 21632 143 57741 113 65302 143 40213 176 69443
38128 252 21632 143 57741 113 65302 143 14004 176 69443
38128 252 21632 213 50130 121 7431 373 14840 367 69443
38128 252 21632 213 50130 121 7431 143 23169 176 69443
38128 382 4399 28 51907 113 1367 143 26191 113 69443
38128 382 4399 28 51907 113 1367 266 12710 176 69443
38128 382 8039 6 53751 105 15084 382 17451 176 69443
38128 130 63974 373 24939 367 23834 54 72702 249 69443
38128 252 21632 213 5320 121 6835 373 49925 213 11648 121 69443
38128 141 52920 358 9577 28 54450 29 3242 306 35698 113 69443
