56677 398 28806
56677 382 28806
56677 143 69742 113 14736 382 28806
56677 143 69742 113 1105 398 28806
56677 143 69742 113 1105 382 28806
56677 396 58146 35 38366 382 28806
56677 396 58146 35 1444 382 28806
56677 396 58146 35 6313 382 28806
56677 396 58146 35 38725 382 28806
56677 396 58146 35 68848 382 28806
56677 396 58146 35 47724 382 28806
56677 143 69742 113 58853 102 60885 359 28806
56677 143 69742 113 58853 102 46685 359 28806
56677 143 69742 113 58853 256 54168 254 28806
56677 143 69742 113 73338 105 27339 172 28806
56677 143 69742 113 64690 332 29065 31 28806
56677 143 69742 113 10831 300 62434 211 28806
56677 143 69742 113 66245 385 38128 382 28806
56677 143 69742 113 66245 369 33054 32 28806
56677 143 69742 113 72862 151 41897 252 28806
56677 143 69742 113 72862 369 53811 277 28806
56677 143 69742 113 43817 383 69092 294 28806
56677 143 69742 113 35180 252 6067 151 28806
56677 143 69742 113 10831 300 62434 211 63319 398 28806
56677 143 69742 113 10831 300 62434 211 63319 382 28806
