57076 382 53540
57076 382 48861 271 15159 258 53540
57076 382 48861 271 15159 203 53540
57076 382 48861 271 15159 35 53540
57076 252 30975 143 26851 113 53540
57076 252 30975 143 63928 113 53540
57076 252 30975 143 69435 331 53540
57076 252 30975 143 69435 176 53540
57076 252 30975 143 69734 331 53540
57076 252 30975 143 52345 331 53540
57076 252 30975 143 52345 176 53540
57076 252 30975 143 8899 331 53540
57076 252 30975 143 8899 176 53540
57076 252 51506 143 14650 331 53540
57076 252 51506 143 14650 176 53540
57076 252 51506 143 22855 331 53540
57076 252 51506 143 22855 176 53540
57076 252 51506 143 6428 331 53540
57076 252 51506 143 6428 176 53540
57076 252 51506 143 57088 331 53540
57076 252 51506 143 18502 331 53540
57076 252 51506 143 73778 331 53540
57076 252 51506 143 73778 176 53540
57076 252 51506 143 46459 331 53540
57076 252 51506 143 21897 331 53540
57076 252 51506 143 16200 331 53540
57076 252 51506 143 53957 331 53540
57076 252 51506 143 15519 331 53540
57076 252 51506 143 15519 176 53540
57076 252 51506 143 60536 331 53540
57076 252 51506 143 60536 176 53540
57076 252 51506 143 14015 331 53540
57076 252 51506 143 14015 176 53540
57076 252 51506 143 20478 331 53540
57076 252 51506 143 66949 331 53540
57076 252 51506 143 22855 113 69865 336 53540
57076 252 30975 143 69435 29 42543 306 53474 331 53540
57076 252 30975 143 69435 29 42543 306 72585 331 53540
57076 252 30975 143 69435 29 42543 306 72585 176 53540
57076 252 51506 143 22855 113 69865 336 38784 255 53540
57076 252 51506 143 22855 113 69865 143 31431 113 53540
57076 252 51506 143 22855 113 69865 143 42336 331 53540
57076 252 51506 143 22855 113 69865 143 42336 176 53540
57076 252 51506 143 22855 113 69865 92 57883 359 53540
57076 252 51506 143 22855 113 69865 92 57883 113 53540
57076 252 51506 143 22855 113 69865 92 34165 113 53540
57076 252 51506 143 22855 113 69865 92 34165 359 53540
57076 252 51506 143 22855 113 69865 92 41010 113 53540
57076 252 51506 143 22855 113 69865 159 19933 242 53540
57076 252 51506 143 22855 113 69865 159 27894 242 53540
57076 252 51506 143 22855 113 69865 159 23785 242 53540
57076 252 51506 143 22855 113 69865 68 22041 259 53540
57076 252 51506 143 22855 113 69865 68 2851 259 53540
57076 252 51506 143 22855 113 69865 68 49302 259 53540
57076 252 51506 143 22855 113 69865 68 15570 259 53540
57076 252 51506 143 22855 113 69865 68 62772 259 53540
57076 252 51506 143 22855 113 69865 68 20503 259 53540
57076 252 51506 143 22855 113 69865 68 16703 259 53540
57076 252 51506 143 22855 113 69865 18 72636 322 53540
57076 252 51506 143 22855 113 69865 18 65543 322 53540
57076 252 51506 143 22855 113 69865 18 19694 322 53540
57076 252 51506 143 22855 113 69865 213 47898 121 53540
57076 252 51506 143 22855 113 69865 100 6843 290 53540
57076 252 51506 143 22855 113 69865 336 38784 92 68201 113 53540
57076 252 51506 143 22855 113 69865 336 38784 68 24097 259 53540
57076 252 51506 143 22855 113 69865 336 20467 68 11992 259 53540
57076 252 51506 143 22855 113 69865 336 20467 68 5505 259 53540
57076 252 51506 143 22855 113 69865 336 20467 68 7591 259 53540
57076 252 51506 143 22855 113 69865 336 20467 68 15060 259 53540
57076 252 51506 143 22855 113 69865 336 20467 68 66920 259 53540
57076 252 51506 143 22855 113 69865 336 20467 68 43916 259 53540
57076 252 51506 143 22855 113 69865 336 20467 68 45089 259 53540
57076 252 51506 143 22855 113 69865 336 20467 68 17121 259 53540
57076 252 51506 143 22855 113 69865 336 20467 68 30762 259 53540
57076 252 51506 143 22855 113 69865 336 20467 68 21163 259 53540
57076 252 51506 143 22855 113 69865 336 20467 68 36853 259 53540
57076 252 51506 143 22855 113 69865 336 20467 68 2516 259 53540
57076 252 51506 143 22855 113 69865 159 19933 383 71242 259 53540
57076 252 51506 143 22855 113 69865 159 19933 277 11944 259 53540
57076 252 51506 143 22855 113 69865 159 19933 277 27248 259 53540
57076 252 51506 143 22855 113 69865 159 19933 161 31621 242 53540
57076 252 51506 143 22855 113 69865 159 19933 161 45397 242 53540
57076 252 51506 143 22855 113 69865 159 4148 277 54856 259 53540
57076 252 51506 143 22855 113 69865 159 4148 20 9132 242 53540
57076 252 51506 143 22855 113 69865 159 27894 369 40417 242 53540
57076 252 51506 143 22855 113 69865 159 51420 161 69931 242 53540
57076 252 51506 143 22855 113 69865 159 51420 272 70997 259 53540
57076 252 51506 143 22855 113 69865 159 23785 277 66461 259 53540
57076 252 51506 143 22855 113 69865 159 23785 20 29827 242 53540
57076 252 51506 143 22855 113 69865 18 72636 297 2168 242 53540
57076 252 51506 143 22855 113 69865 18 72636 339 25986 242 53540
57076 252 51506 143 22855 113 69865 18 72636 240 9490 259 53540
57076 252 51506 143 22855 113 69865 18 72636 240 35524 259 53540
57076 252 30975 143 26851 358 65161 28 54298 332 29052 31 27358 259 53540
57076 252 30975 143 26851 358 65161 28 54298 332 29065 31 45763 259 53540
57076 252 30975 143 26851 358 65161 113 57906 102 14740 359 1443 217 53540
57076 252 51506 143 22855 113 69865 336 20467 255 17885 92 25556 113 53540
57076 252 51506 143 22855 113 69865 300 59812 211 61154 32 75101 259 53540
57076 252 51506 143 22855 113 69865 92 41010 331 21531 68 55556 259 53540
57076 252 51506 143 22855 113 69865 159 19933 383 69092 294 27268 359 53540
57076 252 51506 143 22855 113 69865 159 19933 75 21109 155 8120 259 53540
57076 252 51506 143 22855 113 69865 159 19933 75 21109 155 42751 259 53540
57076 252 51506 143 22855 113 69865 159 19933 75 21109 155 64607 259 53540
57076 252 51506 143 22855 113 69865 159 19933 161 61222 231 60512 259 53540
57076 252 51506 143 22855 113 69865 159 4148 20 9132 75 7272 259 53540
57076 252 51506 143 22855 113 69865 159 27894 242 33600 92 25244 113 53540
57076 252 51506 143 22855 113 69865 159 23785 20 29827 277 45485 259 53540
57076 252 51506 143 22855 113 69865 68 22041 290 72858 100 61235 259 53540
