59072 382 10141
59072 6 38128 15 63319 382 10141
59072 6 38128 15 70550 382 10141
59072 6 38128 15 39896 382 10141
59072 6 38128 15 28376 382 10141
59072 6 38128 398 44869 382 10141
59072 6 38128 398 32864 382 10141
59072 6 38128 382 68855 382 10141
59072 6 38128 382 12035 382 10141
59072 6 38128 382 20905 277 10141
59072 6 38128 382 20905 28 10141
59072 6 38128 130 63974 277 10141
59072 6 38128 15 28376 358 15434 28 10141
59072 6 38128 252 21632 143 68154 277 10141
59072 6 38128 300 62434 211 37898 382 10141
