63319 382 61075
63319 15 38128 130 63974 382 61075
63319 15 38128 15 70550 332 65853 31 61075
63319 15 38128 15 70550 332 65857 31 61075
63319 15 38128 15 70550 332 65856 31 61075
63319 15 38128 15 70550 332 29064 31 61075
63319 15 38128 15 70550 332 23453 31 61075
63319 15 38128 15 70550 332 29061 31 61075
63319 15 38128 15 70550 332 68334 31 61075
63319 15 38128 15 70550 358 51607 28 61075
63319 15 38128 15 28376 332 10045 31 61075
63319 15 38128 15 28376 332 32380 31 61075
63319 15 38128 141 52920 358 9577 28 61075
