72079 382 5850
72079 382 37504 12 5850
72079 332 10045 31 5850
72079 332 1705 31 5850
72079 332 65855 31 5850
72079 332 65853 31 5850
72079 332 65857 31 5850
72079 332 65856 31 5850
72079 332 29052 31 5850
72079 332 29065 31 5850
72079 332 29064 31 5850
72079 332 23453 31 5850
72079 332 29061 31 5850
72079 332 32380 31 5850
72079 332 68334 31 5850
72079 332 68337 31 5850
72079 383 69092 294 5850
72079 75 41897 32 5850
72079 382 42618 6 66733 382 5850
72079 382 42618 6 18597 382 5850
72079 382 42618 332 65861 31 5850
72079 382 37504 13 53387 12 5850
72079 332 10045 31 17625 12 5850
72079 332 10045 31 6934 102 5850
72079 332 1705 31 12507 102 5850
72079 332 29065 31 29568 12 5850
72079 373 30973 102 16044 102 5850
72079 373 30973 102 58630 102 5850
72079 373 30973 102 54091 102 5850
72079 373 30973 102 42590 102 5850
72079 373 30973 102 11695 102 5850
72079 105 27339 172 63489 102 31443 12 5850
72079 105 27339 172 40266 102 52511 102 5850
72079 105 27339 172 40266 102 17922 102 5850
72079 382 30430 359 65917 373 13769 102 5850
72079 382 30430 359 65917 164 57783 102 5850
72079 300 62434 211 66747 102 32161 102 5850
72079 332 65855 31 55642 144 8645 355 5850
72079 256 54168 254 49424 102 48965 102 5850
72079 256 54168 254 49424 102 5729 102 5850
72079 373 30973 102 54091 102 37354 12 5850
72079 373 30973 102 54091 102 37354 13 5850
