72079 382 56441
72079 332 10045 31 56441
72079 332 65855 31 56441
72079 332 65857 31 56441
72079 332 29052 31 56441
72079 332 29065 31 56441
72079 332 29064 31 56441
72079 332 23453 31 56441
72079 382 37878 369 33054 277 56441
72079 382 56645 358 9577 28 56441
72079 382 56645 359 57906 102 56441
72079 382 5850 332 65861 31 56441
72079 382 60222 252 24578 252 56441
72079 382 42618 358 51607 28 56441
72079 382 65305 342 34687 303 56441
72079 382 65305 342 58777 303 56441
72079 382 42278 321 24058 196 56441
72079 373 51172 358 44550 28 56441
72079 373 51172 358 20976 28 56441
72079 373 20689 358 43201 28 56441
72079 373 20689 252 6067 151 56441
72079 300 62434 211 6717 342 35916 303 56441
72079 332 23453 31 44195 342 46394 303 56441
72079 75 41897 28 16804 358 22581 28 56441
72079 75 41897 28 16804 358 17923 28 56441
72079 382 37878 369 33054 252 19535 358 34108 28 56441
