72079 382 30109
72079 332 1707 31 30109
72079 332 10045 31 30109
72079 332 1705 31 30109
72079 332 60031 31 30109
72079 332 65855 31 30109
72079 332 65853 31 30109
72079 332 65857 31 30109
72079 332 29052 31 30109
72079 332 68339 31 30109
72079 332 68338 31 30109
72079 332 40312 31 30109
72079 373 59220 382 30109
72079 164 6526 358 30109
72079 382 37878 369 33054 358 30109
72079 382 56645 358 9577 28 30109
72079 382 5850 332 65861 31 30109
72079 382 42618 358 51607 28 30109
72079 382 429 358 45309 358 30109
72079 332 10045 31 8203 358 30109
72079 332 65855 31 4637 358 30109
72079 332 51358 369 41154 342 30109
72079 373 59220 332 40313 31 30109
72079 373 58806 332 12804 31 30109
72079 383 69092 75 11436 358 30109
72079 383 69092 75 12576 358 30109
72079 383 69092 294 17726 28 30109
72079 75 41897 277 64632 303 30109
72079 382 37878 369 33054 277 30480 358 30109
72079 382 56645 358 9577 28 616 358 30109
72079 382 56645 358 9577 28 66670 358 30109
72079 382 42618 358 51607 28 27508 358 30109
72079 300 66239 88 6422 217 17518 303 30109
72079 300 66239 88 6422 217 17518 342 30109
72079 332 1705 31 32824 28 36574 358 30109
72079 382 56441 321 24058 13 34023 215 51426 260 53319 358 30109
