72079 382 42618
72079 332 1707 31 42618
72079 332 10045 31 42618
72079 332 1705 31 42618
72079 332 65855 31 42618
72079 332 65853 31 42618
72079 332 65856 31 42618
72079 332 29052 31 42618
72079 332 29065 31 42618
72079 332 29064 31 42618
72079 332 23453 31 42618
72079 332 29061 31 42618
72079 332 32380 31 42618
72079 332 68334 31 42618
72079 332 68339 31 42618
72079 332 68338 31 42618
72079 332 68336 31 42618
72079 332 68337 31 42618
72079 382 37878 369 33054 277 42618
72079 382 37878 369 33054 151 42618
72079 382 56645 358 9577 28 42618
72079 382 5850 6 66733 382 42618
72079 382 5850 6 18597 382 42618
72079 382 5850 332 65861 31 42618
72079 382 56441 358 51607 28 42618
72079 382 65513 6 46549 382 42618
72079 300 62434 211 73239 382 42618
72079 256 54168 254 8505 382 42618
72079 373 59220 252 50112 151 42618
72079 373 59220 252 50112 252 42618
72079 373 59220 252 11053 252 42618
72079 373 59220 252 11053 151 42618
72079 373 58806 252 1581 252 42618
72079 373 58806 252 1581 151 42618
72079 373 58806 151 66347 252 42618
72079 373 58806 151 66347 151 42618
72079 105 27339 172 14740 279 29502 284 42618
72079 382 30109 28 616 358 38735 28 42618
72079 300 62434 211 19869 15 1949 382 42618
72079 332 65853 31 46955 284 21270 279 42618
72079 332 29052 31 67168 284 21046 279 42618
