4445 342 65814
4445 303 65814
4445 75 33054 252 65814
4445 383 11708 342 65814
4445 383 11708 303 65814
4445 75 33054 277 64735 342 65814
4445 75 33054 277 64735 303 65814
4445 75 33054 277 1444 342 65814
4445 75 33054 277 1444 303 65814
4445 75 33054 277 46670 342 65814
4445 75 33054 277 46670 303 65814
4445 75 33054 277 28860 342 65814
4445 75 33054 277 28860 303 65814
4445 75 33054 277 73559 342 65814
4445 75 33054 277 73559 303 65814
4445 75 33054 277 13839 342 65814
4445 75 33054 277 13839 303 65814
4445 75 33054 277 12956 342 65814
4445 75 33054 277 12956 303 65814
4445 75 33054 252 73217 342 65814
4445 75 33054 252 73217 303 65814
4445 75 33054 252 19515 342 65814
4445 75 33054 252 19515 303 65814
4445 75 33054 252 67308 342 65814
4445 75 33054 252 67308 303 65814
4445 75 33054 252 32824 342 65814
4445 75 33054 252 32824 303 65814
4445 383 69092 294 23029 342 65814
4445 383 69092 294 23029 303 65814
4445 383 69092 294 59413 303 65814
4445 383 69092 294 40496 342 65814
4445 383 69092 294 40496 303 65814
4445 383 69092 294 68560 303 65814
4445 383 71850 383 14796 303 65814
4445 383 11708 332 3992 31 65814
4445 28 73592 358 37302 342 65814
4445 28 73592 358 37302 303 65814
4445 332 65853 31 33971 342 65814
4445 332 65853 31 33971 303 65814
4445 332 65853 31 58769 342 65814
4445 332 65853 31 58769 303 65814
4445 332 65853 31 22772 342 65814
4445 332 65853 31 22772 303 65814
4445 332 65853 31 24817 369 65814
4445 332 65853 31 29254 342 65814
4445 332 65853 31 29254 303 65814
4445 332 65853 31 52672 342 65814
4445 332 65853 31 52672 303 65814
4445 332 65853 31 16721 342 65814
4445 332 65853 31 16721 303 65814
4445 332 65853 31 73875 342 65814
4445 332 65853 31 73875 303 65814
4445 332 65853 31 39527 303 65814
4445 332 65857 31 74553 342 65814
4445 332 65857 31 74553 303 65814
4445 332 65861 31 6894 342 65814
4445 332 65861 31 1671 303 65814
4445 332 29052 31 37028 342 65814
4445 332 29052 31 55217 342 65814
4445 332 29052 31 28591 342 65814
4445 332 29052 31 28591 303 65814
4445 332 29052 31 7212 303 65814
4445 332 29065 31 69462 303 65814
4445 332 29064 31 17897 342 65814
4445 332 29064 31 17897 303 65814
4445 332 68334 31 64228 303 65814
4445 75 33054 277 24797 151 22958 277 65814
4445 383 69092 277 65855 31 30952 342 65814
4445 383 69092 277 65855 31 30952 303 65814
4445 332 6058 31 50691 342 65897 342 65814
4445 332 6058 31 50691 342 65897 303 65814
4445 332 68334 31 75321 369 68890 342 65814
4445 332 68334 31 75321 369 68890 303 65814
4445 75 33054 277 52898 334 48806 6 34234 342 65814
4445 75 33054 277 52898 334 48806 6 34234 303 65814
