65897 342 65814
65897 303 65814
65897 342 50691 237 39527 303 65814
65897 342 50691 282 72858 155 1444 342 65814
65897 342 50691 282 72858 155 1444 303 65814
65897 342 50691 282 72858 397 69462 303 65814
65897 342 50691 282 72858 397 12956 342 65814
65897 342 50691 282 72858 397 12956 303 65814
65897 342 50691 282 72858 397 59413 303 65814
65897 342 50691 282 72858 397 40496 342 65814
65897 342 50691 282 72858 397 40496 303 65814
65897 342 50691 282 72858 397 68560 303 65814
65897 342 50691 282 72858 397 73875 342 65814
65897 342 50691 282 72858 397 73875 303 65814
65897 342 50691 282 72858 397 14796 303 65814
65897 342 50691 297 61222 231 73559 342 65814
65897 342 50691 297 61222 231 73559 303 65814
65897 342 50691 297 61222 231 23029 342 65814
65897 342 50691 297 61222 231 23029 303 65814
65897 342 50691 297 61222 231 11708 342 65814
65897 342 50691 297 61222 231 11708 303 65814
65897 342 50691 297 61222 231 28860 342 65814
65897 342 50691 297 61222 231 28860 303 65814
65897 342 50691 332 6058 31 19515 342 65814
65897 342 50691 332 6058 31 19515 303 65814
65897 342 50691 332 6058 31 4445 342 65814
65897 342 50691 332 6058 31 4445 303 65814
65897 342 50691 332 6058 31 13839 342 65814
65897 342 50691 332 6058 31 13839 303 65814
65897 342 50691 332 68339 31 29254 342 65814
65897 342 50691 332 68339 31 29254 303 65814
65897 342 50691 332 68339 151 33054 252 65814
65897 354 38990 332 29065 31 73217 342 65814
65897 354 38990 332 29065 31 73217 303 65814
65897 354 38990 332 29065 31 67308 342 65814
65897 354 38990 332 29065 31 67308 303 65814
65897 354 38990 332 29065 31 33971 342 65814
65897 354 38990 332 29065 31 33971 303 65814
65897 354 38990 332 29065 31 58769 342 65814
65897 354 38990 332 29065 31 58769 303 65814
65897 354 38990 332 29065 31 22772 342 65814
65897 354 38990 332 29065 31 22772 303 65814
65897 354 38990 332 29065 31 37302 342 65814
65897 354 38990 332 29065 31 37302 303 65814
65897 354 38990 332 29065 31 32824 342 65814
65897 354 38990 332 29065 31 32824 303 65814
65897 354 38990 332 29065 31 52672 342 65814
65897 354 38990 332 29065 31 52672 303 65814
65897 354 38990 332 29065 31 16721 342 65814
65897 354 38990 332 29065 31 16721 303 65814
65897 342 50691 282 72858 155 65908 332 3992 31 65814
65897 342 50691 282 72858 397 47724 282 46670 342 65814
65897 342 50691 282 72858 397 47724 282 46670 303 65814
65897 342 50691 297 61222 231 38334 240 17897 342 65814
65897 342 50691 297 61222 231 38334 240 17897 303 65814
65897 342 50691 237 50985 332 10045 31 24817 369 65814
65897 342 50691 237 50985 332 65853 31 64735 342 65814
65897 342 50691 237 50985 332 65853 31 64735 303 65814
65897 342 50691 237 50985 332 29052 31 37028 342 65814
65897 342 50691 237 50985 332 29052 31 55217 342 65814
65897 342 50691 237 50985 332 29052 31 28591 342 65814
65897 342 50691 237 50985 332 29052 31 28591 303 65814
65897 342 50691 237 50985 332 29052 31 7212 303 65814
65897 342 50691 237 50985 332 68334 31 64228 303 65814
65897 342 50691 237 39527 332 65856 31 74553 342 65814
65897 342 50691 237 39527 332 65856 31 74553 303 65814
65897 342 50691 332 68339 31 15927 369 22958 277 65814
65897 354 38990 332 29065 31 43655 28 6894 342 65814
65897 342 50691 282 72858 155 40298 332 65861 31 1671 303 65814
65897 342 50691 282 72858 155 65908 332 65855 31 30952 342 65814
65897 342 50691 282 72858 155 65908 332 65855 31 30952 303 65814
65897 342 50691 282 72858 397 50192 151 48806 6 34234 342 65814
65897 342 50691 282 72858 397 50192 151 48806 6 34234 303 65814
65897 342 50691 237 50985 332 68334 31 75321 369 68890 342 65814
65897 342 50691 237 50985 332 68334 31 75321 369 68890 303 65814
