68890 342 65814
68890 303 65814
68890 277 75321 332 68334 31 64735 342 65814
68890 277 75321 332 68334 31 64735 303 65814
68890 277 75321 332 68334 31 37028 342 65814
68890 277 75321 332 68334 31 73217 342 65814
68890 277 75321 332 68334 31 73217 303 65814
68890 277 75321 332 68334 31 1444 342 65814
68890 277 75321 332 68334 31 1444 303 65814
68890 277 75321 332 68334 31 67308 342 65814
68890 277 75321 332 68334 31 67308 303 65814
68890 277 75321 332 68334 31 33971 342 65814
68890 277 75321 332 68334 31 33971 303 65814
68890 277 75321 332 68334 31 58769 342 65814
68890 277 75321 332 68334 31 58769 303 65814
68890 277 75321 332 68334 31 4445 342 65814
68890 277 75321 332 68334 31 4445 303 65814
68890 277 75321 332 68334 31 22772 342 65814
68890 277 75321 332 68334 31 22772 303 65814
68890 277 75321 332 68334 31 7212 303 65814
68890 277 75321 332 68334 31 73559 342 65814
68890 277 75321 332 68334 31 73559 303 65814
68890 277 75321 332 68334 31 64228 303 65814
68890 277 75321 332 68334 31 13839 342 65814
68890 277 75321 332 68334 31 13839 303 65814
68890 277 75321 332 68334 31 40496 342 65814
68890 277 75321 332 68334 31 40496 303 65814
68890 277 75321 332 68334 31 12956 342 65814
68890 277 75321 332 68334 31 12956 303 65814
68890 277 75321 332 68334 31 46683 369 33054 252 65814
68890 277 75321 332 68334 31 72079 332 3992 31 65814
68890 277 75321 332 68334 31 64880 397 59413 303 65814
68890 277 75321 332 68334 31 73217 342 37302 342 65814
68890 277 75321 332 68334 31 73217 342 37302 303 65814
68890 277 75321 332 68334 31 73217 342 32824 342 65814
68890 277 75321 332 68334 31 73217 342 32824 303 65814
68890 277 75321 332 68334 31 33971 277 24817 369 65814
68890 277 75321 332 68334 31 31842 369 22958 277 65814
68890 277 75321 332 68334 31 4445 383 11708 342 65814
68890 277 75321 332 68334 31 4445 383 11708 303 65814
68890 277 75321 332 68334 31 43655 28 23029 342 65814
68890 277 75321 332 68334 31 43655 28 23029 303 65814
68890 277 75321 332 68334 31 43655 28 6894 342 65814
68890 277 75321 332 68334 31 43655 28 29254 342 65814
68890 277 75321 332 68334 31 43655 28 29254 303 65814
68890 277 75321 332 68334 31 18843 93 68560 303 65814
68890 277 75321 332 68334 252 69092 75 19515 342 65814
68890 277 75321 332 68334 252 69092 75 19515 303 65814
68890 277 75321 332 68334 31 15024 332 1707 31 73875 342 65814
68890 277 75321 332 68334 31 15024 332 1707 31 73875 303 65814
68890 277 75321 332 68334 31 15024 332 10045 31 52672 342 65814
68890 277 75321 332 68334 31 15024 332 10045 31 52672 303 65814
68890 277 75321 332 68334 31 15024 332 1705 31 16721 342 65814
68890 277 75321 332 68334 31 15024 332 1705 31 16721 303 65814
68890 277 75321 332 68334 31 15024 332 65855 31 30952 342 65814
68890 277 75321 332 68334 31 15024 332 65855 31 30952 303 65814
68890 277 75321 332 68334 31 15024 332 65853 31 39527 303 65814
68890 277 75321 332 68334 31 15024 332 65857 31 74553 342 65814
68890 277 75321 332 68334 31 15024 332 65857 31 74553 303 65814
68890 277 75321 332 68334 31 15024 332 65857 31 46670 342 65814
68890 277 75321 332 68334 31 15024 332 65857 31 46670 303 65814
68890 277 75321 332 68334 31 15024 332 29052 31 55217 342 65814
68890 277 75321 332 68334 31 15024 332 29052 31 28591 342 65814
68890 277 75321 332 68334 31 15024 332 29052 31 28591 303 65814
68890 277 75321 332 68334 31 15024 332 29052 31 14796 303 65814
68890 277 75321 332 68334 31 15024 332 29065 31 69462 303 65814
68890 277 75321 332 68334 31 15024 332 29064 31 17897 342 65814
68890 277 75321 332 68334 31 15024 332 29064 31 17897 303 65814
68890 277 75321 332 68334 31 70136 332 65861 31 1671 303 65814
68890 277 75321 332 68334 31 70136 332 65861 31 28860 342 65814
68890 277 75321 332 68334 31 70136 332 65861 31 28860 303 65814
68890 277 75321 332 68334 31 50985 237 50691 342 65897 342 65814
68890 277 75321 332 68334 31 50985 237 50691 342 65897 303 65814
68890 277 75321 332 68334 31 35542 352 52898 334 48806 6 34234 342 65814
68890 277 75321 332 68334 31 35542 352 52898 334 48806 6 34234 303 65814
