7846 342 64880
7846 303 64880
7846 342 73460 28 26537 358 64880
7846 342 73460 28 73592 277 64880
7846 342 73460 332 65857 31 64880
7846 342 73460 332 65856 31 64880
7846 342 73460 332 65861 31 64880
7846 342 73460 332 68338 31 64880
7846 342 73460 213 58833 121 64880
7846 342 73460 397 47724 282 64880
7846 342 73460 396 54516 35 64880
7846 342 58804 332 10045 31 64880
7846 342 58804 332 1705 31 64880
7846 342 58804 332 60305 31 64880
7846 342 58804 332 60031 31 64880
7846 342 58804 332 65855 31 64880
7846 342 58804 332 65853 31 64880
7846 342 58804 332 6058 31 64880
7846 342 58804 332 29052 31 64880
7846 342 58804 332 35877 31 64880
7846 342 58804 332 68334 31 64880
7846 342 58804 332 68336 31 64880
7846 342 58804 332 68337 31 64880
7846 342 58804 397 59413 282 64880
7846 32 29427 385 54168 141 64880
7846 114 18597 373 26494 356 64880
7846 32 29427 75 33054 252 51352 31 64880
7846 32 29427 383 69092 277 40308 31 64880
7846 32 29427 342 25928 332 40316 31 64880
7846 32 29427 310 1444 332 3980 31 64880
7846 32 29427 321 32357 332 51816 31 64880
7846 342 73460 300 62434 211 44079 5 56059 130 64880
7846 336 14504 255 49761 172 63771 105 11414 336 64880
7846 342 58804 332 10045 31 57526 377 10911 238 70957 252 47970 369 64880
