38128 130 63974
38128 141 63974
38128 382 586 15 63974
38128 382 586 130 63974
38128 382 586 141 63974
38128 15 63319 382 10141 369 63974
38128 15 63319 382 61075 6 63974
38128 15 11658 172 52734 105 63974
38128 15 17875 143 37487 359 63974
38128 382 69443 15 32655 382 63974
38128 382 69443 15 32655 15 63974
38128 382 69443 15 32655 6 63974
38128 382 69443 357 69567 356 63974
38128 382 69443 357 20150 356 63974
38128 382 69443 357 35617 356 63974
38128 382 69443 143 67512 151 63974
38128 382 69443 255 52103 6 63974
38128 382 69443 396 51813 15 63974
38128 382 69443 266 61575 113 63974
38128 382 69443 266 55711 113 63974
38128 382 69443 266 23809 151 63974
38128 382 69443 266 33805 359 63974
38128 382 69443 372 46142 130 63974
38128 382 69443 372 46142 141 63974
38128 382 69443 372 37617 35 63974
38128 382 69443 372 37617 141 63974
38128 300 62434 211 72687 130 63974
38128 300 62434 211 72687 141 63974
38128 203 60073 373 63489 356 63974
38128 203 60073 102 38570 359 63974
38128 15 70550 332 1705 31 34541 342 63974
38128 15 70550 332 29065 31 13908 359 63974
38128 15 70550 151 41897 277 43025 369 63974
38128 15 70550 151 41897 277 43025 358 63974
38128 15 70550 75 33054 277 64797 151 63974
38128 15 70550 297 61222 20 20249 392 63974
38128 15 17875 143 37487 303 58189 342 63974
38128 382 28644 359 57906 102 64053 151 63974
38128 382 48224 358 65161 28 74735 151 63974
38128 382 586 382 67973 252 13492 358 63974
38128 382 69443 101 72702 337 23834 357 24939 356 63974
