38128 141 42173
38128 141 14736 105 42173
38128 15 70550 332 65857 31 42173
38128 15 70550 332 29065 31 42173
38128 382 42522 28 5135 217 42173
38128 382 42522 28 61953 217 42173
38128 104 69092 294 72838 105 42173
38128 141 66245 147 57560 105 42173
38128 141 14736 172 64790 105 42173
38128 398 75055 258 37269 255 2907 356 42173
38128 382 69443 255 52103 357 10184 356 42173
38128 382 69443 255 52103 54 69459 249 42173
38128 382 69443 255 52103 271 48306 141 42173
38128 382 69443 255 52103 271 28427 141 42173
38128 15 70550 332 1705 31 67768 114 46792 105 42173
