38128 141 31011
38128 15 63319 15 44022 147 31011
38128 15 63319 15 44534 147 31011
38128 15 63319 15 69304 147 31011
38128 15 63319 15 1293 147 31011
38128 15 63319 15 74492 147 31011
38128 15 63319 15 45970 147 31011
38128 15 63319 15 74368 147 31011
38128 15 63319 15 51209 147 31011
38128 15 63319 15 44680 147 31011
38128 15 63319 15 65877 147 31011
38128 15 63319 15 9678 147 31011
38128 15 70550 256 54168 254 31011
38128 15 70550 256 54168 141 31011
38128 15 70550 297 61222 231 31011
38128 382 2748 6 8511 147 31011
38128 382 2748 6 46711 147 31011
38128 382 2748 6 15254 147 31011
38128 382 2748 6 7077 147 31011
38128 382 2748 6 11756 147 31011
38128 382 2748 6 57080 147 31011
38128 382 2748 6 15104 147 31011
38128 382 2748 6 48679 147 31011
38128 382 2748 6 64733 147 31011
38128 382 2748 6 14148 147 31011
38128 300 62434 211 72687 147 31011
38128 300 62434 211 19847 294 31011
38128 217 9911 5 52094 147 31011
38128 217 9911 5 5190 147 31011
38128 217 9911 5 56943 147 31011
38128 217 9911 5 27581 147 31011
38128 217 9911 5 71812 147 31011
38128 217 9911 5 23800 147 31011
38128 80 38944 315 56194 147 31011
38128 80 38944 315 47172 147 31011
38128 85 17058 112 55784 147 31011
38128 85 64632 249 75101 294 31011
38128 130 10306 271 21435 22 31011
38128 265 60841 277 29427 114 31011
38128 104 69092 114 41756 294 31011
38128 104 69092 294 5466 93 31011
38128 104 69092 294 75274 294 31011
38128 141 14736 396 54516 35 31011
38128 141 14736 396 58146 35 31011
38128 104 69092 75 22668 91 2345 147 31011
38128 104 69092 294 15433 385 64451 147 31011
38128 300 62434 211 32131 8 61259 25 12155 294 31011
