38128 141 66245
38128 300 62434 211 66245
38128 15 70550 332 1705 31 66245
38128 15 70550 332 65855 31 66245
38128 15 70550 332 65853 31 66245
38128 15 70550 332 65857 31 66245
38128 15 70550 332 65856 31 66245
38128 15 70550 332 29052 31 66245
38128 15 70550 332 29065 31 66245
38128 15 70550 332 29064 31 66245
38128 15 70550 332 23453 31 66245
38128 15 70550 332 29061 31 66245
38128 15 70550 332 68334 31 66245
38128 15 70550 332 68338 31 66245
38128 15 70550 332 68337 31 66245
38128 15 70550 332 12340 31 66245
38128 15 70550 256 54168 254 66245
38128 15 70550 75 33054 277 66245
38128 15 11658 143 69742 113 66245
38128 15 28376 332 10045 31 66245
38128 15 28376 332 32380 31 66245
38128 15 28376 332 68336 31 66245
38128 15 28376 332 68339 31 66245
38128 382 15024 332 1707 31 66245
38128 300 62434 211 69659 102 66245
38128 141 42173 172 57560 164 66245
38128 141 42173 172 57560 398 66245
38128 15 70550 332 29065 31 41281 6 66245
38128 15 70550 332 29065 31 41281 277 66245
38128 382 7417 213 59108 121 40692 164 66245
38128 382 7417 213 59108 121 40692 15 66245
38128 382 7417 213 59108 121 40692 398 66245
