38128 141 14736
38128 398 75055 15 14736
38128 398 75055 130 14736
38128 398 75055 369 14736
38128 398 75055 141 14736
38128 382 28806 6 14736
38128 382 7417 172 14736
38128 141 42173 172 14736
38128 15 70550 332 65853 31 14736
38128 15 70550 332 65857 31 14736
38128 15 70550 332 29052 31 14736
38128 15 70550 332 29065 31 14736
38128 15 70550 332 29064 31 14736
38128 15 70550 332 23453 31 14736
38128 15 11658 172 52734 172 14736
38128 15 11658 172 52734 105 14736
38128 15 11658 143 69742 113 14736
38128 398 32864 130 70609 172 14736
38128 398 32864 130 70609 105 14736
38128 382 12035 6 19408 172 14736
38128 382 12035 6 19408 105 14736
38128 382 30522 6 58806 369 14736
38128 382 30522 6 58806 358 14736
38128 382 69443 255 52103 105 14736
38128 85 17058 112 38490 254 14736
38128 85 17058 112 38490 35 14736
38128 85 17058 112 38490 130 14736
38128 85 17058 112 38490 141 14736
38128 104 69092 294 72838 105 14736
38128 141 66245 147 57560 172 14736
38128 141 42173 172 64790 105 14736
38128 141 42173 172 64790 172 14736
38128 141 31011 396 54516 35 14736
38128 141 31011 396 58146 35 14736
38128 15 70550 332 65853 31 58243 172 14736
38128 15 70550 332 65853 31 58243 105 14736
38128 15 70550 332 29052 31 34222 356 14736
38128 15 70550 332 29064 31 22829 172 14736
38128 15 70550 332 29064 31 22829 105 14736
38128 15 11658 172 52734 172 56402 105 14736
38128 15 11658 172 52734 172 20874 105 14736
38128 15 11658 143 69742 113 65636 105 14736
38128 15 11658 143 69742 113 65636 172 14736
38128 15 28376 105 27339 172 69195 105 14736
38128 398 75055 382 15562 303 68204 249 14736
38128 398 75055 382 15562 28 66223 356 14736
38128 398 75055 258 37269 336 30687 105 14736
38128 398 75055 258 37269 336 74334 172 14736
38128 398 75055 258 37269 336 74334 105 14736
38128 398 75055 258 37269 336 48732 172 14736
38128 398 75055 258 37269 336 48732 105 14736
38128 398 75055 258 37269 336 60344 172 14736
38128 398 75055 258 37269 336 60344 105 14736
38128 398 75055 258 37269 336 68843 105 14736
38128 398 75055 258 37269 357 27341 356 14736
38128 398 75055 258 37269 357 72384 356 14736
38128 398 75055 258 37269 357 7330 356 14736
38128 398 75055 258 37269 357 16026 356 14736
38128 398 75055 258 37269 357 13737 356 14736
38128 398 75055 258 37269 54 33622 249 14736
38128 398 75055 258 37269 372 57101 130 14736
38128 398 75055 258 37269 372 38561 130 14736
38128 382 30522 6 58806 105 32690 105 14736
38128 382 69443 255 52103 336 52489 172 14736
38128 382 69443 255 52103 336 52489 105 14736
38128 382 7417 105 63771 172 72144 172 14736
38128 382 7417 105 63771 172 72144 105 14736
38128 382 7417 105 63771 172 55165 172 14736
38128 382 7417 105 63771 172 55165 105 14736
38128 300 62434 211 44084 172 18521 172 14736
38128 300 62434 211 44084 172 18521 105 14736
