38128 141 52920
38128 300 62434 211 52920
38128 104 69092 294 52920
38128 15 70550 332 65855 31 52920
38128 15 70550 332 65853 31 52920
38128 15 70550 332 65857 31 52920
38128 15 70550 332 65856 31 52920
38128 15 70550 332 29052 31 52920
38128 15 70550 332 29065 31 52920
38128 15 70550 332 29064 31 52920
38128 15 70550 332 23453 31 52920
38128 15 70550 332 29061 31 52920
38128 15 70550 151 41897 252 52920
38128 15 70550 369 53811 277 52920
38128 15 70550 358 51607 28 52920
38128 15 70550 75 33054 32 52920
38128 15 11658 172 52734 105 52920
38128 15 28376 105 27339 172 52920
38128 15 28376 356 18597 373 52920
38128 15 63319 382 61075 358 9577 28 52920
38128 15 70550 102 3052 359 65917 102 52920
