4373 130 5558
4373 141 5558
4373 252 5558
4373 254 5558
4373 35 5558
4373 130 24800 336 44160 255 5558
4373 130 24800 336 38784 255 5558
4373 130 24800 102 41766 359 5558
4373 130 24800 102 34709 359 5558
4373 130 24800 102 68886 359 5558
4373 130 24800 102 45772 359 5558
4373 130 24800 102 37160 359 5558
4373 130 24800 102 61847 359 5558
4373 130 24800 102 3064 359 5558
4373 130 24800 102 4824 359 5558
4373 130 24800 102 64310 359 5558
4373 130 24800 102 42095 359 5558
4373 130 24800 102 36131 359 5558
4373 130 24800 102 48010 359 5558
4373 130 24800 102 36624 359 5558
4373 130 24800 102 59034 359 5558
4373 130 24800 102 30692 359 5558
4373 130 24800 102 65649 359 5558
4373 130 24800 102 33649 359 5558
4373 130 24800 102 22230 359 5558
4373 130 24800 102 50473 359 5558
4373 130 24800 102 38501 359 5558
4373 130 24800 143 9610 113 5558
4373 130 24800 143 34165 113 5558
4373 130 69865 271 56010 141 5558
