8314 141 11583
8314 254 11583
8314 206 25720 295 11583
8314 251 62938 190 11583
8314 251 40438 190 11583
8314 206 25720 373 48204 96 11583
8314 206 25720 373 48204 275 11583
8314 206 25720 373 45887 96 11583
8314 206 25720 373 45887 275 11583
8314 206 25720 325 42909 254 11583
8314 206 25720 325 63115 254 11583
8314 206 25720 295 62223 275 11583
8314 206 25720 295 62223 96 11583
8314 206 25720 295 8678 96 11583
8314 206 25720 295 8678 275 11583
8314 206 25720 295 60255 96 11583
8314 206 25720 295 60255 275 11583
8314 206 25720 295 72579 96 11583
8314 206 25720 295 72579 275 11583
8314 206 25720 295 13658 96 11583
8314 206 25720 295 13658 275 11583
8314 206 25720 295 63705 96 11583
8314 206 25720 295 63705 275 11583
8314 206 25720 295 19732 96 11583
8314 206 25720 295 19732 275 11583
8314 206 25720 295 24713 96 11583
8314 206 25720 295 24713 275 11583
8314 206 25720 295 9271 96 11583
8314 206 25720 295 9271 275 11583
8314 206 25720 295 66372 96 11583
8314 206 25720 295 66372 275 11583
8314 206 25720 295 63542 96 11583
8314 206 25720 295 63542 275 11583
8314 206 25720 295 56638 96 11583
8314 206 25720 295 56638 275 11583
8314 206 25720 295 22834 96 11583
8314 206 25720 295 22834 275 11583
8314 206 25720 295 22834 111 11583
8314 206 25720 295 18204 96 11583
8314 206 25720 295 18204 275 11583
8314 206 25720 295 42192 96 11583
8314 206 25720 295 42192 275 11583
8314 206 25720 295 66729 275 11583
8314 206 25720 295 50790 96 11583
8314 206 25720 295 50790 275 11583
8314 206 25720 295 36138 96 11583
8314 206 25720 295 36138 275 11583
8314 206 25720 295 66781 96 11583
8314 206 25720 295 66781 275 11583
8314 206 25720 295 71406 96 11583
8314 206 25720 295 71406 275 11583
8314 206 25720 295 25762 96 11583
8314 206 25720 295 25762 275 11583
8314 206 25720 295 5772 96 11583
8314 206 25720 295 5772 275 11583
8314 206 25720 295 27732 96 11583
8314 206 25720 295 27732 275 11583
8314 206 25720 333 42764 233 11583
8314 206 25720 333 14238 226 11583
8314 206 25720 333 67967 233 11583
8314 206 25720 333 67967 226 11583
8314 206 25720 382 75078 96 11583
8314 206 25720 382 75078 275 11583
8314 251 62938 375 44070 226 11583
8314 251 62938 375 60445 233 11583
8314 251 62938 375 60445 226 11583
8314 251 62938 375 60445 217 11583
8314 251 62938 375 54771 226 11583
8314 251 62938 375 20920 254 11583
8314 251 62938 375 20920 165 11583
8314 251 62938 375 2142 254 11583
8314 251 62938 375 2142 141 11583
8314 251 62938 375 17919 35 11583
8314 251 62938 375 74209 254 11583
8314 251 62938 375 49852 254 11583
8314 251 62938 375 49852 141 11583
8314 251 62938 190 59389 96 11583
8314 251 62938 190 59389 275 11583
8314 251 62938 335 11544 122 11583
8314 206 25720 373 23142 393 67410 392 11583
8314 206 25720 373 5011 38 50253 110 11583
8314 206 25720 373 5011 38 5604 110 11583
8314 206 25720 373 45887 38 51403 110 11583
8314 206 25720 295 66372 96 52496 275 11583
8314 206 25720 295 56638 96 12678 275 11583
8314 206 25720 295 56638 38 25572 110 11583
8314 206 25720 295 42192 275 44021 275 11583
8314 206 25720 295 42192 275 44021 96 11583
8314 206 25720 295 25762 5 33272 254 11583
8314 251 62938 375 44070 55 47279 263 11583
