12129 75 48546
12129 75 25961 32 47635 75 48546
12129 75 25961 32 69092 294 48546
12129 75 25961 32 14858 75 48546
12129 252 19933 75 25905 32 48546
12129 252 19933 294 9013 298 48546
12129 252 19933 151 42789 32 48546
12129 252 19933 151 3643 32 48546
12129 75 25961 32 25110 151 41897 32 48546
12129 75 25961 32 14858 114 24640 155 48546
12129 75 25961 151 33054 252 60943 32 48546
12129 75 27067 32 61365 114 46659 155 48546
12129 75 27067 32 61365 114 35200 155 48546
12129 75 27067 32 61365 114 58089 155 48546
12129 75 27067 32 61365 114 58089 32 48546
12129 75 27067 32 61365 114 22277 155 48546
12129 75 27067 32 61365 75 4818 32 48546
12129 75 27067 32 61365 75 10037 32 48546
12129 290 72858 100 58806 369 12211 32 48546
12129 290 72858 397 17630 369 67189 32 48546
12129 290 72858 397 59413 114 58399 155 48546
12129 290 72858 397 47724 114 34150 155 48546
12129 252 19933 75 27162 32 58037 32 48546
12129 252 19933 161 61222 231 47372 75 48546
12129 75 25961 32 61756 369 25328 252 39971 32 48546
12129 75 25961 32 47635 114 60924 155 34162 75 48546
12129 75 25961 32 47635 114 60924 155 19200 75 48546
12129 75 25961 32 47635 114 60924 155 25358 75 48546
12129 75 25961 32 47635 114 60924 155 25358 294 48546
