14858 75 48546
14858 277 47635 75 48546
14858 383 69092 294 48546
14858 114 24640 155 48546
14858 151 41897 32 48546
14858 75 43038 94 9013 298 48546
14858 75 33054 252 42789 32 48546
14858 75 33054 252 60943 32 48546
14858 75 25961 32 12129 75 48546
14858 28 30480 32 34150 155 48546
14858 297 61222 231 47372 75 48546
14858 75 43038 32 19933 75 25905 32 48546
14858 75 43038 32 19933 151 3643 32 48546
14858 75 33054 277 9782 252 58089 155 48546
14858 75 33054 277 9782 252 58089 32 48546
14858 75 33054 277 9782 252 10037 32 48546
14858 75 33054 277 25328 252 39971 32 48546
14858 75 33054 32 2532 114 35200 155 48546
14858 75 33054 32 2532 114 22277 155 48546
14858 75 33054 32 2532 75 4818 32 48546
14858 75 33054 32 58806 369 12211 32 48546
14858 75 33054 369 27162 32 58037 32 48546
14858 75 33054 369 27162 369 67189 32 48546
14858 277 65856 31 59413 114 58399 155 48546
14858 277 47635 114 60924 155 34162 75 48546
14858 277 47635 114 60924 155 19200 75 48546
14858 277 47635 114 60924 155 25358 75 48546
14858 277 47635 114 60924 155 25358 294 48546
14858 114 24640 155 61365 114 46659 155 48546
