34162 75 48546
34162 114 60924 155 47372 75 48546
34162 114 60924 155 12211 32 48546
34162 114 60924 155 19200 75 48546
34162 114 60924 155 47635 75 48546
34162 114 60924 155 58037 32 48546
34162 114 60924 155 34150 155 48546
34162 114 60924 155 25358 75 48546
34162 114 60924 155 25358 294 48546
34162 114 60924 155 69092 294 48546
34162 114 60924 155 66076 75 41897 32 48546
34162 114 60924 155 47635 252 14858 75 48546
34162 114 60924 155 1963 94 9013 298 48546
34162 114 60924 155 16872 75 27162 252 42789 32 48546
34162 114 60924 155 16872 75 27162 369 67189 32 48546
34162 114 60924 155 16872 75 27162 369 10037 32 48546
34162 114 60924 155 16872 75 27162 369 3643 32 48546
34162 114 60924 155 16872 75 27162 369 60943 32 48546
34162 114 60924 155 57074 383 61365 114 46659 155 48546
34162 114 60924 155 57074 383 61365 114 35200 155 48546
34162 114 60924 155 57074 383 61365 114 58089 155 48546
34162 114 60924 155 57074 383 61365 114 58089 32 48546
34162 114 60924 155 57074 383 61365 114 22277 155 48546
34162 114 60924 155 57074 383 61365 114 24640 155 48546
34162 114 60924 155 57074 383 61365 75 25905 32 48546
34162 114 60924 155 57074 383 61365 75 4818 32 48546
34162 114 60924 155 63370 294 19933 75 12129 75 48546
34162 114 60924 155 69841 32 4445 75 39971 32 48546
34162 114 60924 155 69092 294 59413 114 58399 155 48546
