47372 75 48546
47372 114 60924 155 34162 75 48546
47372 114 60924 155 12211 32 48546
47372 114 60924 155 19200 75 48546
47372 114 60924 155 47635 75 48546
47372 114 60924 155 58037 32 48546
47372 114 60924 155 34150 155 48546
47372 114 60924 155 25358 75 48546
47372 114 60924 155 25358 294 48546
47372 114 60924 155 69092 294 48546
47372 297 61222 231 14858 75 48546
47372 114 60924 155 66076 75 41897 32 48546
47372 114 60924 155 1963 94 9013 298 48546
47372 297 61222 294 64021 114 58089 155 48546
47372 297 61222 294 64021 114 58089 32 48546
47372 297 61222 294 64021 114 24640 155 48546
47372 297 61222 294 64021 75 42789 32 48546
47372 297 61222 294 64021 75 39971 32 48546
47372 297 61222 294 64021 75 4818 32 48546
47372 297 61222 294 64021 75 60943 32 48546
47372 297 61222 294 64021 75 10037 32 48546
47372 297 61222 294 64021 75 3643 32 48546
47372 297 61222 231 59413 282 22277 155 48546
47372 297 61222 231 59413 75 25905 32 48546
47372 297 61222 231 59413 114 58399 155 48546
47372 297 61222 231 29164 114 35200 155 48546
47372 297 61222 231 17630 369 67189 32 48546
47372 297 61222 20 19933 75 12129 75 48546
47372 114 60924 155 57074 383 61365 114 46659 155 48546
