47635 75 48546
47635 383 69092 294 48546
47635 252 14858 75 48546
47635 151 41897 32 48546
47635 75 25961 32 12129 75 48546
47635 383 69092 294 9013 298 48546
47635 252 14858 114 24640 155 48546
47635 114 60924 155 34162 75 48546
47635 114 60924 155 47372 75 48546
47635 114 60924 155 12211 32 48546
47635 114 60924 155 19200 75 48546
47635 114 60924 155 58037 32 48546
47635 114 60924 155 34150 155 48546
47635 114 60924 155 25358 75 48546
47635 114 60924 155 25358 294 48546
47635 75 25961 32 18999 252 3643 32 48546
47635 75 25961 32 38944 369 42789 32 48546
47635 75 25961 151 33054 252 60943 32 48546
47635 75 27067 32 61365 114 46659 155 48546
47635 75 27067 32 61365 114 35200 155 48546
47635 75 27067 32 61365 114 58089 155 48546
47635 75 27067 32 61365 114 58089 32 48546
47635 75 27067 32 61365 114 22277 155 48546
47635 75 27067 32 61365 75 25905 32 48546
47635 75 27067 32 61365 75 4818 32 48546
47635 75 27067 32 61365 75 10037 32 48546
47635 290 72858 397 17630 369 67189 32 48546
47635 290 72858 397 59413 114 58399 155 48546
47635 383 69092 294 64021 75 39971 32 48546
