10896 384 73103
10896 80 38944 155 69092 294 73103
10896 85 74615 116 41876 317 73103
10896 384 61656 123 29094 384 73103
10896 384 61656 123 35230 384 73103
10896 384 61656 123 57989 384 73103
10896 384 61656 297 61222 231 73103
10896 384 61656 297 61222 52 73103
10896 384 61656 93 73838 383 73103
10896 384 61656 93 73838 52 73103
10896 384 3650 282 72858 397 73103
10896 384 3650 282 45894 261 73103
10896 384 3650 332 65855 31 73103
10896 384 3650 332 65857 31 73103
10896 384 3650 332 65856 31 73103
10896 384 3650 332 10045 31 73103
10896 384 3650 332 29052 31 73103
10896 384 3650 332 29065 31 73103
10896 384 3650 332 23453 31 73103
10896 384 3650 332 29061 31 73103
10896 384 3650 332 68334 31 73103
10896 384 3650 332 12340 31 73103
10896 384 3650 24 54048 2 73103
10896 384 3650 285 11544 2 73103
10896 384 3650 95 31376 261 73103
10896 384 25456 75 33951 32 73103
10896 384 25456 237 69083 237 73103
10896 384 25456 237 69083 115 73103
10896 265 19933 277 32380 31 73103
10896 265 19933 277 65853 31 73103
10896 217 9911 5 68447 207 18017 2 73103
10896 80 38944 32 67410 75 43225 354 73103
10896 80 38944 310 15756 285 69264 2 73103
10896 384 61656 297 61222 231 3109 52 73103
10896 384 3650 282 72858 100 27205 354 73103
10896 384 3650 124 20608 252 1907 348 73103
10896 217 9911 82 2759 2 47724 45 35715 317 73103
10896 80 38944 155 69092 294 32937 95 9901 261 73103
10896 85 17058 191 41507 384 33365 383 6984 8 43142 25 54962 294 73103
