10896 384 25456
10896 217 9911 5 5190 384 25456
10896 217 9911 5 7077 384 25456
10896 217 9911 5 23800 384 25456
10896 217 9911 5 69700 384 25456
10896 80 38944 315 15630 384 25456
10896 80 38944 91 32904 384 25456
10896 296 48786 99 22832 384 25456
10896 85 17058 112 13120 384 25456
10896 85 17058 112 55784 22 25456
10896 85 74615 116 41876 317 25456
10896 384 61656 123 35230 384 25456
10896 384 61656 123 57989 384 25456
10896 384 61656 297 61222 231 25456
10896 384 61656 297 61222 52 25456
10896 384 61656 93 73838 52 25456
10896 384 3650 282 72858 397 25456
10896 384 3650 282 45401 397 25456
10896 384 3650 282 28156 397 25456
10896 384 3650 282 45894 261 25456
10896 384 3650 282 45894 397 25456
10896 384 3650 123 71660 384 25456
10896 384 3650 75 3941 32 25456
10896 384 3650 332 29065 31 25456
10896 384 3650 332 29064 31 25456
10896 384 3650 332 23453 31 25456
10896 384 3650 90 11979 157 25456
10896 384 3650 24 6452 234 25456
10896 384 3650 24 54048 2 25456
10896 384 3650 24 60697 2 25456
10896 384 3650 24 48074 234 25456
10896 384 3650 285 11544 2 25456
10896 384 3650 285 11544 234 25456
10896 384 3650 95 42215 261 25456
10896 384 3650 95 42215 397 25456
10896 384 3650 95 49546 261 25456
10896 384 3650 95 3223 261 25456
10896 384 3650 95 3223 397 25456
10896 384 3650 95 31376 261 25456
10896 384 3650 95 52785 261 25456
10896 384 73103 75 33951 32 25456
10896 384 73103 237 69083 237 25456
10896 384 73103 237 69083 115 25456
10896 117 3580 334 68823 384 25456
10896 117 3580 334 64780 384 25456
10896 117 3580 334 36387 384 25456
10896 117 3580 334 60272 384 25456
10896 80 38944 75 33054 277 37839 234 25456
10896 217 9911 5 7077 384 65907 45 71176 317 25456
10896 217 9911 249 53751 213 58833 121 66528 261 25456
10896 80 38944 155 69092 294 70253 53 36514 354 25456
10896 384 61656 365 67768 290 66455 100 51461 354 25456
10896 384 61656 365 67768 290 66455 100 51461 369 25456
10896 80 38944 91 1474 254 18792 398 31966 203 46678 261 25456
10896 80 38944 91 1474 254 18792 398 31966 203 46678 397 25456
