10896 384 3650
10896 217 9911 5 45843 83 3650
10896 217 9911 5 7077 384 3650
10896 217 9911 5 28573 384 3650
10896 217 9911 5 27545 83 3650
10896 80 38944 315 30282 83 3650
10896 80 38944 315 75039 83 3650
10896 80 38944 155 69092 75 3650
10896 80 38944 155 69092 114 3650
10896 80 38944 155 69092 32 3650
10896 80 38944 155 69092 151 3650
10896 80 38944 155 69092 277 3650
10896 80 38944 369 3704 277 3650
10896 85 17058 112 13120 384 3650
10896 85 17058 112 26998 384 3650
10896 85 17058 112 38197 83 3650
10896 85 17058 191 58864 83 3650
10896 85 17058 191 41507 83 3650
10896 85 74615 116 41876 317 3650
10896 384 61656 123 35230 384 3650
10896 384 61656 123 57989 384 3650
10896 384 61656 297 61222 231 3650
10896 384 61656 93 73838 52 3650
10896 384 25456 123 71660 384 3650
10896 384 25456 282 72858 397 3650
10896 384 25456 282 45401 397 3650
10896 384 25456 282 28156 397 3650
10896 384 25456 282 42215 261 3650
10896 384 25456 282 3223 261 3650
10896 384 25456 282 45894 261 3650
10896 384 25456 282 45894 397 3650
10896 384 25456 75 3941 32 3650
10896 384 25456 332 23453 31 3650
10896 384 25456 332 29064 31 3650
10896 384 25456 332 29065 31 3650
10896 384 25456 90 11979 157 3650
10896 384 25456 24 6452 234 3650
10896 384 25456 24 48074 234 3650
10896 384 25456 24 11544 2 3650
10896 384 25456 285 54048 2 3650
10896 384 25456 285 54048 234 3650
10896 384 25456 285 60697 2 3650
10896 384 25456 285 60697 234 3650
10896 384 25456 95 49546 261 3650
10896 384 25456 95 31376 261 3650
10896 384 25456 95 52785 261 3650
10896 384 73103 332 10045 31 3650
10896 384 73103 332 65855 31 3650
10896 384 73103 332 65856 31 3650
10896 384 73103 332 65857 31 3650
10896 384 73103 332 29052 31 3650
10896 384 73103 332 29061 31 3650
10896 384 73103 332 68334 31 3650
10896 384 73103 332 12340 31 3650
10896 117 3580 334 3850 384 3650
10896 117 3580 334 14463 384 3650
10896 117 3580 334 19728 384 3650
10896 117 3580 334 60314 384 3650
10896 117 3580 334 55941 384 3650
10896 117 3580 334 57492 384 3650
10896 117 3580 334 14454 384 3650
10896 117 3580 334 50525 384 3650
10896 265 60841 277 1705 31 3650
10896 265 62261 75 19847 310 3650
10896 265 62261 75 19847 369 3650
10896 265 62261 75 19364 354 3650
10896 265 19933 277 60308 31 3650
10896 265 19933 277 60031 31 3650
10896 265 19933 277 35877 31 3650
10896 265 19933 332 65861 31 3650
10896 265 19933 332 23447 31 3650
10896 265 19933 332 23446 31 3650
10896 265 19933 332 26184 31 3650
10896 265 19933 332 59840 31 3650
10896 217 9911 5 38128 300 62434 211 3650
10896 217 9911 5 23800 27 20624 384 3650
10896 217 9911 5 37057 223 10758 83 3650
10896 217 9911 5 37057 243 74375 83 3650
10896 217 9911 5 69700 127 57386 83 3650
10896 217 9911 111 52706 63 10840 369 3650
10896 217 9911 82 2759 287 26016 83 3650
10896 217 9911 82 2759 287 25818 83 3650
10896 217 9911 82 2759 287 44463 83 3650
10896 217 9911 82 2759 287 16542 83 3650
10896 217 9911 82 2759 287 14492 83 3650
10896 217 9911 82 2759 287 70999 83 3650
10896 217 9911 82 2759 287 67353 83 3650
10896 217 9911 82 2759 287 53599 83 3650
10896 217 9911 82 2759 287 12648 83 3650
10896 80 38944 315 39576 398 69306 83 3650
10896 80 38944 315 5496 130 7431 397 3650
10896 80 38944 91 20058 332 6058 31 3650
10896 80 38944 28 25961 32 35524 369 3650
10896 80 38944 28 25961 32 11210 354 3650
10896 80 38944 155 69092 151 12802 31 3650
10896 80 38944 155 69092 151 68336 31 3650
10896 80 38944 155 69092 277 60309 31 3650
10896 80 38944 155 69092 277 60306 31 3650
10896 80 38944 155 69092 277 68807 31 3650
10896 80 38944 155 69092 277 51359 31 3650
10896 80 38944 155 69092 277 54136 31 3650
10896 80 38944 155 69092 277 14964 31 3650
10896 80 38944 354 57047 364 42621 261 3650
10896 80 38944 310 1444 332 4454 31 3650
10896 80 38944 310 1444 332 68805 31 3650
10896 80 38944 310 1444 332 68803 31 3650
10896 80 38944 310 1444 332 23887 31 3650
10896 80 38944 310 1444 332 65526 31 3650
10896 80 38944 310 1444 332 31869 31 3650
10896 80 38944 310 1444 332 31874 31 3650
10896 80 38944 310 1444 332 3992 31 3650
10896 80 38944 310 1444 332 10188 31 3650
10896 80 38944 310 1444 332 14966 31 3650
10896 80 38944 310 1444 332 71061 31 3650
10896 80 38944 310 1444 222 12599 202 3650
10896 80 38944 310 15756 288 43611 166 3650
10896 80 38944 310 15756 288 35031 166 3650
10896 80 38944 151 41897 277 40769 31 3650
10896 80 38944 75 33054 277 19143 83 3650
10896 80 38944 75 33054 277 45436 83 3650
10896 85 64632 249 18597 164 16435 83 3650
10896 85 64632 342 1524 256 59882 83 3650
10896 384 61656 297 61222 142 58601 384 3650
10896 384 61656 297 61222 231 33043 52 3650
10896 384 25456 282 72858 100 53797 354 3650
10896 384 25456 282 45894 155 24661 354 3650
10896 384 25456 332 23453 31 30312 369 3650
10896 384 25456 332 29064 31 71909 83 3650
10896 384 25456 332 29064 31 24234 83 3650
10896 384 25456 332 29064 31 26654 354 3650
10896 384 25456 24 11544 287 42764 83 3650
10896 384 25456 24 11544 287 27570 83 3650
10896 384 25456 24 11544 287 2435 83 3650
10896 384 73103 364 1907 151 20608 83 3650
10896 384 73103 285 18017 287 34561 83 3650
10896 384 73103 285 18017 287 67102 83 3650
10896 384 73103 285 18017 287 35056 83 3650
10896 384 73103 285 18017 287 62598 83 3650
10896 384 73103 285 18017 287 12455 83 3650
10896 384 73103 285 18017 287 11966 83 3650
10896 384 73103 285 18017 287 59205 83 3650
10896 384 73103 285 18017 287 24876 83 3650
10896 265 60841 321 24058 271 59741 83 3650
10896 265 60841 186 57941 383 63204 114 3650
10896 265 60841 186 57941 151 24195 32 3650
10896 265 60841 231 72636 45 43766 317 3650
10896 265 60841 231 72636 95 52940 261 3650
10896 265 62261 75 19847 332 30908 31 3650
10896 265 62261 75 19847 332 47677 31 3650
10896 265 62261 75 19847 332 51803 31 3650
10896 265 19933 277 27248 222 46831 83 3650
10896 265 19933 75 27162 32 4743 277 3650
10896 265 19933 75 59278 256 61465 254 3650
10896 265 19933 161 45397 272 16036 369 3650
10896 265 23640 75 65183 332 11331 31 3650
10896 217 9911 5 48029 296 20492 99 20538 384 3650
10896 217 9911 5 38128 252 65553 271 22094 83 3650
10896 217 9911 5 38128 300 62434 211 37978 83 3650
10896 217 9911 5 38128 300 62434 211 23690 83 3650
10896 217 9911 5 5190 384 11708 123 53445 384 3650
10896 217 9911 5 5190 384 11708 332 48557 31 3650
10896 217 9911 5 44022 265 27894 332 39332 31 3650
10896 217 9911 5 44022 265 27894 222 47503 83 3650
10896 217 9911 5 7077 384 33744 95 49992 261 3650
10896 217 9911 5 11756 300 59812 211 37073 83 3650
10896 217 9911 5 11756 345 58414 150 71880 83 3650
10896 217 9911 5 1293 292 52898 338 16436 83 3650
10896 217 9911 5 36348 155 16834 332 48570 31 3650
10896 217 9911 5 28573 384 7347 282 72553 397 3650
10896 217 9911 5 28573 384 64701 123 47276 384 3650
10896 217 9911 5 28573 384 64701 123 50186 384 3650
10896 217 9911 5 17712 269 70047 399 7346 83 3650
10896 217 9911 5 17712 269 67541 399 17829 83 3650
10896 217 9911 5 48065 254 34361 78 25984 83 3650
10896 217 9911 5 48065 254 448 5 74373 83 3650
10896 217 9911 5 37057 243 74375 243 61131 83 3650
10896 217 9911 5 69700 117 43393 334 2353 384 3650
10896 217 9911 5 65877 265 40417 75 4539 354 3650
10896 217 9911 249 53751 213 58833 121 5421 348 3650
10896 217 9911 111 38364 119 13360 333 35218 83 3650
10896 217 9911 111 18069 96 66837 256 45395 83 3650
10896 217 9911 303 50318 96 32662 5 40105 83 3650
10896 217 9911 163 74163 96 7232 381 24379 83 3650
10896 217 9911 163 74163 96 7232 385 40353 83 3650
10896 217 9911 163 23605 63 73458 222 12493 83 3650
10896 217 9911 82 2759 122 63340 381 39382 83 3650
10896 217 9911 82 2759 122 41472 381 21028 83 3650
10896 217 9911 82 2759 122 41472 381 32624 83 3650
10896 217 9911 82 2759 122 29779 78 55126 83 3650
10896 217 9911 82 2759 122 29779 78 26796 83 3650
10896 217 9911 82 2759 122 70392 381 8736 83 3650
10896 217 9911 82 2759 122 70392 381 33488 83 3650
10896 217 9911 82 2759 122 12859 381 62544 83 3650
10896 217 9911 82 2759 122 10891 78 62914 83 3650
10896 217 9911 82 2759 122 10891 381 27459 83 3650
10896 217 9911 82 2759 2 47724 45 14313 317 3650
10896 217 9911 82 2759 2 17630 285 58292 2 3650
10896 217 9911 82 2759 2 17630 285 58292 234 3650
10896 217 9911 82 2759 346 24577 132 58060 234 3650
10896 80 38944 315 74194 198 62111 333 31781 83 3650
10896 80 38944 315 74194 198 62111 333 53069 83 3650
10896 80 38944 315 74194 198 62111 333 44649 83 3650
10896 80 38944 315 74194 198 62111 333 73488 83 3650
10896 80 38944 315 74194 198 62111 333 11955 83 3650
10896 80 38944 315 74194 198 62111 5 66936 83 3650
10896 80 38944 315 35314 27 59373 27 70907 83 3650
10896 80 38944 315 59898 254 67997 332 62502 31 3650
10896 80 38944 315 67659 130 72079 164 13926 83 3650
10896 80 38944 315 11537 202 13107 222 44778 83 3650
10896 80 38944 315 11537 202 17877 222 44911 83 3650
10896 80 38944 315 38868 254 45948 5 29095 83 3650
10896 80 38944 91 52667 202 50528 222 27272 83 3650
10896 80 38944 91 36335 202 59204 252 31034 354 3650
10896 80 38944 28 25961 32 47635 5 8056 83 3650
10896 80 38944 28 27067 32 73556 332 62503 31 3650
10896 80 38944 28 27067 32 73556 332 58854 31 3650
10896 80 38944 155 69092 294 20621 316 5819 83 3650
10896 80 38944 155 69092 294 32357 332 64611 31 3650
10896 80 38944 155 69092 294 73560 282 54528 261 3650
10896 80 38944 155 69092 294 73560 282 54528 397 3650
10896 80 38944 155 69092 294 40314 271 23897 83 3650
10896 80 38944 32 67410 392 13658 5 72893 83 3650
10896 80 38944 310 1444 297 62834 383 56283 369 3650
10896 80 38944 310 15756 373 43581 5 60247 83 3650
10896 80 38944 75 33054 277 34687 334 67832 83 3650
10896 80 38944 75 33054 277 30075 334 30303 83 3650
10896 80 38944 75 33054 277 68966 334 69675 83 3650
10896 85 17058 191 49073 358 9577 28 29426 83 3650
10896 85 17058 191 41507 384 71881 222 4809 83 3650
10896 85 74615 191 65265 254 17150 256 34217 83 3650
10896 85 74615 191 65265 254 8643 256 24944 83 3650
10896 384 61656 297 61222 231 3493 398 4681 83 3650
10896 384 25456 332 23453 31 6544 256 50404 254 3650
10896 384 25456 332 23453 31 9817 5 9421 83 3650
10896 384 25456 332 29064 31 45102 334 8691 83 3650
10896 384 73103 285 18017 106 44789 316 2194 83 3650
10896 217 9911 5 38128 15 11658 143 69742 113 67785 83 3650
10896 217 9911 5 38128 15 28376 300 38807 211 48984 83 3650
10896 217 9911 5 38128 203 60073 143 17706 113 36443 83 3650
10896 217 9911 5 11756 300 59812 110 1140 382 26085 83 3650
10896 217 9911 5 1293 292 52898 334 1433 223 23842 83 3650
10896 217 9911 249 53751 332 51308 31 9787 332 58852 31 3650
10896 217 9911 82 2759 122 29916 96 66999 398 31445 83 3650
10896 80 38944 28 27067 32 19694 282 46086 372 32384 83 3650
10896 80 38944 155 69092 294 73840 364 4987 271 25702 83 3650
10896 80 38944 354 57047 364 42621 271 61092 203 18283 261 3650
10896 80 38944 354 57047 364 42621 271 50422 130 41663 261 3650
10896 80 38944 354 57047 364 42621 271 50422 130 41663 397 3650
10896 80 38944 354 57047 364 42621 271 22153 258 4499 261 3650
10896 80 38944 75 33054 277 63694 334 4147 243 75144 83 3650
10896 80 38944 315 74194 198 62111 333 40997 223 16043 243 70695 83 3650
10896 80 38944 315 24454 292 33892 334 71614 117 59145 334 40639 83 3650
10896 80 38944 354 57047 383 5319 222 63434 117 11481 334 64331 83 3650
10896 80 38944 75 33054 277 19221 366 4101 366 54062 334 24343 83 3650
10896 384 25456 332 23453 31 23486 149 65904 149 41398 334 27971 83 3650
10896 80 38944 315 74194 198 62111 333 40997 223 16043 243 70695 223 23195 83 3650
10896 85 17058 214 64176 121 6515 336 38327 255 28279 213 1812 121 51211 256 45151 83 3650
