38273 384 22368
38273 80 38944 315 4901 384 22368
38273 80 38944 315 68162 384 22368
38273 80 38944 91 32904 384 22368
38273 80 38944 155 69092 294 22368
38273 384 11708 123 43329 384 22368
38273 384 11708 123 57989 384 22368
38273 384 11708 237 69083 237 22368
38273 384 11708 237 69083 115 22368
38273 384 11708 332 29065 31 22368
38273 384 11708 332 29064 31 22368
38273 384 11708 332 23453 31 22368
38273 384 11708 332 29061 31 22368
38273 384 11708 332 14964 31 22368
38273 384 11708 93 11637 52 22368
38273 384 11708 93 26541 52 22368
38273 384 11708 93 31910 52 22368
38273 384 11708 93 73838 383 22368
38273 384 11708 93 73838 52 22368
38273 384 11708 93 60920 52 22368
38273 384 11708 93 40846 52 22368
38273 384 11708 285 11544 2 22368
38273 384 11708 285 11544 234 22368
38273 384 11708 229 53497 370 22368
38273 384 11708 288 58488 166 22368
38273 384 11708 288 49024 166 22368
38273 80 38944 315 26121 202 37729 354 22368
38273 80 38944 315 26121 202 37729 369 22368
38273 80 38944 155 69092 294 7419 52 22368
38273 80 38944 32 63370 383 71850 294 22368
38273 80 38944 354 57047 288 61006 166 22368
38273 80 38944 354 57047 288 10528 166 22368
38273 80 38944 354 57047 288 55689 166 22368
38273 80 38944 354 57047 288 45069 166 22368
38273 80 38944 354 57047 288 13919 166 22368
38273 80 38944 310 1444 114 72858 397 22368
38273 80 38944 310 15756 288 421 166 22368
38273 379 1483 88 41507 384 50691 237 22368
38273 379 1483 88 41507 384 50691 115 22368
38273 384 11708 297 61222 231 54165 52 22368
38273 384 11708 297 61222 231 19319 237 22368
38273 384 11708 297 61222 231 17690 237 22368
38273 384 11708 297 61222 231 5404 354 22368
38273 384 11708 297 61222 231 12776 237 22368
38273 384 11708 297 61222 231 12776 52 22368
38273 384 11708 237 69083 45 45318 317 22368
38273 384 11708 237 69083 95 31376 261 22368
38273 384 11708 93 73838 52 31871 237 22368
38273 265 19933 153 27731 9 18699 370 22368
38273 80 38944 315 38128 15 70550 256 75040 254 22368
38273 80 38944 315 1293 292 52898 338 43355 104 22368
38273 379 1483 88 41507 384 41965 123 58203 384 22368
38273 379 1483 88 54168 254 42088 288 59125 166 22368
38273 379 1483 88 54168 254 8453 288 68692 166 22368
38273 80 38944 155 69092 277 3042 8 12154 25 43360 294 22368
38273 80 38944 155 69092 277 3042 8 12154 25 73024 310 22368
38273 80 38944 155 69092 277 3042 8 12154 25 5539 354 22368
