38273 384 11708
38273 80 38944 315 5190 384 11708
38273 80 38944 315 54965 384 11708
38273 80 38944 315 34691 384 11708
38273 80 38944 315 7077 384 11708
38273 80 38944 315 41435 202 11708
38273 80 38944 315 50899 384 11708
38273 80 38944 315 23800 384 11708
38273 80 38944 315 68542 384 11708
38273 80 38944 315 5496 384 11708
38273 80 38944 155 69092 75 11708
38273 80 38944 151 41897 32 11708
38273 80 38944 75 33054 277 11708
38273 384 22368 123 43329 384 11708
38273 384 22368 123 57989 384 11708
38273 384 22368 237 69083 237 11708
38273 384 22368 237 69083 115 11708
38273 384 22368 332 29061 31 11708
38273 384 22368 332 14964 31 11708
38273 384 22368 332 23453 31 11708
38273 384 22368 332 29064 31 11708
38273 384 22368 332 29065 31 11708
38273 384 22368 93 11637 52 11708
38273 384 22368 93 26541 52 11708
38273 384 22368 93 31910 52 11708
38273 384 22368 93 73838 52 11708
38273 384 22368 93 60920 52 11708
38273 384 22368 93 40846 52 11708
38273 384 22368 285 11544 2 11708
38273 384 22368 229 53497 370 11708
38273 384 22368 288 58488 166 11708
38273 384 22368 288 49024 166 11708
38273 265 19933 64 13120 384 11708
38273 265 19933 64 43544 384 11708
38273 265 19933 277 40309 31 11708
38273 265 19933 277 68339 31 11708
38273 265 19933 277 51356 31 11708
38273 265 19933 277 65857 31 11708
38273 265 19933 277 60031 31 11708
38273 265 19933 277 10045 31 11708
38273 265 19933 277 1707 31 11708
38273 265 19933 277 40315 31 11708
38273 265 19933 277 32380 31 11708
38273 265 19933 277 65853 31 11708
38273 265 19933 277 65855 31 11708
38273 265 19933 161 61222 231 11708
38273 265 19933 161 61222 52 11708
38273 265 19933 332 1705 31 11708
38273 265 19933 332 65856 31 11708
38273 265 19933 332 65861 31 11708
38273 265 19933 332 23447 31 11708
38273 265 19933 332 26184 31 11708
38273 265 19933 332 29052 31 11708
38273 265 19933 332 68338 31 11708
38273 80 38944 315 39576 358 3223 261 11708
38273 80 38944 91 20058 332 6058 31 11708
38273 80 38944 28 25961 32 38882 354 11708
38273 80 38944 28 27067 32 73556 294 11708
38273 80 38944 155 69092 294 26002 52 11708
38273 80 38944 155 69092 294 4445 383 11708
38273 80 38944 155 69092 294 26627 52 11708
38273 80 38944 155 69092 151 12802 31 11708
38273 80 38944 155 69092 151 68336 31 11708
38273 80 38944 155 69092 151 68337 31 11708
38273 80 38944 155 69092 277 68807 31 11708
38273 80 38944 354 57047 285 6452 2 11708
38273 80 38944 354 57047 285 6452 234 11708
38273 80 38944 354 57047 285 48074 2 11708
38273 80 38944 354 57047 285 48074 234 11708
38273 80 38944 354 57047 45 2556 317 11708
38273 80 38944 354 57047 229 61279 370 11708
38273 80 38944 310 1444 342 65814 303 11708
38273 80 38944 310 1444 342 65814 342 11708
38273 80 38944 310 1444 332 4454 31 11708
38273 80 38944 310 1444 332 68805 31 11708
38273 80 38944 310 1444 332 68803 31 11708
38273 80 38944 310 1444 332 3992 31 11708
38273 80 38944 310 1444 332 10188 31 11708
38273 80 38944 310 1444 332 71061 31 11708
38273 80 38944 310 1444 222 33377 384 11708
38273 80 38944 310 15756 285 69264 2 11708
38273 80 38944 310 15756 288 47908 166 11708
38273 80 38944 310 15756 288 43611 166 11708
38273 80 38944 75 33054 277 37839 234 11708
38273 384 22368 282 72858 100 57616 391 11708
38273 384 22368 282 72858 100 57616 354 11708
38273 384 22368 237 69083 93 72089 52 11708
38273 384 22368 237 69083 45 16249 317 11708
38273 384 22368 237 50691 123 35230 384 11708
38273 384 22368 332 29065 31 26913 52 11708
38273 384 22368 93 73838 52 3109 52 11708
38273 265 19933 161 61222 231 17099 52 11708
38273 265 19933 161 61222 231 7339 52 11708
38273 265 19933 161 31621 222 15252 384 11708
38273 265 19933 236 72636 285 60697 2 11708
38273 265 19933 236 72636 285 60697 234 11708
38273 80 38944 315 10896 384 61656 123 29094 384 11708
38273 80 38944 315 10896 384 3650 123 19728 384 11708
38273 80 38944 315 10896 384 3650 123 53445 384 11708
38273 80 38944 315 10896 384 3650 123 14454 384 11708
38273 80 38944 315 10896 384 3650 332 48557 31 11708
38273 80 38944 315 10896 384 3650 332 51803 31 11708
38273 80 38944 315 10896 117 3580 334 48307 384 11708
38273 80 38944 315 10896 117 3580 334 57675 384 11708
38273 80 38944 315 10896 117 3580 334 62491 384 11708
38273 80 38944 315 7149 384 12956 90 48141 157 11708
38273 80 38944 315 37047 384 67239 123 23536 384 11708
38273 80 38944 315 11756 345 58414 150 43684 384 11708
38273 80 38944 315 1293 292 52898 338 52832 104 11708
38273 80 38944 315 50899 384 40460 123 31432 384 11708
38273 80 38944 315 50899 384 40460 123 47960 384 11708
38273 80 38944 91 32904 384 6131 229 63213 370 11708
38273 80 38944 28 25961 32 18999 332 54453 31 11708
38273 80 38944 155 69092 114 41494 277 52052 294 11708
38273 80 38944 155 69092 294 5466 45 55108 317 11708
38273 80 38944 155 69092 294 47724 24 36903 234 11708
38273 80 38944 155 69092 294 25986 75 11110 354 11708
38273 80 38944 155 69092 277 63843 91 24660 384 11708
38273 384 22368 332 29061 31 4892 332 17034 31 11708
38273 384 22368 288 61006 89 50942 33 43182 166 11708
38273 265 19933 277 2516 290 36030 100 42408 294 11708
38273 80 38944 91 39870 80 22537 8 38960 25 7073 294 11708
38273 80 38944 32 67410 272 3955 8 3846 25 66640 354 11708
