3850 384 65907
3850 384 3650 282 28156 397 65907
3850 384 3650 282 45894 261 65907
3850 384 3650 123 7077 384 65907
3850 384 3650 123 20538 384 65907
3850 384 3650 75 69092 294 65907
3850 384 3650 297 61222 231 65907
3850 384 3650 297 61222 52 65907
3850 384 3650 277 30312 354 65907
3850 384 3650 93 73838 52 65907
3850 384 3650 93 33043 52 65907
3850 384 3650 24 6452 2 65907
3850 384 3650 24 6452 234 65907
3850 384 3650 24 54048 2 65907
3850 384 3650 24 60697 2 65907
3850 384 3650 24 60697 234 65907
3850 384 3650 285 11544 2 65907
3850 384 3650 285 11544 234 65907
3850 384 3650 45 41876 317 65907
3850 384 3650 95 49546 261 65907
3850 384 3650 95 31376 261 65907
3850 384 3650 95 52785 261 65907
3850 384 3650 282 72858 100 45550 391 65907
3850 384 3650 282 72858 100 45550 354 65907
3850 384 3650 282 72858 397 69083 237 65907
3850 384 3650 282 72858 397 69083 115 65907
3850 384 3650 75 69092 294 31910 52 65907
3850 384 3650 75 69092 294 26627 52 65907
3850 384 3650 297 61222 383 71850 294 65907
3850 384 3650 282 72553 397 51080 229 53497 370 65907
3850 384 3650 282 72553 397 7347 285 69264 2 65907
3850 384 3650 282 72553 397 47724 24 31578 2 65907
3850 384 3650 282 72858 397 25456 45 71176 317 65907
3850 384 3650 297 61222 20 62834 277 16797 354 65907
3850 384 3650 332 65855 31 33971 277 205 294 65907
