3850 384 3650
3850 384 65907 123 7077 384 3650
3850 384 65907 123 20538 384 3650
3850 384 65907 383 69092 75 3650
3850 384 65907 383 69092 114 3650
3850 384 65907 383 69092 32 3650
3850 384 65907 383 69092 151 3650
3850 384 65907 383 69092 277 3650
3850 384 65907 282 28156 397 3650
3850 384 65907 297 61222 231 3650
3850 384 65907 240 30312 369 3650
3850 384 65907 93 73838 52 3650
3850 384 65907 93 33043 52 3650
3850 384 65907 285 6452 234 3650
3850 384 65907 285 54048 2 3650
3850 384 65907 285 54048 234 3650
3850 384 65907 285 60697 2 3650
3850 384 65907 285 60697 234 3650
3850 384 65907 285 11544 2 3650
3850 384 65907 45 41876 317 3650
3850 384 65907 95 49546 261 3650
3850 384 65907 95 31376 261 3650
3850 384 65907 95 52785 261 3650
3850 384 65907 95 45894 261 3650
3850 384 65907 95 45894 397 3650
3850 117 3580 334 10896 384 3650
3850 117 3580 334 14463 384 3650
3850 117 3580 334 19728 384 3650
3850 117 3580 334 13120 384 3650
3850 117 3580 334 71660 384 3650
3850 117 3580 334 60314 384 3650
3850 117 3580 334 28573 384 3650
3850 117 3580 334 55941 384 3650
3850 117 3580 334 57492 384 3650
3850 117 3580 334 14454 384 3650
3850 117 3580 334 50525 384 3650
3850 384 65907 383 69092 75 19847 310 3650
3850 384 65907 383 69092 75 19847 369 3650
3850 384 65907 383 69092 151 10045 31 3650
3850 384 65907 383 69092 151 60308 31 3650
3850 384 65907 383 69092 151 12802 31 3650
3850 384 65907 383 69092 151 1705 31 3650
3850 384 65907 383 69092 151 68336 31 3650
3850 384 65907 383 69092 151 68334 31 3650
3850 384 65907 383 69092 151 59840 31 3650
3850 384 65907 383 69092 151 12340 31 3650
3850 384 65907 383 69092 151 35877 31 3650
3850 384 65907 383 69092 277 60309 31 3650
3850 384 65907 383 69092 277 60031 31 3650
3850 384 65907 383 69092 277 60306 31 3650
3850 384 65907 383 69092 277 68807 31 3650
3850 384 65907 383 69092 277 51359 31 3650
3850 384 65907 383 69092 277 29052 31 3650
3850 384 65907 383 69092 277 29065 31 3650
3850 384 65907 383 69092 277 29064 31 3650
3850 384 65907 383 69092 277 23453 31 3650
3850 384 65907 383 69092 277 29061 31 3650
3850 384 65907 383 69092 277 6058 31 3650
3850 384 65907 383 69092 277 54136 31 3650
3850 384 65907 383 69092 277 14964 31 3650
3850 384 65907 383 69092 277 65855 31 3650
3850 384 65907 297 61222 142 58601 384 3650
3850 384 65907 240 45550 290 72858 397 3650
3850 384 65907 237 69083 282 45401 397 3650
3850 384 65907 93 31910 300 62434 211 3650
3850 384 65907 93 31910 332 65857 31 3650
3850 384 65907 285 11544 287 42764 83 3650
3850 384 65907 285 11544 287 27570 83 3650
3850 384 65907 285 11544 287 2435 83 3650
3850 384 65907 95 31376 307 3223 261 3650
3850 384 65907 95 45894 155 24661 354 3650
3850 117 3580 334 23800 27 20624 384 3650
3850 117 3580 334 43544 27 26998 384 3650
3850 384 65907 123 7077 382 2748 6 27545 83 3650
3850 384 65907 123 7077 382 2748 332 65856 31 3650
3850 384 65907 123 7077 382 2748 332 65861 31 3650
3850 384 65907 123 7077 217 17518 5 38197 83 3650
3850 384 65907 123 7077 217 9911 5 45843 83 3650
3850 384 65907 123 7077 80 38944 315 30282 83 3650
3850 384 65907 123 7077 80 38944 315 75039 83 3650
3850 384 65907 123 7077 80 38944 369 3704 277 3650
3850 384 65907 123 7077 37 22668 91 58864 83 3650
3850 384 65907 123 7077 379 1483 88 41507 83 3650
3850 384 65907 123 7077 379 1483 88 62598 83 3650
3850 384 65907 123 7077 384 33744 123 35230 384 3650
3850 384 65907 123 7077 384 33744 123 57989 384 3650
3850 384 65907 123 7077 384 33744 90 11979 157 3650
3850 384 65907 123 7077 384 33744 24 48074 234 3650
3850 384 65907 123 7077 384 33744 95 49992 261 3650
3850 384 65907 123 7077 384 25456 282 42215 261 3650
3850 384 65907 123 7077 384 25456 75 3941 32 3650
3850 384 65907 123 7077 384 11708 123 53445 384 3650
3850 384 65907 123 7077 384 11708 332 4454 31 3650
3850 384 65907 123 7077 384 11708 332 68805 31 3650
3850 384 65907 123 7077 384 11708 332 68803 31 3650
3850 384 65907 123 7077 384 11708 332 23447 31 3650
3850 384 65907 123 7077 384 11708 332 26184 31 3650
3850 384 65907 123 7077 384 11708 332 3992 31 3650
3850 384 65907 123 7077 384 11708 332 48557 31 3650
3850 384 65907 123 7077 384 11708 332 51803 31 3650
3850 384 65907 123 7077 384 11708 332 10188 31 3650
3850 384 65907 123 7077 384 11708 332 71061 31 3650
3850 384 65907 123 7077 384 11708 288 43611 166 3650
3850 384 65907 123 7077 265 19933 332 23446 31 3650
3850 384 65907 123 7077 42 69700 127 57386 83 3650
3850 384 65907 383 69092 75 27162 32 4743 277 3650
3850 384 65907 383 69092 75 29174 332 23887 31 3650
3850 384 65907 383 69092 75 25961 32 35524 369 3650
3850 384 65907 383 69092 75 25961 32 11210 354 3650
3850 384 65907 383 69092 75 19847 332 30908 31 3650
3850 384 65907 383 69092 75 19847 332 47677 31 3650
3850 384 65907 383 69092 32 57047 364 42621 261 3650
3850 384 65907 383 69092 294 5466 95 52940 261 3650
3850 384 65907 383 69092 294 12956 332 48570 31 3650
3850 384 65907 383 69092 294 24058 271 59741 83 3650
3850 384 65907 383 69092 294 73755 332 65526 31 3650
3850 384 65907 383 69092 294 19694 45 43766 317 3650
3850 384 65907 383 69092 294 19694 288 35031 166 3650
3850 384 65907 383 69092 294 32937 282 72553 397 3650
3850 384 65907 383 69092 294 17630 332 40769 31 3650
3850 384 65907 383 69092 294 17630 285 58292 2 3650
3850 384 65907 383 69092 294 17630 285 58292 234 3650
3850 384 65907 383 69092 294 47635 5 8056 83 3650
3850 384 65907 383 69092 294 50528 222 27272 83 3650
3850 384 65907 383 69092 294 72079 332 31869 31 3650
3850 384 65907 383 69092 294 72079 332 31874 31 3650
3850 384 65907 383 69092 294 72079 164 13926 83 3650
3850 384 65907 383 69092 294 40417 75 4539 354 3650
3850 384 65907 383 69092 294 40417 75 16036 369 3650
3850 384 65907 383 69092 294 64701 123 47276 384 3650
3850 384 65907 383 69092 294 64701 123 50186 384 3650
3850 384 65907 383 69092 294 31485 332 39332 31 3650
3850 384 65907 383 69092 294 20621 316 5819 83 3650
3850 384 65907 383 69092 294 27894 75 19364 354 3650
3850 384 65907 383 69092 294 27894 222 47503 83 3650
3850 384 65907 383 69092 294 58806 332 14966 31 3650
3850 384 65907 383 69092 294 32357 332 64611 31 3650
3850 384 65907 383 69092 294 32357 332 62503 31 3650
3850 384 65907 383 69092 294 32357 332 62502 31 3650
3850 384 65907 383 69092 294 32357 75 24195 32 3650
3850 384 65907 383 69092 294 37269 255 7431 397 3650
3850 384 65907 383 69092 294 73560 282 54528 261 3650
3850 384 65907 383 69092 294 73560 282 54528 397 3650
3850 384 65907 383 69092 294 40314 271 23897 83 3650
3850 384 65907 383 69092 294 1444 222 12599 202 3650
3850 384 65907 383 69092 294 59204 252 31034 354 3650
3850 384 65907 383 69092 294 47724 45 14313 317 3650
3850 384 65907 383 69092 294 73556 332 58854 31 3650
3850 384 65907 383 69092 294 40455 75 10840 369 3650
3850 384 65907 383 69092 294 67033 186 53797 354 3650
3850 384 65907 383 69092 294 60885 359 37978 83 3650
3850 384 65907 383 69092 151 1524 256 59882 83 3650
3850 384 65907 383 69092 277 57941 383 63204 114 3650
3850 384 65907 383 69092 277 29779 78 55126 83 3650
3850 384 65907 383 69092 277 29779 78 26796 83 3650
3850 384 65907 383 69092 277 29052 31 71909 83 3650
3850 384 65907 383 69092 277 29065 31 24234 83 3650
3850 384 65907 383 69092 277 29064 31 26654 354 3650
3850 384 65907 297 61222 142 8925 270 16436 83 3650
3850 384 65907 297 61222 231 17624 256 40353 83 3650
3850 384 65907 297 61222 231 71881 222 4809 83 3650
3850 384 65907 297 61222 231 3493 398 4681 83 3650
3850 384 65907 297 61222 20 62834 383 56283 369 3650
3850 384 65907 93 31910 300 62434 211 23690 83 3650
3850 384 65907 93 26627 75 33054 277 19143 83 3650
3850 384 65907 93 26627 75 33054 277 45436 83 3650
3850 384 65907 285 6452 346 24577 132 58060 234 3650
3850 384 65907 285 60697 351 62856 218 16542 83 3650
3850 384 65907 285 60697 351 62856 218 71880 83 3650
3850 384 65907 285 60697 351 62856 218 24876 83 3650
3850 384 65907 285 11544 122 13658 5 72893 83 3650
3850 384 65907 285 11544 122 66837 256 45395 83 3650
3850 384 65907 285 11544 351 73723 182 34561 83 3650
3850 384 65907 285 11544 351 73723 182 67102 83 3650
3850 384 65907 285 11544 351 73723 182 35056 83 3650
3850 384 65907 285 11544 351 73723 182 12455 83 3650
3850 384 65907 285 11544 351 73723 182 11966 83 3650
3850 384 65907 285 11544 351 73723 182 59205 83 3650
3850 384 65907 285 11544 351 73723 182 12648 83 3650
3850 117 3580 334 29094 143 67541 399 7346 83 3650
3850 117 3580 334 29094 143 67541 399 17829 83 3650
3850 117 3580 334 61812 217 448 5 74373 83 3650
3850 117 3580 334 9678 300 59812 211 37073 83 3650
3850 384 65907 123 7077 217 21356 143 69742 113 67785 83 3650
3850 384 65907 123 7077 217 9911 5 37057 223 10758 83 3650
3850 384 65907 123 7077 217 9911 5 37057 243 74375 83 3650
3850 384 65907 123 7077 217 9911 82 2759 287 26016 83 3650
3850 384 65907 123 7077 217 9911 82 2759 287 25818 83 3650
3850 384 65907 123 7077 217 9911 82 2759 287 44463 83 3650
3850 384 65907 123 7077 217 9911 82 2759 287 14492 83 3650
3850 384 65907 123 7077 217 9911 82 2759 287 70999 83 3650
3850 384 65907 123 7077 217 9911 82 2759 287 67353 83 3650
3850 384 65907 123 7077 217 9911 82 2759 287 53599 83 3650
3850 384 65907 123 7077 80 38944 315 39576 398 69306 83 3650
3850 384 65907 123 7077 85 64632 249 18597 164 16435 83 3650
3850 384 65907 123 7077 265 19933 277 27248 222 46831 83 3650
3850 384 65907 123 7077 265 19933 75 59278 256 61465 254 3650
3850 384 65907 123 7077 42 69700 117 43393 334 2353 384 3650
3850 384 65907 383 69092 75 27162 358 51607 28 29426 83 3650
3850 384 65907 383 69092 75 53751 213 58833 121 5421 348 3650
3850 384 65907 383 69092 75 75101 356 62111 333 31781 83 3650
3850 384 65907 383 69092 75 75101 356 62111 333 25984 83 3650
3850 384 65907 383 69092 75 75101 356 62111 333 24379 83 3650
3850 384 65907 383 69092 75 75101 356 62111 333 53069 83 3650
3850 384 65907 383 69092 75 75101 356 62111 333 44649 83 3650
3850 384 65907 383 69092 75 75101 356 62111 333 27459 83 3650
3850 384 65907 383 69092 75 75101 356 62111 333 61131 83 3650
3850 384 65907 383 69092 75 75101 356 62111 333 33488 83 3650
3850 384 65907 383 69092 75 75101 356 62111 333 39382 83 3650
3850 384 65907 383 69092 75 75101 356 62111 333 62544 83 3650
3850 384 65907 383 69092 75 75101 356 62111 333 73488 83 3650
3850 384 65907 383 69092 75 75101 356 62111 333 11955 83 3650
3850 384 65907 383 69092 75 75101 356 62111 333 32624 83 3650
3850 384 65907 383 69092 75 75101 356 62111 5 66936 83 3650
3850 384 65907 383 69092 114 9561 300 38807 211 48984 83 3650
3850 384 65907 383 69092 114 41494 385 1433 223 23842 83 3650
3850 384 65907 383 69092 114 17555 227 6544 256 50404 254 3650
3850 384 65907 383 69092 142 38128 252 65553 271 22094 83 3650
3850 384 65907 383 69092 294 12956 285 39045 287 35218 83 3650
3850 384 65907 383 69092 294 24058 196 26710 332 11331 31 3650
3850 384 65907 383 69092 294 74191 373 43581 5 60247 83 3650
3850 384 65907 383 69092 294 73840 364 4987 271 25702 83 3650
3850 384 65907 383 69092 294 19694 282 46086 372 32384 83 3650
3850 384 65907 383 69092 294 73103 364 1907 151 20608 83 3650
3850 384 65907 383 69092 294 70625 342 34687 334 67832 83 3650
3850 384 65907 383 69092 294 67410 392 32662 5 40105 83 3650
3850 384 65907 383 69092 151 68334 31 9817 5 9421 83 3650
3850 384 65907 383 69092 277 48050 272 73458 222 12493 83 3650
3850 384 65907 383 69092 277 2516 36 47642 316 21028 83 3650
3850 384 65907 383 69092 277 2516 278 45948 5 29095 83 3650
3850 384 65907 383 69092 277 29779 96 70392 381 8736 83 3650
3850 384 65907 383 69092 277 29064 31 68966 334 69675 83 3650
3850 384 65907 383 69092 277 29064 31 45102 334 8691 83 3650
3850 384 65907 383 71850 294 30796 75 55363 222 44911 83 3650
3850 384 65907 383 71850 294 30796 383 13107 222 44778 83 3650
3850 384 65907 297 61222 231 53891 298 12775 316 62914 83 3650
3850 384 65907 93 26627 75 33054 277 30075 334 30303 83 3650
3850 384 65907 285 11544 122 25762 96 1140 382 26085 83 3650
3850 384 65907 285 11544 122 25762 96 1140 381 2194 83 3650
3850 117 3580 334 10519 35 60073 143 17706 113 36443 83 3650
3850 384 65907 123 7077 80 38944 315 35314 27 59373 27 70907 83 3650
3850 384 65907 383 69092 75 53751 332 51308 31 9787 332 58852 31 3650
3850 384 65907 383 69092 75 34480 147 14461 373 66999 398 31445 83 3650
3850 384 65907 383 69092 32 57047 364 42621 271 61092 203 18283 261 3650
3850 384 65907 383 69092 32 57047 364 42621 271 50422 130 41663 261 3650
3850 384 65907 383 69092 32 57047 364 42621 271 50422 130 41663 397 3650
3850 384 65907 383 69092 32 57047 364 42621 271 22153 258 4499 261 3650
3850 384 65907 383 69092 277 29065 31 63694 334 4147 243 75144 83 3650
3850 384 65907 383 71850 294 5319 222 63434 117 11481 334 64331 83 3650
3850 384 65907 45 41876 23 15258 191 65265 254 17150 256 34217 83 3650
3850 384 65907 45 41876 23 15258 191 65265 254 8643 256 24944 83 3650
3850 117 3580 334 72713 117 14193 149 65904 149 41398 334 27971 83 3650
3850 117 3580 334 72713 117 14193 149 4101 366 54062 334 24343 83 3650
3850 384 65907 383 69092 75 75101 356 62111 333 40997 223 16043 243 70695 83 3650
3850 384 65907 383 71850 142 5567 292 33892 334 71614 117 59145 334 40639 83 3650
3850 384 65907 383 69092 75 75101 356 62111 333 40997 223 16043 243 70695 223 23195 83 3650
3850 384 65907 123 7077 85 17058 214 64176 121 6515 336 38327 255 28279 213 1812 121 51211 256 45151 83 3650
