44825 384 29452
44825 37 22668 91 28070 384 29452
44825 37 22668 91 49106 384 29452
44825 37 22668 75 69092 294 29452
44825 117 3580 334 34691 384 29452
44825 117 3580 334 16083 384 29452
44825 117 3580 334 29094 384 29452
44825 117 3580 334 62491 384 29452
44825 117 3580 334 26593 384 29452
44825 117 3580 334 50899 384 29452
44825 117 3580 334 23800 384 29452
44825 117 3580 334 14454 384 29452
44825 37 22668 91 54168 254 73838 52 29452
44825 37 22668 91 54168 254 31910 52 29452
44825 37 22668 28 11028 259 20467 18 29452
44825 37 22668 75 69092 294 61222 236 29452
44825 37 22668 75 69092 294 61222 52 29452
44825 37 22668 75 69092 294 26627 52 29452
44825 37 22668 32 67410 153 53497 370 29452
44825 37 22668 294 57047 285 6452 2 29452
44825 37 22668 294 57047 285 6452 234 29452
44825 37 22668 294 57047 285 48074 2 29452
44825 37 22668 294 57047 285 48074 234 29452
44825 37 22668 294 57047 45 2556 317 29452
44825 37 22668 294 15756 285 69264 2 29452
44825 37 22668 294 15756 288 47908 166 29452
44825 37 22668 294 15756 288 35031 166 29452
44825 209 30294 80 38944 315 37047 384 29452
44825 209 30294 80 38944 315 20633 384 29452
44825 37 22668 91 4421 85 64632 112 41507 384 29452
44825 37 22668 91 45843 217 9911 82 2759 2 29452
44825 37 22668 91 45843 217 9911 82 2759 234 29452
44825 37 22668 91 45843 83 3650 282 45894 261 29452
44825 37 22668 91 45843 83 3650 123 35230 384 29452
44825 37 22668 91 45843 83 3650 123 57989 384 29452
44825 37 22668 91 45843 83 3650 285 11544 2 29452
44825 37 22668 91 21064 265 19933 252 23772 354 29452
44825 37 22668 91 22832 384 25456 24 37839 234 29452
44825 37 22668 91 54965 384 11708 93 72089 52 29452
44825 37 22668 91 49073 332 65855 31 63954 354 29452
44825 37 22668 91 49073 332 65855 31 63954 369 29452
44825 37 22668 91 49073 332 65855 31 6544 391 29452
44825 37 22668 91 49073 332 65855 31 6544 354 29452
44825 37 22668 91 11324 202 9132 75 9181 354 29452
44825 37 22668 91 54168 254 72636 288 68261 166 29452
44825 37 22668 91 54168 254 73838 52 45036 52 29452
44825 37 22668 91 33377 332 29061 31 57169 294 29452
44825 37 22668 28 11028 290 72858 100 31056 354 29452
44825 37 22668 75 69092 294 32937 288 67605 166 29452
44825 117 3580 334 29094 384 40460 123 43676 384 29452
44825 117 3580 334 29094 384 40460 123 75416 384 29452
44825 37 22668 91 22832 265 40417 153 20069 189 55304 370 29452
44825 37 22668 91 54168 254 65908 290 66455 100 42221 310 29452
44825 37 22668 28 25961 32 19847 290 49452 100 45439 310 29452
44825 37 22668 75 69092 294 59413 288 50942 33 21958 166 29452
44825 37 22668 91 67508 220 62856 218 36262 117 29570 334 73279 202 29452
