27770 282 72553
27770 297 61222 231 6570 282 72553
27770 297 61222 231 29981 282 72553
27770 297 61222 231 32937 282 72553
27770 297 61222 231 5428 282 72553
27770 297 61222 231 3650 282 72553
27770 297 61222 231 21550 282 72553
27770 297 61222 231 51080 282 72553
27770 297 61222 231 47724 282 72553
27770 297 61222 231 62831 282 72553
27770 297 61222 52 4366 282 72553
27770 297 61222 52 4192 282 72553
27770 93 73838 52 7347 282 72553
27770 297 61222 231 33365 95 45311 213 51646 121 72553
27770 297 61222 231 33365 95 5879 213 74863 121 72553
27770 297 61222 231 33365 95 5879 213 11288 121 72553
