4192 282 72553
4192 282 72858 397 51080 282 72553
4192 282 72858 397 7347 282 72553
4192 282 72858 397 3650 282 72553
4192 282 72858 397 47724 282 72553
4192 282 72858 397 32937 282 72553
4192 282 72858 397 62831 282 72553
4192 237 69083 237 21550 282 72553
4192 237 69083 237 5428 282 72553
4192 237 69083 237 29981 282 72553
4192 237 69083 237 4366 282 72553
4192 93 73838 52 27770 282 72553
4192 93 73838 52 6570 282 72553
4192 332 29052 31 24357 213 51646 121 72553
4192 332 29052 31 24357 213 11288 121 72553
4192 93 40314 95 50067 213 74863 121 72553
