4366 282 72553
4366 237 69083 237 47724 282 72553
4366 237 69083 237 21550 282 72553
4366 237 69083 237 5428 282 72553
4366 237 69083 237 29981 282 72553
4366 237 69083 237 32937 282 72553
4366 237 69083 237 51080 282 72553
4366 237 69083 237 4192 282 72553
4366 237 69083 237 62831 282 72553
4366 237 69083 237 7347 282 72553
4366 90 32929 157 27770 282 72553
4366 93 73838 52 3650 282 72553
4366 93 73838 52 6570 282 72553
4366 95 5879 213 51646 121 72553
4366 95 5879 213 74863 121 72553
4366 95 5879 213 11288 121 72553
