47724 282 72553
47724 115 7347 282 72553
47724 282 72858 397 51080 282 72553
47724 282 72858 397 3650 282 72553
47724 282 72858 397 4192 282 72553
47724 282 72858 397 32937 282 72553
47724 282 72858 397 62831 282 72553
47724 282 58653 213 11288 121 72553
47724 282 38556 213 51646 121 72553
47724 282 12577 261 5428 282 72553
47724 297 61222 231 6570 282 72553
47724 297 61222 231 29981 282 72553
47724 297 61222 231 21550 282 72553
47724 297 61222 231 27770 282 72553
47724 297 61222 52 4366 282 72553
47724 282 48674 373 5879 213 74863 121 72553
