59413 282 64880
59413 28 73592 277 64880
59413 237 47724 282 64880
59413 332 65856 31 64880
59413 332 29052 31 64880
59413 282 44046 256 54168 141 64880
59413 282 72858 213 58833 121 64880
59413 282 12741 332 1705 31 64880
59413 282 12741 332 65855 31 64880
59413 282 12741 332 65853 31 64880
59413 282 12741 332 65857 31 64880
59413 282 12741 332 65861 31 64880
59413 282 12741 332 68334 31 64880
59413 282 12741 332 68336 31 64880
59413 282 12741 332 68337 31 64880
59413 282 58804 28 26537 358 64880
59413 282 58804 342 7846 342 64880
59413 282 58804 342 7846 303 64880
59413 282 58804 332 10045 31 64880
59413 282 58804 332 60305 31 64880
59413 282 58804 332 60031 31 64880
59413 282 58804 332 6058 31 64880
59413 282 58804 332 35877 31 64880
59413 282 58804 332 68338 31 64880
59413 282 58804 396 54516 35 64880
59413 383 69092 277 40308 31 64880
59413 237 15756 373 26494 356 64880
59413 282 72858 155 1444 332 3980 31 64880
59413 282 72858 155 50528 28 51352 31 64880
59413 282 72858 155 19694 332 40316 31 64880
59413 282 72858 155 66047 332 51816 31 64880
59413 332 29061 31 4751 334 56059 130 64880
59413 282 72858 255 49761 172 63771 105 11414 336 64880
59413 282 72858 155 28575 377 10911 238 70957 252 47970 369 64880
