6570 282 72553
6570 123 29094 384 7347 282 72553
6570 123 57989 384 3650 282 72553
6570 297 61222 231 29981 282 72553
6570 297 61222 231 32937 282 72553
6570 297 61222 231 5428 282 72553
6570 297 61222 231 21550 282 72553
6570 297 61222 231 51080 282 72553
6570 297 61222 231 27770 282 72553
6570 297 61222 231 47724 282 72553
6570 297 61222 231 62831 282 72553
6570 297 61222 52 4366 282 72553
6570 297 61222 52 4192 282 72553
6570 123 29094 384 33744 95 3223 213 11288 121 72553
6570 123 29094 384 65543 95 70501 213 51646 121 72553
6570 123 29094 384 65543 95 5879 213 74863 121 72553
