28369 241 14691
28369 300 62434 211 14691
28369 313 29580 323 14691
28369 241 42732 350 21202 241 14691
28369 241 13996 241 67908 241 14691
28369 241 26039 313 55523 323 14691
28369 241 71754 313 16619 323 14691
28369 241 71754 313 19295 323 14691
28369 109 9199 313 10036 323 14691
28369 109 9199 313 19607 323 14691
28369 172 26159 300 65810 211 14691
28369 172 26159 300 17629 211 14691
28369 172 26159 300 26313 211 14691
28369 172 26159 300 74587 211 14691
28369 241 42732 241 23815 313 47265 323 14691
28369 241 42732 241 23815 313 18855 323 14691
28369 241 42732 241 23815 313 3690 323 14691
28369 241 42732 241 23815 313 12217 323 14691
28369 241 42732 241 23815 313 57685 323 14691
28369 241 42732 241 23815 313 60653 323 14691
28369 241 42732 241 23815 313 10368 323 14691
28369 241 42732 241 23815 313 63290 323 14691
28369 241 42732 241 23815 313 19567 323 14691
28369 241 42732 241 23815 313 3377 323 14691
28369 241 42732 241 23815 313 46000 323 14691
28369 241 42732 241 23815 313 9972 323 14691
28369 241 42732 241 23815 313 17688 323 14691
28369 241 42732 241 23815 313 54069 323 14691
28369 241 42732 241 23815 313 54744 323 14691
28369 241 42732 241 23815 313 73158 323 14691
28369 241 42732 241 23815 313 18285 323 14691
28369 241 42732 241 23815 313 21680 323 14691
28369 241 42732 241 23815 313 44620 323 14691
28369 241 42732 241 23815 313 68699 323 14691
28369 241 42732 241 23815 313 58482 323 14691
28369 241 42732 241 23815 313 20320 323 14691
28369 241 42732 241 23815 313 48926 323 14691
28369 241 42732 241 23815 313 63852 323 14691
28369 241 42732 241 23815 313 68348 323 14691
28369 241 42732 241 23815 313 36101 323 14691
28369 241 42732 241 23815 313 1856 323 14691
28369 241 67909 105 22800 300 64408 211 14691
28369 300 62434 211 38348 300 55212 211 14691
28369 300 62434 211 33697 300 4173 211 14691
28369 300 62434 211 33697 300 62849 211 14691
28369 300 62434 211 33697 300 62879 211 14691
28369 300 62434 211 33697 300 16843 211 14691
28369 300 62434 211 33697 300 17426 211 14691
28369 300 62434 211 33697 300 23323 211 14691
28369 300 62434 211 24058 300 33456 211 14691
