67908 241 14691
67908 300 62434 211 14691
67908 313 18855 323 14691
67908 109 62961 241 28369 241 14691
67908 109 70485 313 46000 323 14691
67908 109 70485 313 29580 323 14691
67908 109 70485 313 3377 323 14691
67908 109 70485 313 17688 323 14691
67908 109 67470 109 21202 241 14691
67908 172 22800 300 64408 211 14691
67908 172 26159 300 65810 211 14691
67908 172 26159 300 17629 211 14691
67908 172 26159 300 26313 211 14691
67908 172 26159 300 74587 211 14691
67908 109 8220 350 6841 313 19295 323 14691
67908 109 8220 341 71754 313 16619 323 14691
67908 241 36280 177 70708 313 10036 323 14691
67908 241 36280 177 70708 313 19607 323 14691
67908 241 54601 138 65013 313 55523 323 14691
67908 241 54601 138 65013 313 57685 323 14691
67908 172 22800 321 24058 262 36101 323 14691
67908 172 22800 321 24058 262 54744 323 14691
67908 172 22800 321 24058 262 68699 323 14691
67908 172 22800 321 24058 262 44620 323 14691
67908 172 22800 321 24058 262 63290 323 14691
67908 172 22800 321 24058 262 12217 323 14691
67908 172 22800 321 24058 262 10368 323 14691
67908 172 22800 321 24058 262 3690 323 14691
67908 172 22800 321 24058 300 62849 211 14691
67908 172 22800 321 24058 300 17426 211 14691
67908 172 22800 321 24058 300 4173 211 14691
67908 172 22800 321 24058 300 62879 211 14691
67908 172 22800 321 24058 300 16843 211 14691
67908 172 22800 321 24058 300 33456 211 14691
67908 172 22800 321 24058 300 55212 211 14691
67908 172 22800 321 24058 300 23323 211 14691
67908 300 62434 211 61774 313 60653 323 14691
67908 300 62434 211 61774 313 19567 323 14691
67908 300 62434 211 61774 313 9972 323 14691
67908 300 62434 211 61774 313 54069 323 14691
67908 300 62434 211 61774 313 58482 323 14691
67908 300 62434 211 61774 313 48926 323 14691
67908 300 62434 211 61774 313 68348 323 14691
67908 300 62434 211 6495 313 73158 323 14691
67908 313 18855 323 53829 313 21680 323 14691
67908 313 18855 323 23815 313 47265 323 14691
67908 313 18855 323 23815 313 18285 323 14691
67908 313 18855 323 23815 313 20320 323 14691
67908 313 18855 323 23815 313 63852 323 14691
67908 313 18855 323 23815 313 1856 323 14691
