10896 117 3580
10896 217 9911 5 5190 117 3580
10896 217 9911 5 8511 117 3580
10896 217 9911 5 44022 117 3580
10896 217 9911 5 5411 117 3580
10896 217 9911 5 15254 117 3580
10896 217 9911 5 7077 117 3580
10896 217 9911 5 2913 117 3580
10896 217 9911 5 36374 117 3580
10896 217 9911 5 10519 117 3580
10896 217 9911 5 1293 117 3580
10896 217 9911 5 51442 117 3580
10896 217 9911 5 28573 117 3580
10896 217 9911 5 23800 117 3580
10896 217 9911 5 17439 117 3580
10896 217 9911 5 54296 117 3580
10896 217 9911 5 64733 117 3580
10896 217 9911 5 9678 117 3580
10896 80 38944 315 16193 117 3580
10896 80 38944 315 34691 117 3580
10896 80 38944 315 29777 117 3580
10896 80 38944 315 17077 117 3580
10896 80 38944 315 60075 117 3580
10896 80 38944 315 50899 117 3580
10896 80 38944 315 4901 117 3580
10896 80 38944 315 26509 117 3580
10896 80 38944 315 28684 117 3580
10896 296 48786 99 22832 117 3580
10896 85 17058 112 69541 117 3580
10896 85 17058 112 13120 117 3580
10896 85 17058 112 18499 117 3580
10896 85 17058 112 11324 117 3580
10896 85 17058 112 46614 117 3580
10896 85 17058 191 53084 117 3580
10896 85 17058 191 14651 117 3580
10896 384 61656 123 29094 117 3580
10896 384 3650 123 3850 117 3580
10896 384 3650 123 14463 117 3580
10896 384 3650 123 19728 117 3580
10896 384 3650 123 71660 117 3580
10896 384 3650 123 60314 117 3580
10896 384 3650 123 55941 117 3580
10896 384 3650 123 57492 117 3580
10896 384 3650 123 14454 117 3580
10896 384 3650 123 50525 117 3580
10896 384 6901 123 16083 117 3580
10896 384 25456 123 68823 117 3580
10896 384 25456 123 64780 117 3580
10896 384 25456 123 36387 117 3580
10896 384 25456 123 60272 117 3580
10896 265 19933 64 43544 117 3580
10896 265 4148 75 14466 117 3580
10896 217 9911 5 44022 330 72713 117 3580
10896 217 9911 5 28511 386 38236 117 3580
10896 217 9911 5 28511 73 24184 117 3580
10896 217 9911 5 69700 42 50614 117 3580
10896 217 9911 5 69700 127 56567 117 3580
10896 217 9911 5 69700 127 10920 117 3580
10896 217 9911 5 69700 330 6925 117 3580
10896 80 38944 315 16193 42 73924 117 3580
10896 80 38944 315 48499 14 12538 117 3580
10896 80 38944 315 30294 66 44825 117 3580
10896 80 38944 315 30294 330 59420 117 3580
10896 80 38944 315 5496 398 43158 117 3580
10896 217 9911 5 48029 296 20492 99 62978 117 3580
10896 217 9911 5 38128 379 1483 88 37529 117 3580
10896 217 9911 5 5190 384 11708 123 48307 117 3580
10896 217 9911 5 5190 384 11708 123 57675 117 3580
10896 217 9911 5 5190 384 11708 123 62491 117 3580
10896 217 9911 5 15254 330 10280 330 11508 117 3580
10896 217 9911 5 15254 117 74409 334 49954 117 3580
10896 217 9911 5 15254 117 74409 334 19372 117 3580
10896 217 9911 5 37047 384 29452 123 26593 117 3580
10896 217 9911 5 23800 384 12956 123 14437 117 3580
10896 217 9911 5 48065 254 448 5 61812 117 3580
10896 217 9911 249 53751 255 49761 172 42209 117 3580
10896 80 38944 315 16193 42 73924 66 55012 117 3580
10896 80 38944 315 50899 384 69946 123 42724 117 3580
10896 80 38944 155 69092 294 37792 123 21307 117 3580
10896 384 61656 297 61222 231 69462 123 55087 117 3580
10896 80 38944 315 30294 66 15463 390 48278 14 50269 117 3580
10896 80 38944 315 6444 209 394 66 57356 42 50082 117 3580
