3850 117 3580
3850 384 3650 123 10896 117 3580
3850 384 3650 123 14463 117 3580
3850 384 3650 123 19728 117 3580
3850 384 3650 123 7077 117 3580
3850 384 3650 123 13120 117 3580
3850 384 3650 123 71660 117 3580
3850 384 3650 123 60314 117 3580
3850 384 3650 123 28573 117 3580
3850 384 3650 123 55941 117 3580
3850 384 3650 123 57492 117 3580
3850 384 3650 123 14454 117 3580
3850 384 3650 123 50525 117 3580
3850 384 3650 123 20624 14 23800 117 3580
3850 384 3650 123 7077 386 15254 117 3580
3850 384 3650 123 7077 386 28684 117 3580
3850 384 3650 123 26998 14 43544 117 3580
3850 384 3650 332 29065 31 50614 117 3580
3850 14 14954 27 45275 296 20492 99 5190 117 3580
3850 14 14954 27 45275 296 20492 99 29777 117 3580
3850 14 14954 27 45275 296 20492 99 17439 117 3580
3850 14 14954 27 45275 296 20492 99 62978 117 3580
3850 384 3650 282 72553 397 6570 123 29094 117 3580
3850 384 3650 282 72858 255 49761 172 42209 117 3580
3850 384 3650 282 72858 397 69946 123 42724 117 3580
3850 384 3650 282 72858 397 69946 123 50899 117 3580
3850 384 3650 282 72858 397 69462 123 55087 117 3580
3850 384 3650 282 72858 397 12956 123 14437 117 3580
3850 384 3650 282 72858 397 67239 123 14651 117 3580
3850 384 3650 282 72858 397 25456 123 22832 117 3580
3850 384 3650 282 72858 397 25456 123 68823 117 3580
3850 384 3650 282 72858 397 25456 123 64780 117 3580
3850 384 3650 282 72858 397 25456 123 36387 117 3580
3850 384 3650 282 72858 397 25456 123 60272 117 3580
3850 384 3650 282 72858 397 38325 123 60075 117 3580
3850 384 3650 282 72858 397 22368 123 4901 117 3580
3850 384 3650 282 72858 397 70778 123 57675 117 3580
3850 384 3650 282 72858 397 70778 123 16083 117 3580
3850 384 3650 282 72858 397 70778 123 10519 117 3580
3850 384 3650 282 72858 397 70778 123 26509 117 3580
3850 384 3650 282 45894 261 33744 123 11324 117 3580
3850 384 3650 282 45894 261 29452 123 44825 117 3580
3850 384 3650 282 45894 261 29452 123 34691 117 3580
3850 384 3650 282 45894 261 29452 123 62491 117 3580
3850 384 3650 282 45894 261 29452 123 26593 117 3580
3850 384 3650 282 7431 271 5496 398 43158 117 3580
3850 384 3650 123 10896 217 9911 5 8511 117 3580
3850 384 3650 123 10896 217 9911 5 44022 117 3580
3850 384 3650 123 10896 217 9911 5 5411 117 3580
3850 384 3650 123 10896 217 9911 5 2913 117 3580
3850 384 3650 123 10896 217 9911 5 36374 117 3580
3850 384 3650 123 10896 217 9911 5 1293 117 3580
3850 384 3650 123 10896 217 9911 5 51442 117 3580
3850 384 3650 123 10896 217 9911 5 54296 117 3580
3850 384 3650 123 10896 217 9911 5 64733 117 3580
3850 384 3650 123 10896 217 9911 5 9678 117 3580
3850 384 3650 123 10896 80 38944 315 16193 117 3580
3850 384 3650 123 10896 80 38944 315 17077 117 3580
3850 384 3650 123 10896 85 17058 112 69541 117 3580
3850 384 3650 123 10896 85 17058 112 18499 117 3580
3850 384 3650 123 10896 85 17058 112 46614 117 3580
3850 384 3650 123 10896 85 17058 191 53084 117 3580
3850 384 3650 123 10896 265 4148 75 14466 117 3580
3850 384 3650 123 20624 67 29793 330 49954 117 3580
3850 384 3650 123 20624 67 29793 330 72713 117 3580
3850 384 3650 123 19728 384 11708 123 48307 117 3580
3850 384 3650 123 7077 379 1483 88 37529 117 3580
3850 384 3650 123 7077 42 69700 127 56567 117 3580
3850 384 3650 123 7077 42 69700 127 10920 117 3580
3850 384 3650 123 7077 42 69700 330 6925 117 3580
3850 384 3650 123 14454 117 22981 334 59420 117 3580
3850 384 3650 124 74373 217 448 5 61812 117 3580
3850 384 3650 75 69092 294 64590 123 55012 117 3580
3850 384 3650 75 69092 294 37792 123 21307 117 3580
3850 384 3650 297 61222 231 31808 123 19372 117 3580
3850 14 14954 27 45275 296 20492 99 61975 127 11508 117 3580
3850 384 3650 123 10896 217 9911 5 28511 386 38236 117 3580
3850 384 3650 123 10896 217 9911 5 28511 73 24184 117 3580
3850 384 3650 123 10896 80 38944 315 16193 42 73924 117 3580
3850 384 3650 123 10896 80 38944 315 48499 14 12538 117 3580
3850 384 3650 124 16436 292 52898 338 394 66 57356 42 50082 117 3580
3850 384 3650 123 10896 80 38944 315 30294 66 15463 390 48278 14 50269 117 3580
