4845 184 37161
4845 184 12856 189 7466 184 37161
4845 184 12856 189 67657 184 37161
4845 184 12856 189 72329 184 37161
4845 184 12856 189 44144 184 37161
4845 184 12856 189 33483 184 37161
4845 184 12856 189 41910 184 37161
4845 184 12856 189 7721 184 37161
4845 184 12856 189 33274 184 37161
4845 184 12856 308 55364 0 37161
4845 184 12856 308 20572 308 37161
4845 184 12856 308 20572 0 37161
4845 184 12856 189 67657 184 56649 308 37161
4845 184 12856 189 44144 184 3583 0 37161
4845 184 12856 189 41910 350 16500 184 37161
4845 184 12856 195 50149 9 66925 9 37161
4845 184 12856 189 67657 184 56649 189 26169 184 37161
4845 184 12856 189 67657 184 62798 189 51124 184 37161
4845 184 12856 189 67657 184 3116 189 54180 184 37161
4845 184 12856 189 44144 328 20612 181 41387 81 37161
4845 184 12856 189 44144 311 39456 380 58802 184 37161
4845 184 12856 189 67657 184 56649 344 8546 6 22928 184 37161
4845 184 12856 189 67657 184 62798 273 53616 58 6971 184 37161
