4845 184 12856
4845 184 37161 189 7466 184 12856
4845 184 37161 189 67657 184 12856
4845 184 37161 189 72329 184 12856
4845 184 37161 189 44144 184 12856
4845 184 37161 189 33483 184 12856
4845 184 37161 189 41910 184 12856
4845 184 37161 189 7721 184 12856
4845 184 37161 189 33274 184 12856
4845 184 37161 308 55364 0 12856
4845 184 37161 308 20572 308 12856
4845 184 37161 308 20572 0 12856
4845 184 37161 308 55364 308 65378 308 12856
4845 184 37161 308 55364 0 33853 308 12856
4845 184 37161 308 55364 0 71853 184 12856
4845 184 37161 308 20572 195 50149 9 12856
4845 184 37161 195 66925 378 36660 39 12856
4845 184 37161 195 66925 378 20936 39 12856
4845 184 37161 195 66925 378 58233 39 12856
4845 184 37161 0 56649 187 36040 184 12856
4845 184 37161 189 44144 184 27817 189 75180 184 12856
4845 184 37161 189 44144 184 27817 189 75180 371 54630 184 12856
4845 184 37161 189 44144 184 27817 189 75180 371 19820 184 12856
