15215 369 73592
15215 332 65857 31 64880 369 73592
15215 332 65857 31 44399 369 73592
15215 332 65857 31 73460 28 73592
15215 332 65857 31 73460 369 73592
15215 332 65857 31 73460 252 73592
15215 332 65857 31 37791 369 73592
15215 332 65857 31 51172 369 73592
15215 332 65857 31 11497 369 73592
15215 332 65857 31 47505 369 73592
15215 332 65857 31 65174 28 73592
15215 332 65857 31 48048 28 73592
15215 332 65857 31 16834 28 73592
15215 332 65857 31 58804 369 73592
15215 332 65857 31 101 28 73592
15215 332 65857 31 32357 28 73592
15215 332 65857 31 59220 369 73592
15215 332 65857 31 28491 252 73592
15215 332 65857 31 20794 369 73592
15215 332 65857 31 75212 369 73592
15215 332 65857 31 48726 369 73592
15215 332 65857 31 45416 369 73592
15215 332 65857 31 21330 369 73592
15215 332 65857 31 4445 28 73592
15215 332 65857 31 4445 369 73592
15215 332 65857 31 37302 28 73592
15215 332 65857 31 73556 369 73592
15215 332 65857 31 39957 369 73592
15215 332 65857 31 43961 369 73592
15215 332 65857 31 50290 369 73592
15215 332 65857 31 25928 28 73592
15215 332 65857 31 5319 369 73592
15215 332 65857 31 64904 277 73592
15215 332 65857 31 28376 28 73592
15215 332 65857 31 29427 28 73592
15215 332 65857 31 72636 28 73592
15215 332 65857 31 17630 28 73592
15215 332 65857 31 52577 369 73592
15215 332 65857 31 36596 252 73592
15215 332 65857 31 36596 151 73592
15215 332 65857 369 14858 28 73592
15215 332 65856 31 70122 28 73592
15215 332 65856 31 52492 369 73592
15215 332 65856 31 24058 28 73592
15215 332 65856 31 23636 369 73592
15215 332 65856 31 6346 28 73592
15215 332 65856 31 26801 28 73592
15215 332 65856 31 58756 369 73592
15215 332 65856 31 59413 28 73592
15215 332 65856 369 50528 28 73592
15215 332 65861 31 51574 369 73592
15215 332 65861 31 71680 28 73592
15215 332 65861 31 17624 369 73592
15215 332 65861 31 32838 28 73592
15215 332 65861 31 36301 369 73592
15215 332 65861 31 28411 369 73592
15215 332 65861 31 15847 369 73592
15215 332 65861 31 31636 369 73592
15215 332 65861 31 61103 369 73592
15215 332 65861 31 50376 369 73592
15215 332 65861 31 66047 369 73592
15215 332 65861 31 1682 252 73592
15215 332 65861 31 18999 369 73592
15215 332 68334 31 66085 252 73592
15215 332 68334 31 66085 369 73592
15215 332 65857 31 12741 336 53751 28 73592
15215 332 65857 31 12741 336 53751 369 73592
15215 332 65857 31 24865 303 19766 369 73592
15215 332 65857 31 1444 383 47902 114 73592
15215 332 65857 31 20689 356 28306 28 73592
15215 332 65857 31 73556 358 2588 28 73592
15215 332 65857 31 5319 75 63459 369 73592
15215 332 65857 31 28376 369 60073 369 73592
15215 332 65857 31 58806 252 96 369 73592
15215 332 65857 31 58806 102 60885 28 73592
15215 332 65857 31 29427 383 73168 369 73592
15215 332 65857 31 29427 369 73831 369 73592
15215 332 65857 31 53927 90 32929 28 73592
15215 332 65857 31 40298 93 40846 28 73592
15215 332 65857 31 63694 262 44811 369 73592
15215 332 65857 31 74555 32 75101 28 73592
15215 332 65857 151 33054 277 74956 252 73592
15215 332 65857 151 33054 277 9441 28 73592
15215 332 65857 151 33054 277 66132 252 73592
15215 332 65857 151 33054 277 1499 28 73592
15215 332 65857 151 33054 277 3027 28 73592
15215 332 65857 151 33054 277 19162 151 73592
15215 332 65857 151 33054 277 19162 252 73592
15215 332 65857 151 33054 277 16913 151 73592
15215 332 65857 151 33054 277 58269 28 73592
15215 332 65857 151 33054 277 50308 151 73592
15215 332 65857 151 33054 277 7370 151 73592
15215 332 65857 151 33054 277 7370 252 73592
15215 332 65857 151 33054 277 70909 28 73592
15215 332 65857 151 33054 277 7556 151 73592
15215 332 65857 151 33054 277 8358 151 73592
15215 332 65857 151 33054 277 28518 28 73592
15215 332 65857 151 33054 277 65954 252 73592
15215 332 65857 151 33054 277 35479 28 73592
15215 332 65857 151 33054 277 48801 252 73592
15215 332 65857 151 33054 277 70832 252 73592
15215 332 65857 151 33054 277 74609 28 73592
15215 332 65857 151 33054 277 75096 28 73592
15215 332 65857 151 33054 277 45946 28 73592
15215 332 65857 151 33054 277 41869 28 73592
15215 332 65857 151 33054 277 23740 28 73592
15215 332 65857 151 33054 277 46030 28 73592
15215 332 65857 151 33054 277 22252 28 73592
15215 332 65857 151 33054 277 68088 28 73592
15215 332 65857 151 33054 277 45700 151 73592
15215 332 65857 151 33054 277 27946 28 73592
15215 332 65857 151 33054 252 57918 28 73592
15215 332 65857 151 33054 252 16953 28 73592
15215 332 65857 151 33054 252 34525 28 73592
15215 332 65857 151 33054 252 11736 28 73592
15215 332 65857 151 33054 32 488 369 73592
15215 332 65857 151 33054 32 58239 369 73592
15215 332 65857 151 33054 32 58239 28 73592
15215 332 65857 151 33054 32 70186 369 73592
15215 332 65857 151 33054 32 44566 114 73592
15215 332 65857 151 33054 32 65545 369 73592
15215 332 65857 151 33054 32 65545 28 73592
15215 332 65857 151 33054 32 8156 369 73592
15215 332 65857 151 33054 32 28747 28 73592
15215 332 65857 151 33054 32 47062 369 73592
15215 332 65857 151 33054 32 56476 28 73592
15215 332 65857 151 33054 32 17084 369 73592
15215 332 65857 151 33054 32 40450 369 73592
15215 332 65857 369 60841 392 42302 28 73592
15215 332 65857 369 41897 252 47616 369 73592
15215 332 65857 369 41897 252 54994 369 73592
15215 332 65857 369 41897 277 29320 252 73592
15215 332 65857 369 41897 32 16003 369 73592
15215 332 65857 369 41897 32 16003 252 73592
15215 332 65857 369 41897 32 15985 252 73592
15215 332 65857 369 41897 28 31299 15 73592
15215 332 65857 369 14858 277 51363 369 73592
15215 332 65857 369 19933 383 65235 369 73592
15215 332 65857 369 19933 75 6749 369 73592
15215 332 65856 31 42618 6 1949 369 73592
15215 332 65856 31 32376 358 73900 369 73592
15215 332 65856 31 24058 196 40673 252 73592
15215 332 65861 31 61103 277 55880 369 73592
15215 332 68334 31 39520 75 12948 28 73592
15215 332 68334 252 69092 114 9561 28 73592
15215 332 68334 252 69092 294 38911 369 73592
15215 332 68334 252 69092 294 43908 369 73592
15215 332 68334 252 69092 294 55989 369 73592
15215 332 68334 252 69092 294 65157 369 73592
15215 332 68334 252 69092 294 40049 369 73592
15215 332 68334 252 69092 294 41173 28 73592
15215 332 68334 252 69092 151 45084 369 73592
15215 332 68334 252 69092 383 33361 369 73592
15215 369 53065 332 29065 31 366 369 73592
15215 369 53065 332 29065 31 10174 369 73592
15215 369 53065 332 29065 31 47566 369 73592
15215 369 53065 332 29065 31 37542 369 73592
15215 369 53065 332 29065 31 11766 369 73592
15215 369 53065 332 29065 31 26019 369 73592
15215 369 53065 332 29065 31 22045 369 73592
15215 332 65857 31 27985 332 29064 31 60741 369 73592
15215 332 65857 31 15024 6 38128 15 26569 369 73592
15215 332 65857 31 72079 382 429 6 32245 369 73592
15215 332 65857 31 72079 300 66239 211 9015 369 73592
15215 332 65857 31 72079 300 62434 211 35098 369 73592
15215 332 65857 31 72079 256 54168 254 43173 369 73592
15215 332 65857 31 72079 256 54168 254 11202 369 73592
15215 332 65857 31 72079 256 54168 254 26681 369 73592
15215 332 65857 31 44571 252 6067 151 49455 369 73592
15215 332 65857 31 72862 369 53811 151 26783 369 73592
15215 332 65857 31 72862 369 53811 252 15098 369 73592
15215 332 65857 31 44399 356 18597 373 68889 369 73592
15215 332 65857 31 12741 336 53751 277 61155 369 73592
15215 332 65857 31 12741 336 53751 28 32498 15 73592
15215 332 65857 31 12741 336 53751 28 32498 398 73592
15215 332 65857 31 12741 336 53751 28 20824 15 73592
15215 332 65857 31 12741 336 53751 28 20824 398 73592
15215 332 65857 31 12741 336 53751 256 19177 15 73592
15215 332 65857 31 65908 114 72858 155 56624 369 73592
15215 332 65857 31 65908 256 68483 217 41653 28 73592
15215 332 65857 31 30109 28 30480 358 18310 369 73592
15215 332 65857 31 1444 383 18556 75 56339 369 73592
15215 332 65857 31 1444 297 59204 75 59390 369 73592
15215 332 65857 31 21455 369 53786 277 21543 369 73592
15215 332 65857 369 19933 277 20194 356 55914 369 73592
15215 332 65861 31 5604 110 42192 385 43154 15 73592
15215 332 65857 31 15024 332 29052 31 63774 151 38932 252 73592
15215 332 65857 31 15024 332 29052 31 63774 151 38932 369 73592
