15215 369 53065
15215 332 65857 151 33054 277 53065
15215 332 65861 31 64361 369 53065
15215 332 65861 31 64361 358 53065
15215 332 65861 31 64361 252 53065
15215 332 65857 31 15024 332 29065 31 53065
15215 332 65857 31 15024 332 29061 31 53065
15215 332 65857 31 64880 213 58833 121 53065
15215 332 65857 31 27162 32 3682 151 53065
15215 332 65857 31 25131 358 30855 151 53065
15215 332 65857 151 33054 277 70644 369 53065
15215 332 65861 31 61103 213 43450 121 53065
15215 332 68334 369 60562 383 48288 369 53065
15215 369 73592 277 54994 28 57734 252 53065
15215 369 73592 277 54994 28 57734 369 53065
15215 332 65857 31 65908 114 72858 155 55659 369 53065
15215 332 65857 31 65908 114 72858 100 7640 369 53065
15215 332 65857 31 1444 383 54177 75 71919 252 53065
15215 332 65857 31 1444 383 54177 75 71919 369 53065
