23473 369 25489
23473 151 33054 369 25489
23473 332 29065 31 29281 369 25489
23473 332 29065 31 30622 369 25489
23473 332 29065 31 23736 369 25489
23473 332 29065 31 19189 369 25489
23473 332 29065 31 27162 369 25489
23473 332 29065 31 47399 369 25489
23473 332 29065 31 73217 369 25489
23473 332 29065 31 53002 369 25489
23473 332 29065 31 54914 369 25489
23473 332 29065 31 21807 369 25489
23473 332 29065 31 40409 369 25489
23473 332 29065 31 17091 369 25489
23473 332 29065 31 31066 369 25489
23473 332 29065 31 33971 369 25489
23473 332 29065 31 22911 369 25489
23473 332 29065 31 30355 369 25489
23473 332 29065 31 30916 369 25489
23473 332 29065 31 49417 369 25489
23473 332 29065 31 8180 369 25489
23473 332 29065 31 11742 369 25489
23473 332 29065 31 29327 369 25489
23473 332 29065 31 18230 369 25489
23473 332 29065 31 74370 369 25489
23473 332 29065 31 13914 369 25489
23473 332 29065 31 6580 369 25489
23473 332 29065 31 9579 369 25489
23473 332 29065 31 2136 369 25489
23473 332 29065 31 35519 369 25489
23473 332 29065 31 63479 369 25489
23473 332 29065 31 55759 369 25489
23473 332 29065 31 4960 369 25489
23473 151 33054 252 67734 369 25489
23473 151 33054 252 64725 369 25489
23473 151 33054 252 52207 369 25489
23473 151 33054 252 60910 369 25489
23473 151 33054 252 55035 369 25489
23473 151 33054 252 22223 369 25489
23473 151 33054 252 38527 369 25489
23473 151 33054 252 67260 369 25489
23473 151 33054 252 23988 369 25489
23473 151 33054 252 45049 369 25489
23473 151 33054 252 2511 369 25489
23473 151 33054 252 15647 369 25489
23473 151 33054 252 14098 369 25489
23473 151 33054 252 32988 369 25489
23473 151 33054 252 12718 369 25489
23473 151 33054 252 55478 369 25489
23473 151 33054 252 6943 369 25489
23473 151 33054 252 11950 369 25489
23473 151 33054 252 20596 369 25489
23473 151 33054 252 18015 369 25489
23473 332 29065 31 63489 102 936 369 25489
23473 332 29065 31 24058 196 67996 369 25489
23473 332 29065 31 58806 252 51402 369 25489
23473 151 33054 277 25328 252 55570 369 25489
23473 151 33054 277 39428 369 53786 369 25489
23473 151 33054 277 60841 75 17449 369 25489
23473 151 33054 252 65857 31 57736 369 25489
23473 151 33054 252 12294 252 60475 369 25489
23473 151 33054 332 29052 31 57434 369 25489
23473 332 29065 31 12921 332 65855 31 60632 369 25489
23473 332 29065 31 12921 332 29064 31 75389 369 25489
23473 332 29065 31 34575 332 65853 31 13139 369 25489
23473 332 29065 31 34575 358 9577 28 39652 369 25489
23473 332 29065 31 27423 359 54498 102 72151 369 25489
23473 332 29065 31 65908 396 58146 102 69704 369 25489
23473 332 29065 31 8640 28 18032 358 64072 369 25489
23473 332 29065 31 2748 6 3354 140 11899 162 42129 140 14296 369 25489
