33922 369 3643
33922 105 27339 172 32357 369 3643
33922 105 27339 172 58806 369 3643
33922 300 59812 211 53751 369 3643
33922 300 59812 211 18999 252 3643
33922 300 59812 211 18999 369 3643
33922 300 62434 211 65174 369 3643
33922 300 62434 211 65174 252 3643
33922 300 62434 211 28306 369 3643
33922 369 15647 277 38768 369 3643
33922 369 15647 277 27162 369 3643
33922 369 15647 277 30522 369 3643
33922 369 15647 32 48225 75 3643
33922 369 15647 32 64021 75 3643
33922 369 33054 277 3027 32 3643
33922 369 33054 277 50986 369 3643
33922 369 33054 277 16834 369 3643
33922 369 33054 277 10481 155 3643
33922 369 33054 277 58269 32 3643
33922 369 33054 277 41869 32 3643
33922 369 33054 32 2532 75 3643
33922 105 27339 172 32357 271 21435 252 3643
33922 105 27339 105 72636 339 19933 151 3643
33922 300 59812 211 14858 75 48546 75 3643
33922 300 59812 211 71749 32 51420 369 3643
33922 300 62434 211 58804 397 59413 75 3643
33922 369 33054 277 7419 52 32937 75 3643
33922 369 33054 277 59599 32 61365 75 3643
33922 369 33054 277 60841 392 42302 75 3643
33922 105 27339 172 72079 75 41897 32 49576 75 3643
