33922 369 28369
33922 300 62434 211 28369
33922 105 27339 172 26159 172 28369
33922 105 27339 172 26159 105 28369
33922 300 62434 211 14691 341 28369
33922 300 62434 211 67332 241 28369
33922 300 62434 211 67332 341 28369
33922 300 62434 211 16371 172 28369
33922 300 62434 211 16371 105 28369
33922 300 62434 211 41816 341 28369
33922 300 62434 211 41816 241 28369
33922 300 62434 211 26039 241 28369
33922 300 62434 211 26039 341 28369
33922 300 59812 211 36020 311 39456 380 28369
33922 300 59812 211 16633 109 62961 241 28369
33922 300 59812 211 16633 109 22078 341 28369
33922 300 59812 211 16633 109 22078 241 28369
33922 300 59812 211 16633 13 13996 241 28369
33922 300 59812 211 16633 13 13996 341 28369
33922 300 59812 211 16633 13 71754 109 28369
33922 300 59812 211 16633 13 71754 241 28369
33922 300 59812 211 16633 13 71754 350 28369
33922 300 59812 211 16633 13 71754 341 28369
33922 300 59812 211 16633 241 45228 350 28369
33922 300 59812 211 16633 241 45228 341 28369
33922 300 59812 211 16633 241 45228 109 28369
33922 300 59812 211 16633 241 45228 241 28369
33922 300 62434 211 14691 313 29580 323 28369
33922 300 62434 211 67908 241 49185 241 28369
33922 300 62434 211 67908 241 49185 341 28369
33922 300 62434 211 67908 241 16344 241 28369
33922 300 62434 211 67908 241 16344 341 28369
33922 300 62434 211 67908 241 45684 177 28369
33922 300 62434 211 67908 313 25802 323 28369
33922 300 62434 211 16371 172 67909 109 28369
33922 300 62434 211 16371 172 67909 241 28369
33922 300 62434 211 16371 172 67909 13 28369
33922 300 62434 211 16371 172 67909 350 28369
33922 300 62434 211 16371 172 67909 341 28369
33922 300 62434 211 16371 172 67909 12 28369
33922 300 62434 211 48711 262 42732 341 28369
33922 300 62434 211 21208 109 44558 341 28369
33922 300 62434 211 16500 313 48613 323 28369
33922 369 33054 277 41491 152 32225 323 28369
33922 300 59812 211 36020 311 39456 380 9199 350 28369
33922 300 62434 211 14691 313 29580 323 9670 241 28369
33922 300 62434 211 14691 313 29580 323 9670 109 28369
33922 300 62434 211 14691 313 29580 323 9670 350 28369
33922 300 62434 211 14691 313 29580 323 9670 341 28369
