33922 369 15647
33922 369 33054 252 15647
33922 369 33054 151 15647
33922 105 27339 172 32357 369 15647
33922 105 27339 172 58806 369 15647
33922 300 59812 211 53751 369 15647
33922 300 62434 211 65174 369 15647
33922 300 62434 211 65174 252 15647
33922 369 33054 277 38768 369 15647
33922 369 33054 277 30522 369 15647
33922 369 33054 252 15162 252 15647
33922 369 33054 252 15162 151 15647
33922 369 33054 32 4445 75 15647
33922 369 33054 32 48225 75 15647
33922 369 33054 32 38944 369 15647
33922 369 33054 369 27162 369 15647
33922 369 33054 369 27162 277 15647
33922 369 33054 369 25489 277 15647
33922 369 3643 32 64021 75 15647
33922 300 62434 211 73460 277 58756 369 15647
33922 105 27339 172 72079 383 69092 294 60927 75 15647
