35454 369 41154
35454 358 41154
35454 252 41154
35454 32 59627 332 1705 31 30109 303 41154
35454 32 59627 332 65856 151 33054 252 41154
35454 32 59627 332 65856 369 41897 277 41154
35454 32 59627 332 29052 31 43908 252 41154
35454 32 59627 332 29052 31 43908 369 41154
35454 32 59627 332 29052 31 43908 358 41154
35454 32 59627 332 29052 31 24817 369 41154
35454 32 59627 32 60841 75 28162 252 41154
35454 32 59627 32 60841 252 6067 151 41154
35454 32 59627 332 1705 31 72079 332 51358 369 41154
35454 32 59627 332 1705 31 64880 396 54516 35 41154
35454 32 59627 332 1705 31 30109 342 64632 101 41154
35454 32 59627 332 1705 31 30109 342 64632 303 41154
35454 32 59627 332 1705 31 17373 28 24856 252 41154
35454 32 59627 332 1705 31 17373 28 24856 151 41154
35454 32 59627 332 1705 31 17373 28 24856 358 41154
35454 32 59627 332 1705 31 17373 373 44431 369 41154
35454 32 59627 332 1705 31 6326 369 9782 369 41154
35454 32 59627 332 1705 31 19933 277 60966 369 41154
35454 32 59627 332 1705 31 19933 75 61756 369 41154
35454 32 59627 332 1705 31 29427 75 34931 252 41154
35454 32 59627 332 1705 31 29427 75 49833 369 41154
35454 32 59627 332 65855 31 21890 75 28155 151 41154
35454 32 59627 332 65856 151 33054 252 62108 151 41154
35454 32 59627 332 65856 369 41897 252 47616 252 41154
35454 32 59627 332 65856 369 41897 252 47616 369 41154
35454 32 59627 332 65856 369 41897 252 47616 358 41154
35454 32 59627 332 65856 369 41897 277 29337 252 41154
35454 32 59627 332 65856 369 41897 277 29337 369 41154
35454 32 59627 332 65856 369 41897 277 29337 358 41154
35454 32 59627 332 65856 369 50528 151 9948 369 41154
35454 32 59627 332 29052 31 14859 272 64321 252 41154
35454 32 59627 332 29052 31 14859 272 64321 369 41154
35454 32 59627 332 23453 31 45550 8 17603 369 41154
35454 32 59627 332 29065 31 67704 277 73911 369 41154
35454 32 59627 332 29061 369 9132 75 51976 369 41154
35454 32 59627 332 29061 369 9132 75 53913 369 41154
35454 32 59627 332 29061 369 9132 75 3287 369 41154
35454 32 59627 332 29061 369 9132 75 43347 369 41154
35454 32 59627 332 29061 369 9132 75 10821 369 41154
35454 32 59627 332 29061 369 9132 75 10821 358 41154
35454 32 59627 332 29061 369 9132 75 27830 252 41154
35454 32 59627 332 29061 369 9132 75 27830 369 41154
35454 32 59627 332 29061 369 9132 75 27830 358 41154
35454 32 59627 332 29061 369 9132 75 20084 369 41154
35454 32 59627 332 29061 369 9132 75 52616 369 41154
35454 32 59627 32 60841 75 21109 155 40594 369 41154
35454 32 59627 32 60841 75 21109 155 25394 369 41154
35454 32 59627 32 60841 161 62261 272 65699 369 41154
35454 32 59627 332 1705 31 17373 373 70892 277 14283 369 41154
35454 32 59627 332 1705 31 17373 373 25328 28 36495 252 41154
35454 32 59627 332 1705 31 17373 373 25328 28 36495 151 41154
35454 32 59627 332 1705 31 17373 373 25328 28 36495 358 41154
35454 32 59627 332 1705 31 17373 164 6170 256 54349 254 41154
35454 32 59627 332 1705 31 17373 164 6170 256 54349 217 41154
35454 32 59627 332 1705 31 29427 369 73831 252 40830 252 41154
35454 32 59627 332 1705 31 29427 369 73831 252 40830 151 41154
35454 32 59627 332 1705 31 29427 369 73831 252 40830 358 41154
35454 32 59627 332 1705 31 29427 369 73831 277 53273 369 41154
35454 32 59627 332 1705 31 29427 369 73831 277 53273 358 41154
35454 32 59627 332 1705 31 29427 369 73831 277 28858 369 41154
35454 32 59627 332 1705 31 59220 5 39870 398 36093 141 797 252 41154
35454 32 59627 332 1705 31 72636 285 18017 287 41169 254 50124 369 41154
35454 32 59627 332 1705 31 72636 285 18017 287 41169 254 50124 358 41154
