36307 369 53811
36307 151 41897 252 7377 369 53811
36307 151 41897 252 72862 369 53811
36307 151 41897 252 4830 369 53811
36307 151 41897 252 56476 369 53811
36307 151 41897 252 34386 369 53811
36307 151 41897 252 28323 369 53811
36307 151 41897 252 48632 369 53811
36307 151 41897 252 38944 369 53811
36307 151 41897 252 16256 369 53811
36307 151 41897 252 70550 369 53811
36307 151 41897 252 23607 369 53811
36307 151 41897 252 37673 369 53811
36307 151 41897 252 60170 369 53811
36307 151 41897 252 35180 369 53811
36307 151 41897 252 17020 369 53811
36307 151 41897 252 34324 369 53811
36307 151 41897 252 50391 369 53811
36307 151 41897 252 60885 369 53811
36307 151 41897 252 32512 369 53811
36307 151 41897 252 10512 369 53811
36307 151 41897 252 36233 369 53811
36307 151 41897 252 72838 369 53811
36307 151 41897 252 3592 369 53811
36307 151 41897 252 41972 369 53811
36307 151 41897 252 731 369 53811
36307 151 41897 252 75205 369 53811
36307 151 41897 252 65174 369 53811
36307 151 41897 252 7747 369 53811
36307 151 41897 252 42166 369 53811
36307 151 41897 252 32357 369 53811
36307 151 41897 252 52683 369 53811
36307 151 41897 252 28572 369 53811
36307 151 41897 252 28747 369 53811
36307 151 41897 252 24988 369 53811
36307 151 41897 252 40951 369 53811
36307 151 41897 252 20394 369 53811
36307 151 41897 252 61202 369 53811
36307 151 41897 252 32762 369 53811
36307 151 41897 252 52920 369 53811
36307 151 41897 252 9122 369 53811
36307 151 41897 252 62962 369 53811
36307 151 41897 252 24723 369 53811
36307 151 41897 252 10289 369 53811
36307 151 41897 252 49685 369 53811
36307 151 41897 252 14858 369 53811
36307 151 41897 252 68471 369 53811
36307 151 41897 252 11565 369 53811
36307 151 41897 252 28806 369 53811
36307 151 41897 252 28376 369 53811
36307 151 41897 252 58806 369 53811
36307 151 41897 252 29427 369 53811
36307 151 41897 252 55680 369 53811
36307 151 41897 252 71012 369 53811
36307 151 41897 252 52301 369 53811
36307 151 41897 252 21458 369 53811
36307 151 41897 252 64151 369 53811
36307 151 41897 252 47635 369 53811
36307 151 41897 252 11842 369 53811
36307 151 41897 252 50528 369 53811
36307 151 41897 252 25110 369 53811
36307 151 41897 252 28306 369 53811
36307 151 41897 252 26159 369 53811
36307 151 41897 32 42581 252 53811
36307 383 69092 75 22017 369 53811
36307 383 69092 294 23029 369 53811
36307 383 69092 294 53151 369 53811
36307 383 69092 294 57305 369 53811
36307 383 69092 294 56770 369 53811
36307 383 69092 294 29358 369 53811
36307 383 69092 294 65908 369 53811
36307 383 69092 294 8870 369 53811
36307 383 69092 294 72233 369 53811
36307 383 69092 294 50078 369 53811
36307 383 69092 294 40637 369 53811
36307 383 69092 294 71647 369 53811
36307 383 69092 294 72854 369 53811
36307 383 69092 294 4350 369 53811
36307 383 69092 294 37001 369 53811
36307 252 6067 151 44597 369 53811
36307 252 6067 369 60250 369 53811
36307 151 41897 277 40309 31 67997 369 53811
36307 151 41897 277 68338 31 36571 369 53811
36307 151 41897 277 68339 31 51172 151 53811
36307 151 41897 277 65861 31 33697 151 53811
36307 151 41897 277 65861 31 67358 151 53811
36307 151 41897 277 65861 31 59152 151 53811
36307 151 41897 277 65861 31 52577 151 53811
36307 151 41897 277 65856 31 44399 151 53811
36307 151 41897 277 65856 31 1679 369 53811
36307 151 41897 277 65856 31 34695 151 53811
36307 151 41897 277 65856 31 46549 151 53811
36307 151 41897 277 65857 31 19670 369 53811
36307 151 41897 277 65857 31 70180 369 53811
36307 151 41897 32 71850 294 4279 369 53811
36307 151 41897 32 71850 294 64127 369 53811
36307 151 41897 32 71850 294 30705 369 53811
36307 151 41897 32 72079 382 60222 369 53811
36307 383 69092 142 39737 15 43173 151 53811
36307 383 69092 32 57047 364 37549 151 53811
36307 383 69092 294 60562 75 58483 369 53811
36307 383 69092 151 10045 31 11652 369 53811
36307 383 69092 151 10045 31 50337 369 53811
36307 383 69092 277 68807 31 27921 369 53811
36307 383 69092 277 29052 31 10174 252 53811
36307 383 69092 277 29052 31 10174 151 53811
36307 383 69092 277 29052 31 63774 369 53811
36307 383 69092 277 29052 31 33417 369 53811
36307 383 69092 277 29052 31 62745 151 53811
36307 383 69092 277 29065 31 60930 369 53811
36307 383 69092 277 29065 31 67704 151 53811
36307 383 69092 277 65853 31 63860 369 53811
36307 151 41897 252 7377 358 9577 28 28588 252 53811
36307 151 41897 252 7377 358 51607 28 5562 369 53811
36307 151 41897 252 7377 358 51607 28 8186 369 53811
36307 151 41897 252 7377 75 33054 277 27747 252 53811
36307 151 41897 252 7377 75 33054 277 27747 151 53811
36307 151 41897 252 7377 75 33054 32 62852 369 53811
36307 151 41897 252 72862 143 69742 113 25740 369 53811
36307 151 41897 252 72862 143 69742 113 54461 369 53811
36307 151 41897 252 56476 28 73592 277 15098 151 53811
36307 151 41897 252 56476 28 73592 277 26783 252 53811
36307 151 41897 252 56476 28 73592 277 26783 151 53811
36307 151 41897 252 60170 105 27339 172 63368 369 53811
36307 151 41897 252 60170 356 18597 373 71359 369 53811
36307 151 41897 32 1444 297 13183 277 46393 369 53811
