38768 369 15647
38768 369 33054 252 15647
38768 369 33054 151 15647
38768 332 65853 31 27162 369 15647
38768 332 65853 31 27162 277 15647
38768 332 65853 31 65174 369 15647
38768 332 65853 31 65174 252 15647
38768 332 65853 31 32357 369 15647
38768 332 65853 31 4445 75 15647
38768 332 65853 31 58806 369 15647
38768 332 65853 31 30522 369 15647
38768 369 33054 277 33922 369 15647
38768 369 33054 252 15162 252 15647
38768 369 33054 252 15162 151 15647
38768 369 33054 32 48225 75 15647
38768 369 33054 32 38944 369 15647
38768 369 33054 369 25489 277 15647
38768 369 3643 277 53751 369 15647
38768 369 3643 32 64021 75 15647
38768 332 65853 31 62557 277 58756 369 15647
38768 332 65853 369 69092 294 60927 75 15647
