38768 369 3643
38768 332 65853 31 27162 369 3643
38768 332 65853 31 50986 369 3643
38768 332 65853 31 65174 369 3643
38768 332 65853 31 65174 252 3643
38768 332 65853 31 16834 369 3643
38768 332 65853 31 32357 369 3643
38768 332 65853 31 58806 369 3643
38768 332 65853 31 32937 75 3643
38768 332 65853 31 30522 369 3643
38768 332 65853 31 28306 369 3643
38768 332 65853 369 19933 151 3643
38768 332 29061 31 59413 75 3643
38768 369 15647 277 33922 369 3643
38768 369 15647 277 53751 369 3643
38768 369 15647 32 48225 75 3643
38768 369 15647 32 64021 75 3643
38768 369 33054 277 3027 32 3643
38768 369 33054 277 10481 155 3643
38768 369 33054 277 58269 32 3643
38768 369 33054 277 41869 32 3643
38768 369 33054 32 2532 75 3643
38768 369 33054 32 18999 252 3643
38768 369 33054 32 18999 369 3643
38768 332 65853 31 56660 60 21435 252 3643
38768 332 65853 31 24058 196 51420 369 3643
38768 332 65853 31 6346 32 61365 75 3643
38768 332 65853 369 69092 294 48546 75 3643
38768 332 65853 369 69092 294 42302 75 3643
38768 332 65857 369 41897 32 49576 75 3643
