39652 369 25489
39652 358 9577 28 67734 369 25489
39652 358 51607 28 23736 369 25489
39652 358 51607 28 27162 369 25489
39652 358 9577 28 34575 369 33054 369 25489
39652 358 9577 28 62747 252 21807 369 25489
39652 358 9577 28 62747 252 18230 369 25489
39652 358 9577 28 18032 358 64072 369 25489
39652 358 9577 28 3592 102 936 369 25489
39652 358 9577 28 65174 369 15647 369 25489
39652 358 9577 28 14941 358 30355 369 25489
39652 358 9577 28 60797 358 72151 369 25489
39652 358 51607 28 27162 321 31066 369 25489
39652 358 51607 28 17726 252 51402 369 25489
39652 358 51607 28 24058 196 52207 369 25489
39652 358 51607 28 24058 196 73217 369 25489
39652 358 51607 28 24058 196 53002 369 25489
39652 358 51607 28 24058 196 30916 369 25489
39652 358 51607 28 24058 196 2136 369 25489
39652 358 51607 28 24058 196 67996 369 25489
39652 358 51607 28 14740 358 40409 369 25489
39652 358 9577 28 34575 332 65855 31 30622 369 25489
39652 358 9577 28 34575 332 65855 31 19189 369 25489
39652 358 9577 28 34575 332 65855 31 47399 369 25489
39652 358 9577 28 34575 332 65855 31 33971 369 25489
39652 358 9577 28 34575 332 65855 31 22911 369 25489
39652 358 9577 28 34575 332 65855 31 49417 369 25489
39652 358 9577 28 34575 332 65855 31 11742 369 25489
39652 358 9577 28 34575 332 65855 31 74370 369 25489
39652 358 9577 28 34575 332 65855 31 6943 369 25489
39652 358 9577 28 34575 332 65855 31 13914 369 25489
39652 358 9577 28 34575 332 65855 31 60632 369 25489
39652 358 9577 28 34575 332 65855 31 35519 369 25489
39652 358 9577 28 34575 332 65855 31 63479 369 25489
39652 358 9577 28 34575 332 65855 31 4960 369 25489
39652 358 9577 28 34575 332 65861 31 55759 369 25489
39652 358 9577 28 34575 332 65853 31 13139 369 25489
39652 358 9577 28 34575 332 29052 31 29281 369 25489
39652 358 9577 28 34575 332 29052 31 54914 369 25489
39652 358 9577 28 34575 332 29052 31 8180 369 25489
39652 358 9577 28 34575 332 29052 31 29327 369 25489
39652 358 9577 28 34575 332 29052 31 57434 369 25489
39652 358 9577 28 34575 332 29052 31 55478 369 25489
39652 358 9577 28 34575 332 29052 31 6580 369 25489
39652 358 9577 28 34575 332 29052 31 20596 369 25489
39652 358 9577 28 34575 332 23453 31 17091 369 25489
39652 358 9577 28 34575 332 29065 31 23473 369 25489
39652 358 9577 28 34575 332 29065 31 9579 369 25489
39652 358 9577 28 34575 369 33054 252 64725 369 25489
39652 358 9577 28 34575 369 33054 252 60910 369 25489
39652 358 9577 28 34575 369 33054 252 55035 369 25489
39652 358 9577 28 34575 369 33054 252 22223 369 25489
39652 358 9577 28 34575 369 33054 252 38527 369 25489
39652 358 9577 28 34575 369 33054 252 67260 369 25489
39652 358 9577 28 34575 369 33054 252 23988 369 25489
39652 358 9577 28 34575 369 33054 252 45049 369 25489
39652 358 9577 28 34575 369 33054 252 2511 369 25489
39652 358 9577 28 34575 369 33054 252 14098 369 25489
39652 358 9577 28 34575 369 33054 252 32988 369 25489
39652 358 9577 28 34575 369 33054 252 12718 369 25489
39652 358 9577 28 34575 369 33054 252 11950 369 25489
39652 358 9577 28 34575 369 33054 252 18015 369 25489
39652 358 9577 28 86 332 29064 31 75389 369 25489
39652 358 9577 28 23403 332 65857 31 57736 369 25489
39652 358 9577 28 616 6 53751 151 55570 369 25489
39652 358 51607 28 24058 196 60841 75 17449 369 25489
39652 358 51607 28 14740 398 23305 102 69704 369 25489
39652 358 9577 28 34575 332 29052 31 21455 369 53786 369 25489
39652 358 9577 28 34575 369 33054 252 12294 252 60475 369 25489
39652 358 9577 28 616 6 19933 64 3354 140 11899 162 42129 140 14296 369 25489
