40260 369 40754
40260 332 41016 31 22441 369 40754
40260 332 41016 31 227 369 40754
40260 332 41016 31 7646 369 40754
40260 151 33054 277 28650 151 40754
40260 151 33054 277 74956 151 40754
40260 151 33054 277 64735 151 40754
40260 151 33054 277 3030 151 40754
40260 151 33054 277 10933 151 40754
40260 151 33054 277 64178 151 40754
40260 151 33054 277 58456 151 40754
40260 151 33054 277 14032 151 40754
40260 151 33054 277 35533 151 40754
40260 151 33054 277 29174 151 40754
40260 151 33054 277 16853 151 40754
40260 151 33054 277 45391 151 40754
40260 151 33054 277 41361 151 40754
40260 151 33054 277 46292 151 40754
40260 151 33054 277 1606 151 40754
40260 151 33054 277 32929 151 40754
40260 151 33054 277 69413 151 40754
40260 151 33054 277 49171 358 40754
40260 151 33054 252 14798 369 40754
40260 151 33054 252 59683 369 40754
40260 151 33054 252 1299 369 40754
40260 151 33054 252 4399 369 40754
40260 151 33054 252 24775 369 40754
40260 151 33054 252 19515 369 40754
40260 151 33054 252 52775 369 40754
40260 151 33054 252 7332 369 40754
40260 151 33054 252 74819 369 40754
40260 151 33054 252 67308 369 40754
40260 151 33054 252 6525 369 40754
40260 151 33054 252 44440 369 40754
40260 151 33054 252 44059 369 40754
40260 151 33054 252 56730 369 40754
40260 151 33054 252 53593 369 40754
40260 151 33054 252 12294 369 40754
40260 151 33054 252 17379 369 40754
40260 151 33054 252 75175 369 40754
40260 151 33054 252 32824 369 40754
40260 151 33054 252 72712 369 40754
40260 151 33054 252 11600 369 40754
40260 151 33054 252 10873 369 40754
40260 151 33054 252 73789 369 40754
40260 151 33054 252 7529 369 40754
40260 151 33054 252 58329 369 40754
40260 151 33054 252 59893 369 40754
40260 151 33054 252 71398 369 40754
40260 151 33054 252 9903 369 40754
40260 151 33054 252 34894 369 40754
40260 151 33054 252 70207 369 40754
40260 151 33054 252 64222 369 40754
40260 151 33054 252 21468 369 40754
40260 151 33054 252 66324 369 40754
40260 151 33054 252 51091 369 40754
40260 151 33054 252 6621 369 40754
40260 151 33054 151 7736 369 40754
40260 151 33054 151 69540 369 40754
40260 358 51607 28 23556 369 40754
40260 358 51607 28 62899 369 40754
40260 358 51607 28 44651 369 40754
40260 358 51607 28 29493 369 40754
40260 358 51607 28 23225 369 40754
40260 358 9577 28 69907 369 40754
40260 358 9577 28 1333 369 40754
40260 358 9577 28 28588 369 40754
40260 358 9577 28 22644 369 40754
40260 332 41016 31 32706 31 70529 369 40754
40260 151 33054 277 16260 358 62341 369 40754
40260 151 33054 277 37710 252 41815 369 40754
40260 151 33054 252 65814 303 52672 369 40754
40260 151 33054 252 62747 252 60639 369 40754
40260 151 33054 252 62747 252 44564 369 40754
40260 151 33054 252 62747 252 72283 369 40754
40260 151 33054 252 17726 252 6824 369 40754
40260 151 33054 252 40313 31 27960 369 40754
40260 151 33054 252 40309 31 42633 369 40754
40260 151 33054 252 68338 31 17167 369 40754
40260 151 33054 252 68338 31 73143 369 40754
40260 151 33054 252 68338 31 35018 369 40754
40260 151 33054 252 68338 31 41162 369 40754
40260 151 33054 252 68339 31 7340 369 40754
40260 151 33054 252 65861 31 58083 369 40754
40260 151 33054 252 65861 31 30773 369 40754
40260 151 33054 252 65861 31 53860 369 40754
40260 151 33054 252 65861 31 30366 369 40754
40260 151 33054 252 65861 31 11264 369 40754
40260 151 33054 252 65861 31 32267 369 40754
40260 151 33054 252 65861 31 31051 369 40754
40260 151 33054 252 65856 31 37987 369 40754
40260 151 33054 252 65856 31 26151 369 40754
40260 151 33054 252 65856 31 7609 369 40754
40260 151 33054 252 65856 31 72868 369 40754
40260 151 33054 252 65856 31 18019 369 40754
40260 151 33054 252 65856 31 36892 369 40754
40260 151 33054 252 65857 31 48838 369 40754
40260 151 33054 252 65857 31 37651 369 40754
40260 151 33054 252 65857 31 70376 369 40754
40260 151 33054 252 65857 31 43265 369 40754
40260 151 33054 252 65857 31 39301 369 40754
40260 151 33054 252 65857 31 32653 369 40754
40260 151 33054 252 65857 31 37462 369 40754
40260 151 33054 252 18022 277 45154 369 40754
40260 151 33054 252 40338 31 54719 369 40754
40260 151 33054 332 29052 31 54149 369 40754
40260 151 33054 332 29052 31 40085 369 40754
40260 151 33054 332 29052 31 59088 369 40754
40260 151 33054 332 29052 31 59235 369 40754
40260 151 33054 332 29052 31 20878 369 40754
40260 151 33054 332 29052 31 55985 369 40754
40260 151 33054 332 29052 31 5926 369 40754
40260 151 33054 332 29052 31 53371 369 40754
40260 151 33054 32 50528 75 55885 369 40754
40260 358 51607 28 24058 196 18250 369 40754
40260 358 51607 28 24058 196 16268 369 40754
40260 358 51607 28 24058 196 26044 369 40754
40260 332 41016 31 7646 332 65855 31 31161 369 40754
40260 332 41016 31 7646 332 65855 31 24743 369 40754
40260 332 41016 31 7646 332 65855 31 18836 369 40754
40260 332 41016 31 7646 332 65855 31 49215 369 40754
40260 332 41016 31 7646 332 65853 31 64944 369 40754
40260 332 41016 31 7646 332 65853 31 15353 369 40754
40260 332 41016 31 7646 332 29065 31 41605 369 40754
40260 332 41016 31 7646 332 29065 31 50153 369 40754
40260 332 41016 31 7646 332 29065 31 15471 369 40754
40260 332 41016 31 7646 332 29065 31 74272 369 40754
40260 332 41016 31 7646 332 29065 31 33375 369 40754
40260 332 41016 31 7646 332 29064 31 8428 369 40754
40260 332 41016 31 7646 332 29064 31 68802 369 40754
40260 332 41016 31 7646 332 29064 31 16707 369 40754
40260 332 41016 31 7646 332 29064 31 49146 369 40754
40260 151 33054 277 9441 252 24578 252 44578 369 40754
40260 151 33054 277 66132 151 45996 358 24681 369 40754
40260 151 33054 277 66132 151 45996 358 56351 369 40754
40260 151 33054 277 11708 123 15252 194 53214 369 40754
40260 151 33054 252 4399 28 51907 358 47748 369 40754
40260 151 33054 32 38944 315 7080 252 18673 369 40754
40260 358 51607 28 29493 321 50973 196 47538 369 40754
40260 358 51607 28 29493 321 50973 196 64905 369 40754
40260 358 9577 28 30186 171 2597 171 26800 369 40754
40260 332 41016 31 28376 172 52734 172 11743 342 30190 303 43702 369 40754
