42964 369 73831
42964 32 38055 75 61208 369 73831
42964 32 38055 75 61208 252 73831
42964 32 38055 75 41248 151 73831
42964 32 38055 75 41248 252 73831
42964 32 38055 75 53369 151 73831
42964 32 38055 75 5792 369 73831
42964 32 38055 75 74526 369 73831
42964 32 38055 75 63307 151 73831
42964 32 38055 75 11183 369 73831
42964 32 38055 75 11183 358 73831
42964 32 38055 75 11183 252 73831
42964 32 38055 75 11232 369 73831
42964 32 38055 75 7276 151 73831
42964 32 38055 75 50577 369 73831
42964 32 38055 75 50577 252 73831
42964 32 38055 75 60708 369 73831
42964 32 38055 75 51653 252 73831
42964 32 38055 75 51653 151 73831
42964 32 38055 75 4174 252 73831
42964 32 38055 75 4174 151 73831
42964 32 38055 28 71383 369 73831
42964 32 38055 28 28401 369 73831
42964 32 38055 28 71684 252 73831
42964 32 38055 28 71684 151 73831
42964 32 38055 383 29524 252 73831
42964 32 38055 383 29524 369 73831
42964 32 38055 75 33054 277 10514 369 73831
42964 32 38055 75 33054 277 5303 369 73831
42964 32 38055 75 33054 277 35089 369 73831
42964 32 38055 75 33054 277 35089 358 73831
42964 32 38055 75 33054 277 35089 252 73831
42964 32 38055 75 33054 277 64436 369 73831
42964 32 38055 75 33054 277 68322 151 73831
42964 32 38055 75 33054 277 22797 369 73831
42964 32 38055 75 33054 32 29427 369 73831
42964 32 38055 75 21109 155 43908 369 73831
42964 32 38055 75 21109 155 22089 151 73831
42964 32 38055 75 21109 155 24872 151 73831
42964 32 38055 75 21109 155 51925 151 73831
42964 32 38055 75 21109 155 44184 369 73831
42964 32 38055 75 21109 32 27048 151 73831
42964 32 38055 75 21109 32 34931 151 73831
42964 32 38055 28 44240 75 41897 252 73831
42964 32 38055 383 71850 294 3682 151 73831
42964 32 38055 294 1444 396 54516 35 73831
42964 32 38055 75 5792 383 17624 369 73592 277 73831
42964 32 38055 75 63307 369 19754 277 2861 369 73831
42964 32 38055 75 63307 369 19754 277 24835 369 73831
42964 32 38055 75 63307 369 19754 277 61059 151 73831
42964 32 38055 75 63307 369 19754 277 64933 369 73831
42964 32 38055 75 63307 369 19754 277 34597 369 73831
42964 32 38055 75 63307 369 19754 277 36938 369 73831
42964 32 38055 75 63307 369 19754 277 58780 369 73831
42964 32 38055 75 63307 369 19754 277 48728 369 73831
42964 32 38055 75 63307 369 19754 277 2349 369 73831
42964 32 38055 75 63307 369 19754 277 43833 151 73831
42964 32 38055 75 63307 369 19754 277 18475 369 73831
42964 32 38055 75 63307 369 19754 277 23828 151 73831
42964 32 38055 75 63307 369 19754 277 35485 369 73831
42964 32 38055 75 63307 369 19754 277 12265 151 73831
42964 32 38055 75 63307 369 19754 277 56701 369 73831
42964 32 38055 75 63307 369 19754 277 60196 369 73831
42964 32 38055 75 63307 369 19754 277 13893 151 73831
42964 32 38055 75 63307 369 19754 277 28988 151 73831
42964 32 38055 75 63307 369 19754 277 13152 369 73831
42964 32 38055 75 63307 369 19754 277 43797 369 73831
42964 32 38055 75 63307 369 19754 277 3623 151 73831
42964 32 38055 75 63307 369 19754 277 58973 151 73831
42964 32 38055 75 63307 369 19754 277 53836 151 73831
42964 32 38055 75 63307 369 19754 277 59231 151 73831
42964 32 38055 75 63307 369 19754 277 8066 369 73831
42964 32 38055 75 63307 369 19754 277 75278 369 73831
42964 32 38055 75 63307 369 19754 277 37986 369 73831
42964 32 38055 75 63307 369 19754 277 26998 369 73831
42964 32 38055 75 63307 369 19754 277 26998 252 73831
42964 32 38055 75 63307 369 19754 277 17536 369 73831
42964 32 38055 75 63307 369 19754 277 67836 151 73831
42964 32 38055 75 63307 369 19754 277 66841 369 73831
42964 32 38055 75 63307 369 19754 277 67579 151 73831
42964 32 38055 75 63307 369 19754 277 37533 369 73831
42964 32 38055 75 63307 369 19754 277 15902 151 73831
42964 32 38055 75 63307 369 19754 277 54911 151 73831
42964 32 38055 75 63307 369 19754 277 51362 151 73831
42964 32 38055 75 63307 369 19754 277 43993 151 73831
42964 32 38055 75 63307 369 19754 277 42520 369 73831
42964 32 38055 75 63307 369 19754 277 56280 151 73831
42964 32 38055 75 63307 369 19754 277 12655 151 73831
42964 32 38055 75 63307 369 19754 277 31834 151 73831
42964 32 38055 75 63307 369 19754 277 73586 151 73831
42964 32 38055 75 63307 369 19754 277 4468 151 73831
42964 32 38055 75 63307 369 19754 277 57617 151 73831
42964 32 38055 75 63307 369 19754 277 67131 151 73831
42964 32 38055 75 63307 369 19754 277 14525 151 73831
42964 32 38055 75 63307 369 19754 277 26814 151 73831
42964 32 38055 75 63307 369 19754 277 3500 151 73831
42964 32 38055 75 63307 369 19754 277 70562 151 73831
42964 32 38055 75 63307 369 19754 277 36679 151 73831
42964 32 38055 75 63307 369 19754 277 48342 151 73831
42964 32 38055 75 63307 369 19754 277 60257 151 73831
42964 32 38055 75 63307 369 19754 277 45674 151 73831
42964 32 38055 75 63307 369 19754 277 71401 151 73831
42964 32 38055 75 63307 369 19754 277 15993 151 73831
42964 32 38055 75 63307 369 19754 277 74425 151 73831
42964 32 38055 75 63307 369 19754 277 34697 151 73831
42964 32 38055 75 63307 369 19754 277 23177 151 73831
42964 32 38055 75 63307 369 19754 277 3061 151 73831
42964 32 38055 75 63307 369 19754 277 35464 151 73831
42964 32 38055 75 63307 369 19754 277 12357 151 73831
42964 32 38055 75 63307 369 19754 277 42871 151 73831
42964 32 38055 75 63307 369 19754 277 41121 151 73831
42964 32 38055 75 63307 369 19754 277 12662 151 73831
42964 32 38055 75 63307 369 19754 277 44293 151 73831
42964 32 38055 75 63307 369 19754 277 30572 151 73831
42964 32 38055 75 63307 369 19754 277 58935 151 73831
42964 32 38055 75 63307 369 19754 277 12303 151 73831
42964 32 38055 75 63307 369 19754 277 1072 151 73831
42964 32 38055 75 63307 369 19754 277 19544 151 73831
42964 32 38055 75 63307 369 19754 277 72107 151 73831
42964 32 38055 75 63307 369 19754 277 17074 151 73831
42964 32 38055 75 63307 369 19754 277 47097 151 73831
42964 32 38055 75 63307 369 19754 277 58539 369 73831
42964 32 38055 75 63307 369 19754 277 12306 151 73831
42964 32 38055 75 63307 369 19754 277 26401 151 73831
42964 32 38055 75 63307 369 19754 277 20941 151 73831
42964 32 38055 75 63307 369 19754 277 51929 369 73831
42964 32 38055 75 63307 369 19754 277 52669 151 73831
42964 32 38055 75 63307 369 19754 277 16851 369 73831
42964 32 38055 75 63307 369 19754 272 11842 151 73831
42964 32 38055 75 33054 277 44571 252 6067 151 73831
42964 32 38055 75 33054 277 9782 252 61112 369 73831
42964 32 38055 75 33054 277 23798 75 28322 151 73831
42964 32 38055 75 33054 277 2588 28 63262 151 73831
42964 32 38055 75 33054 277 70644 369 63523 151 73831
42964 32 38055 75 33054 277 34792 277 60006 369 73831
42964 32 38055 75 33054 277 34792 213 58833 121 73831
42964 32 38055 75 33054 277 34792 252 30855 151 73831
42964 32 38055 75 33054 277 50963 277 20187 369 73831
42964 32 38055 75 33054 277 50963 213 43450 121 73831
42964 32 38055 75 33054 277 9025 277 39392 369 73831
42964 32 38055 75 33054 277 39113 252 21458 151 73831
42964 32 38055 75 33054 277 53065 277 64361 369 73831
42964 32 38055 75 33054 277 21890 75 28155 369 73831
42964 32 38055 75 33054 277 68850 32 9034 151 73831
42964 32 38055 75 33054 252 64725 277 36097 151 73831
42964 32 38055 75 33054 252 41154 277 53273 369 73831
42964 32 38055 75 33054 252 41154 277 28858 369 73831
42964 32 38055 75 33054 252 41154 28 40830 252 73831
42964 32 38055 75 33054 252 41154 28 40830 151 73831
42964 32 38055 75 33054 252 18022 277 1829 369 73831
42964 32 38055 75 33054 252 18022 277 1829 252 73831
42964 32 38055 75 33054 252 18022 277 71187 369 73831
42964 32 38055 75 33054 252 11600 28 33291 151 73831
42964 32 38055 75 33054 32 2532 114 35200 151 73831
42964 32 38055 75 33054 32 29427 75 59457 151 73831
42964 32 38055 75 33054 32 29427 75 48304 369 73831
42964 32 38055 75 21109 155 27894 75 38034 369 73831
42964 32 38055 75 21109 32 19933 151 18766 151 73831
42964 32 38055 75 4174 75 27067 32 27501 369 73831
42964 32 38055 75 4174 75 27067 32 32392 369 73831
42964 32 38055 28 44240 75 41897 277 25683 369 73831
42964 32 38055 383 71850 294 31389 151 46911 151 73831
42964 32 38055 294 1444 383 38500 75 52564 369 73831
42964 32 38055 75 33054 277 12956 322 20467 68 60369 151 73831
42964 32 38055 75 33054 277 52667 202 9132 75 51148 369 73831
42964 32 38055 75 33054 332 29052 31 14859 277 18944 151 73831
42964 32 38055 75 33054 332 29052 31 14859 277 58151 151 73831
42964 32 38055 75 33054 332 29052 31 14859 277 28388 151 73831
42964 32 38055 75 33054 332 29052 31 14859 277 38114 151 73831
42964 32 38055 75 33054 332 29052 31 14859 277 35521 151 73831
42964 32 38055 75 33054 332 29052 31 14859 277 37979 151 73831
42964 32 38055 75 33054 332 29052 31 14859 277 54150 151 73831
42964 32 38055 75 33054 332 29052 31 14859 277 49544 151 73831
42964 32 38055 75 33054 332 29052 31 14859 277 24305 151 73831
42964 32 38055 75 33054 332 29052 31 14859 277 19619 151 73831
42964 32 38055 75 33054 332 29052 31 14859 277 43224 151 73831
42964 32 38055 75 33054 332 29052 31 14859 277 14189 151 73831
42964 32 38055 75 33054 332 29052 31 14859 277 25483 151 73831
42964 32 38055 75 33054 332 29052 31 14859 277 72737 151 73831
42964 32 38055 75 33054 332 29052 31 14859 277 6294 151 73831
42964 32 38055 75 33054 332 29052 31 14859 277 33288 151 73831
42964 32 38055 75 33054 332 29052 31 14859 277 66386 151 73831
42964 32 38055 75 33054 332 29052 31 14859 277 19025 151 73831
42964 32 38055 75 33054 332 29052 31 14859 277 68700 151 73831
42964 32 38055 75 33054 332 29052 31 14859 277 40950 151 73831
42964 32 38055 75 33054 332 29052 31 14859 75 47887 151 73831
42964 32 38055 75 33054 332 29052 31 14859 75 53947 151 73831
42964 32 38055 75 33054 332 29052 31 14859 252 65983 369 73831
42964 32 38055 75 33054 332 29052 31 14859 252 4648 369 73831
42964 32 38055 75 21109 155 5838 8 61259 25 8097 151 73831
42964 32 38055 75 5792 383 17624 300 59812 211 1919 387 61354 151 73831
