45264 369 22958
45264 300 62434 211 29320 151 22958
45264 300 62434 211 31842 369 22958
45264 300 62434 211 37302 369 22958
45264 300 62434 211 25169 369 22958
45264 300 62434 211 13475 369 22958
45264 332 65853 31 31609 369 22958
45264 332 65853 31 59279 151 22958
45264 332 65853 31 37850 369 22958
45264 332 65853 31 26801 369 22958
45264 332 65853 31 15927 369 22958
45264 300 62434 211 1444 342 65814 369 22958
45264 300 62434 211 53751 252 56834 151 22958
45264 300 62434 211 37302 277 51875 151 22958
45264 300 62434 252 33054 277 24797 151 22958
45264 300 62434 252 33054 277 40983 151 22958
45264 300 62434 252 33054 277 35089 151 22958
45264 300 62434 252 33054 277 58674 151 22958
45264 300 62434 252 33054 277 59675 151 22958
45264 300 62434 252 33054 252 2589 369 22958
45264 300 62434 252 33054 252 45730 369 22958
45264 332 65853 31 59220 164 60827 369 22958
45264 332 65853 31 59220 373 5580 369 22958
45264 300 62434 211 72079 332 65857 31 23867 369 22958
45264 300 62434 211 72079 332 65856 31 24679 151 22958
45264 300 62434 211 72079 256 54168 254 60845 369 22958
