50000 369 70892
50000 32 56734 75 23558 369 70892
50000 32 56734 75 20694 252 70892
50000 32 56734 75 20694 358 70892
50000 32 56734 75 58636 369 70892
50000 32 56734 75 58636 358 70892
50000 32 56734 75 27346 369 70892
50000 32 56734 75 1212 358 70892
50000 32 56734 75 56196 369 70892
50000 32 56734 75 45207 369 70892
50000 32 56734 75 23093 252 70892
50000 32 56734 75 23093 369 70892
50000 32 56734 75 23093 358 70892
50000 32 56734 75 24484 252 70892
50000 32 56734 75 24484 369 70892
50000 32 56734 75 24484 358 70892
50000 32 56734 75 13196 252 70892
50000 32 56734 75 13196 369 70892
50000 32 56734 75 13196 358 70892
50000 32 56734 383 70289 252 70892
50000 32 56734 383 70289 369 70892
50000 32 56734 75 29427 252 6067 151 70892
50000 32 56734 75 29427 172 17373 373 70892
50000 32 56734 75 29427 356 51755 373 70892
50000 32 56734 75 23558 151 54994 252 14531 369 70892
50000 32 56734 75 23558 151 54994 252 35416 369 70892
50000 32 56734 75 23558 151 54994 252 24178 369 70892
50000 32 56734 75 23558 151 54994 252 24178 358 70892
50000 32 56734 75 23558 151 54994 252 47393 252 70892
50000 32 56734 75 23558 151 54994 252 47393 369 70892
50000 32 56734 75 23558 151 54994 252 47393 358 70892
50000 32 56734 75 6385 32 60841 272 7641 369 70892
50000 32 56734 75 43916 369 14858 383 35274 358 70892
50000 32 56734 75 43916 369 14858 383 5841 369 70892
50000 32 56734 75 33761 278 53904 155 14283 369 70892
50000 32 56734 75 33761 278 53904 155 14283 358 70892
