5067 369 6170
5067 151 36257 252 11368 290 72858 155 43908 369 6170
5067 151 36257 252 11368 252 29427 252 6067 151 6170
5067 151 36257 252 11368 252 29427 172 17373 164 6170
5067 151 36257 252 11368 252 29427 172 17373 105 6170
5067 151 36257 252 11368 252 29427 91 23406 358 6170
5067 151 36257 252 11368 32 58416 75 17927 369 6170
5067 151 36257 252 11368 32 58416 75 17927 358 6170
5067 151 36257 277 69376 32 42634 75 2416 369 6170
5067 151 36257 151 20466 369 34458 28 15347 369 6170
5067 151 36257 397 47724 396 54516 35 41154 256 54349 254 6170
5067 151 36257 397 47724 396 54516 35 41154 256 54349 217 6170
5067 151 36257 397 47724 24 2759 122 43699 267 23880 254 6170
5067 151 36257 397 47724 24 2759 122 43699 267 23880 217 6170
5067 151 36257 397 47724 24 11544 122 48204 256 46367 254 6170
5067 151 36257 252 11368 290 72858 155 3276 75 56262 256 12395 254 6170
5067 151 36257 397 47724 237 72636 339 29827 256 20353 206 9146 325 1042 254 6170
