56624 369 73592
56624 114 72858 155 51363 369 73592
56624 114 72858 155 43961 369 73592
56624 114 72858 155 73168 369 73592
56624 114 72858 155 17624 369 73592
56624 114 72858 155 8156 369 73592
56624 114 72858 155 31636 369 73592
56624 114 72858 155 16834 28 73592
56624 114 72858 155 6346 28 73592
56624 114 72858 155 20794 369 73592
56624 114 72858 155 50528 28 73592
56624 114 72858 155 18999 369 73592
56624 114 72858 155 55880 369 73592
56624 114 72858 155 43908 369 73592
56624 114 72858 155 73556 369 73592
56624 114 72858 155 66047 369 73592
56624 114 72858 155 51574 369 73592
56624 114 72858 155 65235 369 73592
56624 114 72858 155 6749 369 73592
56624 114 72858 155 40450 369 73592
56624 114 72858 100 29427 28 73592
56624 114 72858 100 75101 28 73592
56624 114 72858 397 17630 28 73592
56624 114 72858 397 59413 28 73592
56624 114 21109 155 36301 369 73592
56624 114 21109 155 65545 369 73592
56624 114 21109 155 65545 28 73592
56624 114 21109 155 14858 28 73592
56624 369 9025 277 39392 369 73831 369 73592
56624 369 9025 277 28231 369 53751 28 73592
56624 369 9025 277 28231 369 53751 369 73592
56624 369 9025 147 17373 28 54994 369 73592
56624 369 9025 147 17373 373 61103 369 73592
56624 369 9025 300 59812 211 51172 369 73592
56624 369 9025 300 59812 211 32357 28 73592
56624 369 9025 300 59812 211 47616 369 73592
56624 369 9025 300 59812 211 43173 369 73592
56624 369 9025 300 59812 211 66085 252 73592
56624 369 9025 300 59812 211 66085 369 73592
56624 369 9025 332 29052 31 64880 369 73592
56624 369 9025 332 29052 31 70122 28 73592
56624 369 9025 332 29052 31 44399 369 73592
56624 369 9025 332 29052 31 71680 28 73592
56624 369 9025 332 29052 31 37791 369 73592
56624 369 9025 332 29052 31 366 369 73592
56624 369 9025 332 29052 31 11497 369 73592
56624 369 9025 332 29052 31 10174 369 73592
56624 369 9025 332 29052 31 47505 369 73592
56624 369 9025 332 29052 31 65174 28 73592
56624 369 9025 332 29052 31 48048 28 73592
56624 369 9025 332 29052 31 58804 369 73592
56624 369 9025 332 29052 31 101 28 73592
56624 369 9025 332 29052 31 37542 369 73592
56624 369 9025 332 29052 31 59220 369 73592
56624 369 9025 332 29052 31 28491 252 73592
56624 369 9025 332 29052 31 24058 28 73592
56624 369 9025 332 29052 31 75212 369 73592
56624 369 9025 332 29052 31 48726 369 73592
56624 369 9025 332 29052 31 45416 369 73592
56624 369 9025 332 29052 31 21330 369 73592
56624 369 9025 332 29052 31 4445 28 73592
56624 369 9025 332 29052 31 4445 369 73592
56624 369 9025 332 29052 31 39957 369 73592
56624 369 9025 332 29052 31 26019 369 73592
56624 369 9025 332 29052 31 23636 369 73592
56624 369 9025 332 29052 31 50290 369 73592
56624 369 9025 332 29052 31 25928 28 73592
56624 369 9025 332 29052 31 64904 277 73592
56624 369 9025 332 29052 31 26801 28 73592
56624 369 9025 332 29052 31 28376 28 73592
56624 369 9025 332 29052 31 72636 28 73592
56624 369 9025 332 29052 31 32929 28 73592
56624 369 9025 332 29052 31 52577 369 73592
56624 369 9025 332 29052 31 27946 28 73592
56624 369 9025 332 29052 31 36596 252 73592
56624 369 9025 332 29052 31 36596 151 73592
56624 369 9025 369 33054 277 74956 252 73592
56624 369 9025 369 33054 277 9441 28 73592
56624 369 9025 369 33054 277 66132 252 73592
56624 369 9025 369 33054 277 1499 28 73592
56624 369 9025 369 33054 277 3027 28 73592
56624 369 9025 369 33054 277 19162 151 73592
56624 369 9025 369 33054 277 19162 252 73592
56624 369 9025 369 33054 277 2588 28 73592
56624 369 9025 369 33054 277 16913 151 73592
56624 369 9025 369 33054 277 32838 28 73592
56624 369 9025 369 33054 277 58269 28 73592
56624 369 9025 369 33054 277 50308 151 73592
56624 369 9025 369 33054 277 7370 151 73592
56624 369 9025 369 33054 277 7370 252 73592
56624 369 9025 369 33054 277 70909 28 73592
56624 369 9025 369 33054 277 7556 151 73592
56624 369 9025 369 33054 277 8358 151 73592
56624 369 9025 369 33054 277 28518 28 73592
56624 369 9025 369 33054 277 65954 252 73592
56624 369 9025 369 33054 277 35479 28 73592
56624 369 9025 369 33054 277 48801 252 73592
56624 369 9025 369 33054 277 70832 252 73592
56624 369 9025 369 33054 277 40846 28 73592
56624 369 9025 369 33054 277 74609 28 73592
56624 369 9025 369 33054 277 75096 28 73592
56624 369 9025 369 33054 277 45946 28 73592
56624 369 9025 369 33054 277 1682 252 73592
56624 369 9025 369 33054 277 41869 28 73592
56624 369 9025 369 33054 277 23740 28 73592
56624 369 9025 369 33054 277 46030 28 73592
56624 369 9025 369 33054 277 22252 28 73592
56624 369 9025 369 33054 277 68088 28 73592
56624 369 9025 369 33054 277 45700 151 73592
56624 369 9025 369 33054 252 57918 28 73592
56624 369 9025 369 33054 252 16953 28 73592
56624 369 9025 369 33054 252 34525 28 73592
56624 369 9025 369 33054 252 11736 28 73592
56624 369 9025 369 33054 32 488 369 73592
56624 369 9025 369 33054 32 58239 369 73592
56624 369 9025 369 33054 32 58239 28 73592
56624 369 9025 369 33054 32 70186 369 73592
56624 369 9025 369 33054 32 47902 114 73592
56624 369 9025 369 33054 32 44566 114 73592
56624 369 9025 369 33054 32 28747 28 73592
56624 369 9025 369 33054 32 47062 369 73592
56624 369 9025 369 33054 32 60885 28 73592
56624 369 9025 369 33054 32 56476 28 73592
56624 369 9025 369 33054 32 28306 28 73592
56624 369 9025 369 33054 32 17084 369 73592
56624 114 72858 155 39260 103 19766 369 73592
56624 114 72858 155 1444 383 5319 369 73592
56624 114 72858 155 50528 252 50376 369 73592
56624 114 72858 155 19847 290 60073 369 73592
56624 114 72858 213 58833 121 73460 28 73592
56624 114 72858 213 58833 121 73460 369 73592
56624 114 72858 213 58833 121 73460 252 73592
56624 114 72858 100 5838 75 58756 369 73592
56624 114 72858 100 22041 126 32245 369 73592
56624 114 72858 100 29427 369 37302 28 73592
56624 114 72858 100 58806 252 96 369 73592
56624 114 72858 100 15973 278 41653 28 73592
56624 114 21109 155 60841 392 42302 28 73592
56624 114 21109 155 23798 75 59390 369 73592
56624 114 21109 155 67410 75 61155 369 73592
56624 114 21109 155 39520 75 12948 28 73592
56624 114 21109 300 62434 211 9561 28 73592
56624 114 21109 300 62434 211 73900 369 73592
56624 114 21109 300 62434 211 29320 252 73592
56624 114 21109 300 62434 211 47566 369 73592
56624 114 21109 300 62434 211 11766 369 73592
56624 114 21109 300 62434 211 35098 369 73592
56624 75 25961 32 69092 294 38911 369 73592
56624 75 25961 32 69092 294 55989 369 73592
56624 75 25961 32 69092 294 65157 369 73592
56624 75 25961 32 69092 294 16003 369 73592
56624 75 25961 32 69092 294 16003 252 73592
56624 75 25961 32 69092 294 40049 369 73592
56624 75 25961 32 69092 294 41173 28 73592
56624 75 25961 32 69092 151 45084 369 73592
56624 75 25961 32 69092 383 33361 369 73592
56624 369 9025 277 26607 332 29064 31 52492 369 73592
56624 369 9025 277 26607 332 29064 31 60741 369 73592
56624 369 9025 277 42570 32 18556 75 56339 369 73592
56624 369 9025 277 28231 369 53751 28 31299 15 73592
56624 369 9025 277 28231 369 53751 28 32498 15 73592
56624 369 9025 277 28231 369 53751 28 32498 398 73592
56624 369 9025 277 28231 369 53751 28 20824 15 73592
56624 369 9025 277 28231 369 53751 28 20824 398 73592
56624 369 9025 277 28231 369 53751 256 19177 15 73592
56624 369 9025 332 29052 31 42618 6 1949 369 73592
56624 369 9025 332 29052 31 2218 277 21543 369 73592
56624 369 9025 332 29052 31 24058 196 40673 252 73592
56624 369 9025 332 29052 31 63774 151 38932 252 73592
56624 369 9025 332 29052 31 63774 151 38932 369 73592
56624 369 9025 379 6584 88 4070 254 26681 369 73592
56624 369 9025 379 6584 211 18597 373 68889 369 73592
56624 369 9025 369 33054 277 30480 358 18310 369 73592
56624 369 9025 369 33054 277 53065 277 15215 369 73592
56624 369 9025 369 33054 277 63694 262 44811 369 73592
56624 369 9025 369 33054 252 65861 31 28411 369 73592
56624 369 9025 369 33054 252 65861 31 15847 369 73592
56624 369 4335 41 27358 332 29065 31 22045 369 73592
56624 114 72858 155 39260 297 61222 231 9015 369 73592
56624 114 72858 155 51363 252 6067 151 49455 369 73592
56624 114 72858 155 65908 256 54168 254 11202 369 73592
56624 114 72858 155 65908 369 53811 151 26783 369 73592
56624 114 72858 155 65908 369 53811 252 15098 369 73592
56624 114 72858 155 37041 75 41897 32 15985 252 73592
56624 114 72858 155 1444 383 5319 75 63459 369 73592
56624 114 72858 155 40450 114 53782 164 43154 15 73592
56624 114 21109 155 60841 64 38128 15 26569 369 73592
56624 114 21109 32 19933 277 20194 356 55914 369 73592
