58910 369 33054
58910 358 9782 369 33054
58910 358 9782 28 30480 252 33054
58910 358 9782 28 30480 369 33054
58910 358 9782 277 6326 369 33054
58910 358 9782 277 9747 369 33054
58910 358 9782 151 20494 151 33054
58910 358 9782 369 41154 151 33054
58910 151 34795 151 49114 369 38269 252 33054
58910 151 34795 151 49114 369 38269 151 33054
58910 151 34795 151 48288 252 23798 369 33054
58910 151 34795 151 48288 369 53065 369 33054
58910 151 34795 358 51755 28 24856 369 33054
58910 151 34795 358 51755 28 34485 369 33054
58910 151 34795 358 51755 373 25328 369 33054
58910 151 34795 358 51755 373 39113 369 33054
58910 151 34795 358 51755 373 29427 75 33054
58910 151 34795 358 17373 28 16558 369 33054
58910 151 34795 358 17373 373 3124 151 33054
58910 151 34795 358 17373 373 14858 75 33054
58910 151 34795 358 17373 373 60841 369 33054
58910 151 34795 358 17373 373 50528 75 33054
58910 151 34795 358 17373 373 59050 369 33054
58910 151 34795 358 17373 164 9025 369 33054
58910 151 34795 358 17373 164 46626 369 33054
58910 151 34795 358 17373 105 50963 369 33054
58910 358 9782 28 30480 32 66076 369 33054
58910 358 9782 28 30480 32 1861 369 33054
58910 358 9782 28 30480 32 1444 369 33054
58910 358 9782 28 30480 32 63794 369 33054
58910 358 9782 28 30480 32 40838 75 33054
58910 358 9782 28 30480 32 69841 369 33054
58910 358 9782 28 30480 32 51105 369 33054
58910 358 9782 28 30480 32 1963 75 33054
58910 358 9782 28 30480 358 1624 369 33054
58910 358 9782 28 30480 358 20904 369 33054
58910 358 9782 28 30480 358 13539 369 33054
58910 358 9782 28 30480 358 59599 369 33054
58910 358 9782 28 30480 358 4445 75 33054
58910 358 9782 28 30480 358 49758 252 33054
58910 358 9782 28 30480 358 49758 369 33054
58910 358 9782 28 30480 358 13839 369 33054
58910 358 9782 28 30480 358 62108 151 33054
58910 358 9782 28 30480 358 68238 369 33054
58910 358 9782 28 30480 358 30109 28 33054
58910 358 9782 28 30480 358 43655 252 33054
58910 358 9782 28 30480 358 43655 369 33054
58910 358 9782 28 30480 358 60088 369 33054
58910 358 9782 28 30480 358 75096 369 33054
58910 358 9782 28 30480 358 50290 75 33054
58910 358 9782 277 6326 332 65861 151 33054
58910 358 9782 277 6326 332 65856 151 33054
58910 358 9782 277 6326 332 29052 31 33054
58910 358 9782 277 6326 369 27613 369 33054
58910 358 9782 277 9747 294 21890 252 33054
58910 358 9782 277 9747 294 21890 369 33054
58910 358 9782 321 24058 196 7377 75 33054
58910 358 9782 321 24058 196 62140 369 33054
58910 358 9782 321 24058 196 45515 369 33054
58910 358 9782 321 24058 196 32306 369 33054
58910 358 9782 321 24058 196 51510 369 33054
58910 358 9782 321 24058 196 52207 151 33054
58910 358 9782 321 24058 196 52207 277 33054
58910 358 9782 321 24058 196 24865 151 33054
58910 358 9782 321 24058 196 24865 252 33054
58910 358 9782 321 24058 196 27162 277 33054
58910 358 9782 321 24058 196 71421 369 33054
58910 358 9782 321 24058 196 71421 252 33054
58910 358 9782 321 24058 196 73217 151 33054
58910 358 9782 321 24058 196 73217 252 33054
58910 358 9782 321 24058 196 23607 75 33054
58910 358 9782 321 24058 196 24775 151 33054
58910 358 9782 321 24058 196 24775 252 33054
58910 358 9782 321 24058 196 53002 151 33054
58910 358 9782 321 24058 196 53002 252 33054
58910 358 9782 321 24058 196 53912 369 33054
58910 358 9782 321 24058 196 42726 369 33054
58910 358 9782 321 24058 196 50391 75 33054
58910 358 9782 321 24058 196 50986 369 33054
58910 358 9782 321 24058 196 19581 369 33054
58910 358 9782 321 24058 196 26066 151 33054
58910 358 9782 321 24058 196 26066 252 33054
58910 358 9782 321 24058 196 75205 75 33054
58910 358 9782 321 24058 196 2527 369 33054
58910 358 9782 321 24058 196 2527 75 33054
58910 358 9782 321 24058 196 2527 252 33054
58910 358 9782 321 24058 196 62595 369 33054
58910 358 9782 321 24058 196 33481 369 33054
58910 358 9782 321 24058 196 32357 75 33054
58910 358 9782 321 24058 196 44440 151 33054
58910 358 9782 321 24058 196 1711 252 33054
58910 358 9782 321 24058 196 30916 252 33054
58910 358 9782 321 24058 196 30916 151 33054
58910 358 9782 321 24058 196 52683 75 33054
58910 358 9782 321 24058 196 12419 369 33054
58910 358 9782 321 24058 196 24237 252 33054
58910 358 9782 321 24058 196 24237 151 33054
58910 358 9782 321 24058 196 31636 75 33054
58910 358 9782 321 24058 196 57341 28 33054
58910 358 9782 321 24058 196 57341 369 33054
58910 358 9782 321 24058 196 25387 252 33054
58910 358 9782 321 24058 196 25387 369 33054
58910 358 9782 321 24058 196 40730 252 33054
58910 358 9782 321 24058 196 40730 369 33054
58910 358 9782 321 24058 196 52654 369 33054
58910 358 9782 321 24058 196 24701 75 33054
58910 358 9782 321 24058 196 44565 252 33054
58910 358 9782 321 24058 196 56441 369 33054
58910 358 9782 321 24058 196 73664 369 33054
58910 358 9782 321 24058 196 29940 151 33054
58910 358 9782 321 24058 196 50856 369 33054
58910 358 9782 321 24058 196 17379 151 33054
58910 358 9782 321 24058 196 64335 369 33054
58910 358 9782 321 24058 196 32298 75 33054
58910 358 9782 321 24058 196 32298 369 33054
58910 358 9782 321 24058 196 72480 369 33054
58910 358 9782 321 24058 196 38148 369 33054
58910 358 9782 321 24058 196 44317 369 33054
58910 358 9782 321 24058 196 37710 369 33054
58910 358 9782 321 24058 196 73570 369 33054
58910 358 9782 321 24058 196 49353 252 33054
58910 358 9782 321 24058 196 67772 369 33054
58910 358 9782 321 24058 196 66047 75 33054
58910 358 9782 321 24058 196 74534 252 33054
58910 358 9782 321 24058 196 74534 151 33054
58910 358 9782 321 24058 196 2136 151 33054
58910 358 9782 321 24058 196 6534 252 33054
58910 358 9782 321 24058 196 6534 369 33054
58910 358 9782 321 24058 196 53923 369 33054
58910 358 9782 321 24058 196 9903 252 33054
58910 358 9782 321 24058 196 9903 151 33054
58910 358 9782 321 24058 196 14537 369 33054
58910 358 9782 321 24058 196 28376 75 33054
58910 358 9782 321 24058 196 58806 75 33054
58910 358 9782 321 24058 196 26710 369 33054
58910 358 9782 321 24058 196 73054 369 33054
58910 358 9782 321 24058 196 3313 252 33054
58910 358 9782 321 24058 196 3313 369 33054
58910 358 9782 321 24058 196 48822 369 33054
58910 358 9782 321 24058 196 30522 369 33054
58910 358 9782 321 24058 196 20174 369 33054
58910 358 9782 321 24058 196 39920 369 33054
58910 358 9782 321 24058 196 27946 75 33054
58910 358 9782 321 24058 196 27946 252 33054
58910 358 9782 321 24058 196 27946 369 33054
58910 358 9782 321 24058 196 18999 75 33054
58910 358 9782 321 24058 196 27930 369 33054
58910 358 9782 321 24058 196 34555 369 33054
58910 358 9782 321 24058 196 28306 75 33054
58910 358 9782 321 24058 262 64684 369 33054
58910 358 9782 321 24058 300 62434 252 33054
58910 358 9782 321 24058 332 68339 151 33054
58910 358 9782 321 24058 332 68339 252 33054
58910 358 9782 151 24578 252 55075 369 33054
58910 358 9782 151 24578 252 65403 369 33054
58910 358 9782 151 24578 252 36560 369 33054
58910 358 9782 151 24578 252 26086 252 33054
58910 358 9782 151 24578 252 39329 369 33054
58910 358 9782 151 24578 252 49964 369 33054
58910 358 9782 151 24578 252 36558 369 33054
58910 358 9782 151 24578 252 36350 369 33054
58910 358 9782 151 24578 252 50817 369 33054
58910 358 9782 151 24578 252 50817 277 33054
58910 358 9782 151 24578 252 24546 369 33054
58910 358 9782 151 24578 252 46978 369 33054
58910 358 9782 151 24578 252 28491 369 33054
58910 358 9782 151 24578 252 73355 28 33054
58910 358 9782 151 24578 252 30901 369 33054
58910 358 9782 151 24578 252 50480 369 33054
58910 358 9782 151 24578 252 18412 369 33054
58910 358 9782 151 24578 252 6526 369 33054
58910 358 9782 151 24578 252 18618 369 33054
58910 358 9782 151 24578 252 27406 369 33054
58910 358 9782 151 24578 252 52745 369 33054
58910 358 9782 151 24578 252 50577 369 33054
58910 358 9782 151 24578 252 31849 369 33054
58910 358 9782 151 24578 252 70248 369 33054
58910 358 9782 151 24578 252 65954 369 33054
58910 358 9782 151 24578 252 55065 369 33054
58910 358 9782 151 24578 252 27370 369 33054
58910 358 9782 151 24578 252 29671 369 33054
58910 358 9782 151 24578 252 48162 369 33054
58910 358 9782 151 24578 252 48821 369 33054
58910 358 9782 151 24578 252 47904 369 33054
58910 358 9782 151 24578 252 41526 369 33054
58910 358 9782 151 24578 252 1682 369 33054
58910 358 9782 151 24578 252 5857 369 33054
58910 358 9782 151 24578 252 56153 369 33054
58910 358 9782 151 24578 252 37595 369 33054
58910 358 9782 151 24578 252 52035 369 33054
58910 358 9782 151 24578 252 18900 369 33054
58910 358 9782 151 24578 252 7843 369 33054
58910 358 9782 151 24578 252 73513 369 33054
58910 358 9782 151 24578 252 59966 369 33054
58910 358 9782 151 24578 252 43136 369 33054
58910 358 9782 151 24578 252 69921 369 33054
58910 358 9782 151 24578 252 14982 277 33054
58910 358 9782 151 24578 252 14982 369 33054
58910 358 9782 151 24578 252 2008 369 33054
58910 358 9782 151 24578 151 72056 369 33054
58910 358 9782 151 24578 151 72056 28 33054
58910 358 9782 151 24578 151 60819 369 33054
58910 358 9782 151 24578 151 8327 151 33054
58910 358 9782 151 24578 151 45392 369 33054
58910 358 9782 151 24578 151 31273 369 33054
58910 358 9782 151 24578 151 65455 369 33054
58910 358 9782 151 24578 151 60079 369 33054
58910 358 9782 151 24578 151 62357 369 33054
58910 358 9782 151 24578 151 68088 369 33054
58910 358 9782 151 24578 151 27926 369 33054
58910 358 9782 151 24578 151 45315 369 33054
58910 358 9782 151 24578 151 101 369 33054
58910 358 9782 151 24578 151 50679 369 33054
58910 358 9782 151 24578 151 67643 369 33054
58910 358 9782 151 24578 151 48488 369 33054
58910 358 9782 151 24578 151 58175 369 33054
58910 358 9782 151 24578 151 21109 369 33054
58910 358 9782 151 24578 151 37820 369 33054
58910 358 9782 151 24578 151 2922 369 33054
58910 358 9782 151 24578 151 9441 369 33054
58910 358 9782 151 24578 151 9441 277 33054
58910 358 9782 369 41154 277 51358 151 33054
58910 358 9782 369 41154 277 51358 252 33054
58910 358 9782 252 58089 155 48225 75 33054
58910 358 9782 252 58089 155 2532 75 33054
58910 358 9782 252 58089 151 60779 252 33054
58910 358 9782 252 58089 151 60779 369 33054
58910 358 9782 252 10037 32 38055 75 33054
58910 151 34795 151 49114 32 18556 75 73556 75 33054
58910 151 34795 151 49114 32 18556 383 36328 369 33054
58910 151 34795 151 49114 369 38269 277 53499 369 33054
58910 151 34795 151 48288 252 23798 28 5303 369 33054
58910 151 34795 151 48288 252 23798 75 32752 369 33054
58910 151 34795 151 48288 252 23798 75 40450 75 33054
58910 151 34795 151 48288 32 23640 222 52667 369 33054
58910 151 34795 151 48288 32 9132 222 36335 369 33054
58910 151 34795 151 48288 294 12051 383 14614 369 33054
58910 151 34795 151 48288 294 12051 383 14614 252 33054
58910 151 34795 151 48288 294 12051 383 38944 75 33054
58910 151 34795 151 48288 294 12051 383 47902 75 33054
58910 151 34795 151 48288 294 12051 75 11436 369 33054
58910 151 34795 151 48288 294 12051 28 17020 75 33054
58910 151 34795 151 48288 294 12051 28 74973 369 33054
58910 151 34795 151 48288 369 53065 277 70644 369 33054
58910 151 34795 358 51755 28 41411 32 16834 252 33054
58910 151 34795 358 51755 28 41411 32 16834 369 33054
58910 151 34795 358 51755 28 34485 277 71383 369 33054
58910 151 34795 358 51755 28 34485 277 9549 369 33054
58910 151 34795 358 51755 28 54994 252 14531 369 33054
58910 151 34795 358 51755 28 54994 28 39078 369 33054
58910 151 34795 358 51755 28 54994 28 32776 369 33054
58910 151 34795 358 51755 373 67997 332 65857 151 33054
58910 151 34795 358 51755 373 67997 332 23447 151 33054
58910 151 34795 358 51755 373 67997 332 40309 151 33054
58910 151 34795 358 51755 373 67997 332 40309 252 33054
58910 151 34795 358 51755 373 33630 277 65545 75 33054
58910 151 34795 358 51755 373 25328 277 19515 151 33054
58910 151 34795 358 51755 373 25328 277 29524 369 33054
58910 151 34795 358 51755 373 39113 277 39428 369 33054
58910 151 34795 358 51755 373 29427 75 25961 151 33054
58910 151 34795 358 51755 373 29427 383 73168 75 33054
58910 151 34795 358 51755 373 29427 342 25928 252 33054
58910 151 34795 358 51755 373 29427 342 25928 369 33054
58910 151 34795 358 51755 373 29427 332 68338 151 33054
58910 151 34795 358 51755 373 29427 332 68338 252 33054
58910 151 34795 358 51755 373 29427 369 32824 252 33054
58910 151 34795 358 51755 373 29427 369 32824 151 33054
58910 151 34795 358 51755 373 29427 278 46241 369 33054
58910 151 34795 358 17373 373 14858 75 8156 75 33054
58910 151 34795 358 17373 373 14858 75 43038 369 33054
58910 151 34795 358 17373 373 14858 75 43452 369 33054
58910 151 34795 358 17373 373 14858 75 20556 369 33054
58910 151 34795 358 17373 373 14858 277 2313 369 33054
58910 151 34795 358 17373 373 14858 277 54871 369 33054
58910 151 34795 358 17373 373 14858 28 29549 369 33054
58910 151 34795 358 17373 373 19933 277 51356 151 33054
58910 151 34795 358 17373 373 19933 151 42789 151 33054
58910 151 34795 358 17373 373 19933 151 51091 151 33054
58910 151 34795 358 17373 373 50528 75 1214 369 33054
58910 151 34795 358 17373 373 50528 75 35291 252 33054
58910 151 34795 358 17373 373 50528 28 51352 151 33054
58910 151 34795 358 17373 373 50528 28 51352 252 33054
58910 151 34795 358 17373 373 50528 28 68288 369 33054
58910 151 34795 358 17373 373 50528 383 8285 252 33054
58910 151 34795 358 17373 373 50528 383 8285 151 33054
58910 151 34795 358 17373 373 61463 82 6452 369 33054
58910 151 34795 358 17373 373 36304 96 20410 369 33054
58910 151 34795 358 17373 373 36304 96 30918 369 33054
58910 151 34795 358 17373 164 9025 277 42961 369 33054
58910 151 34795 358 17373 164 9025 277 28231 369 33054
58910 151 34795 358 17373 105 59204 75 10514 369 33054
58910 151 34795 358 17373 105 59204 75 70727 75 33054
58910 151 34795 358 17373 332 1705 31 73627 369 33054
58910 151 34795 358 17373 332 1705 31 14264 369 33054
58910 151 34795 358 17373 332 1705 31 14264 252 33054
58910 151 34795 358 17373 332 1705 31 71935 369 33054
58910 151 34795 358 17373 332 1705 31 37109 252 33054
58910 151 34795 358 17373 332 1705 31 66245 369 33054
58910 151 34795 358 17373 332 1705 31 12741 369 33054
58910 151 34795 358 17373 332 1705 31 53484 369 33054
58910 151 34795 358 17373 332 1705 31 42618 252 33054
58910 151 34795 358 17373 332 1705 31 42618 369 33054
58910 151 34795 358 17373 332 1705 31 68049 151 33054
58910 151 34795 358 17373 332 1705 31 68049 252 33054
58910 151 34795 358 17373 332 1705 31 39064 369 33054
58910 151 34795 358 17373 332 1705 31 70550 75 33054
58910 151 34795 358 17373 332 1705 31 15303 369 33054
58910 151 34795 358 17373 332 1705 31 35180 75 33054
58910 151 34795 358 17373 332 1705 31 69430 369 33054
58910 151 34795 358 17373 332 1705 31 67308 151 33054
58910 151 34795 358 17373 332 1705 31 10512 75 33054
58910 151 34795 358 17373 332 1705 31 72838 75 33054
58910 151 34795 358 17373 332 1705 31 53680 369 33054
58910 151 34795 358 17373 332 1705 31 731 75 33054
58910 151 34795 358 17373 332 1705 31 65174 75 33054
58910 151 34795 358 17373 332 1705 31 24854 28 33054
58910 151 34795 358 17373 332 1705 31 51394 369 33054
58910 151 34795 358 17373 332 1705 31 14729 369 33054
58910 151 34795 358 17373 332 1705 31 12330 369 33054
58910 151 34795 358 17373 332 1705 31 29362 277 33054
58910 151 34795 358 17373 332 1705 31 29362 369 33054
58910 151 34795 358 17373 332 1705 31 36458 369 33054
58910 151 34795 358 17373 332 1705 31 49417 151 33054
58910 151 34795 358 17373 332 1705 31 53262 369 33054
58910 151 34795 358 17373 332 1705 31 70625 75 33054
58910 151 34795 358 17373 332 1705 31 70625 369 33054
58910 151 34795 358 17373 332 1705 31 8765 369 33054
58910 151 34795 358 17373 332 1705 31 66019 369 33054
58910 151 34795 358 17373 332 1705 31 47107 369 33054
58910 151 34795 358 17373 332 1705 31 36156 252 33054
58910 151 34795 358 17373 332 1705 31 36156 369 33054
58910 151 34795 358 17373 332 1705 31 24688 151 33054
58910 151 34795 358 17373 332 1705 31 1548 369 33054
58910 151 34795 358 17373 332 1705 31 4443 369 33054
58910 151 34795 358 17373 332 1705 31 18230 252 33054
58910 151 34795 358 17373 332 1705 31 18230 151 33054
58910 151 34795 358 17373 332 1705 31 74370 151 33054
58910 151 34795 358 17373 332 1705 31 2781 369 33054
58910 151 34795 358 17373 332 1705 31 41749 369 33054
58910 151 34795 358 17373 332 1705 31 50152 369 33054
58910 151 34795 358 17373 332 1705 31 72855 75 33054
58910 151 34795 358 17373 332 1705 31 1929 252 33054
58910 151 34795 358 17373 332 1705 31 1929 151 33054
58910 151 34795 358 17373 332 1705 31 45649 369 33054
58910 151 34795 358 17373 332 1705 31 10430 252 33054
58910 151 34795 358 17373 332 1705 31 10430 369 33054
58910 151 34795 358 17373 332 1705 31 61135 252 33054
58910 151 34795 358 17373 332 1705 31 61135 369 33054
58910 151 34795 358 17373 332 1705 31 36689 369 33054
58910 151 34795 358 17373 332 1705 31 31723 75 33054
58910 151 34795 358 17373 332 1705 31 31723 369 33054
58910 151 34795 358 17373 332 1705 31 7646 151 33054
58910 151 34795 358 17373 332 1705 31 1945 369 33054
58910 151 34795 358 17373 332 1705 31 75174 252 33054
58910 151 34795 358 17373 332 1705 31 75174 369 33054
58910 151 34795 358 17373 332 1705 31 9368 369 33054
58910 151 34795 358 17373 332 1705 31 40136 252 33054
58910 151 34795 358 17373 332 1705 31 40136 369 33054
58910 151 34795 358 17373 332 1705 31 57819 369 33054
58910 151 34795 358 17373 332 1705 31 41374 369 33054
58910 151 34795 358 17373 332 1705 31 73145 369 33054
58910 151 34795 358 17373 332 1705 31 48224 252 33054
58910 151 34795 358 17373 332 1705 31 48224 369 33054
58910 151 34795 358 17373 332 1705 31 49084 369 33054
58910 151 34795 358 17373 332 1705 31 36866 369 33054
58910 151 34795 358 17373 332 1705 31 40298 369 33054
58910 151 34795 358 17373 332 1705 31 11708 369 33054
58910 151 34795 358 17373 332 1705 31 12956 369 33054
58910 151 34795 358 17373 332 1705 31 74865 369 33054
58910 151 34795 358 17373 332 1705 31 15927 151 33054
58910 151 34795 358 17373 332 1705 31 27769 369 33054
58910 151 34795 358 17373 332 1705 31 48778 369 33054
58910 151 34795 358 17373 332 1705 31 44726 369 33054
58910 151 34795 358 17373 332 1705 31 17345 369 33054
58910 151 34795 358 17373 332 1705 31 6621 252 33054
58910 151 34795 358 17373 332 1705 31 6621 151 33054
58910 358 9782 28 30480 28 45996 252 66132 369 33054
58910 358 9782 28 30480 28 45996 277 7987 151 33054
58910 358 9782 28 30480 28 45996 358 34894 252 33054
58910 358 9782 28 30480 28 45996 358 34894 151 33054
58910 358 9782 28 30480 28 45996 358 66324 252 33054
58910 358 9782 28 30480 28 45996 358 66324 151 33054
58910 358 9782 28 30480 28 45996 358 15162 252 33054
58910 358 9782 28 30480 28 45996 358 15162 151 33054
58910 358 9782 28 30480 28 45996 358 18151 369 33054
58910 358 9782 28 30480 28 45996 358 74819 151 33054
58910 358 9782 28 30480 28 45996 358 74819 252 33054
58910 358 9782 28 30480 28 45996 358 45049 252 33054
58910 358 9782 28 30480 28 45996 358 45049 151 33054
58910 358 9782 28 30480 28 45996 358 11528 252 33054
58910 358 9782 28 30480 28 45996 358 11528 151 33054
58910 358 9782 28 30480 28 45996 358 3644 151 33054
58910 358 9782 28 30480 28 45996 358 3644 252 33054
58910 358 9782 28 30480 28 45996 358 11600 151 33054
58910 358 9782 28 30480 28 45996 358 70207 252 33054
58910 358 9782 28 30480 28 45996 358 70207 151 33054
58910 358 9782 28 30480 28 45996 358 67260 151 33054
58910 358 9782 28 30480 28 45996 358 67260 252 33054
58910 358 9782 28 30480 28 45996 358 23473 151 33054
58910 358 9782 28 30480 28 45996 358 23473 277 33054
58910 358 9782 28 30480 28 45996 358 52775 151 33054
58910 358 9782 28 30480 28 45996 358 25755 151 33054
58910 358 9782 28 30480 28 45996 358 25755 277 33054
58910 358 9782 28 30480 28 45996 358 15735 369 33054
58910 358 9782 28 30480 28 45996 358 27595 151 33054
58910 358 9782 28 30480 32 66076 75 48048 369 33054
58910 358 9782 28 30480 32 66076 75 48048 277 33054
58910 358 9782 28 30480 32 66076 75 19121 151 33054
58910 358 9782 28 30480 32 66076 75 19121 277 33054
58910 358 9782 28 30480 32 66076 75 20596 151 33054
58910 358 9782 28 30480 32 63370 114 4394 28 33054
58910 358 9782 28 30480 32 63370 114 10481 369 33054
58910 358 9782 28 30480 32 63370 114 10481 252 33054
58910 358 9782 28 30480 32 63370 114 34525 151 33054
58910 358 9782 28 30480 32 63370 75 40409 277 33054
58910 358 9782 28 30480 32 63370 75 25575 369 33054
58910 358 9782 28 30480 32 63370 75 25575 277 33054
58910 358 9782 28 30480 32 63370 75 37253 277 33054
58910 358 9782 28 30480 32 63370 75 37253 151 33054
58910 358 9782 28 30480 32 63370 75 26889 151 33054
58910 358 9782 28 30480 32 63370 75 18660 369 33054
58910 358 9782 28 30480 32 63370 75 31040 28 33054
58910 358 9782 28 30480 32 63370 75 31040 369 33054
58910 358 9782 28 30480 32 1444 342 65814 151 33054
58910 358 9782 28 30480 32 1444 75 44233 252 33054
58910 358 9782 28 30480 32 1444 75 44233 151 33054
58910 358 9782 28 30480 32 1444 382 28806 75 33054
58910 358 9782 28 30480 32 1444 332 51355 151 33054
58910 358 9782 28 30480 32 1444 332 40313 151 33054
58910 358 9782 28 30480 32 69841 75 20399 151 33054
58910 358 9782 28 30480 32 69841 75 11956 277 33054
58910 358 9782 28 30480 32 69841 75 11956 151 33054
58910 358 9782 28 30480 32 69841 75 33701 252 33054
58910 358 9782 28 30480 32 69841 75 33701 369 33054
58910 358 9782 28 30480 32 69841 252 33008 252 33054
58910 358 9782 28 30480 32 69841 252 33008 151 33054
58910 358 9782 28 30480 32 1963 75 58269 277 33054
58910 358 9782 28 30480 32 1963 75 58269 369 33054
58910 358 9782 28 30480 32 34480 93 26627 75 33054
58910 358 9782 28 30480 32 34480 93 7419 369 33054
58910 358 9782 28 30480 358 59599 151 64725 151 33054
58910 358 9782 28 30480 358 4445 75 15647 252 33054
58910 358 9782 28 30480 358 4445 75 15647 151 33054
58910 358 9782 28 30480 358 40111 300 75247 369 33054
58910 358 9782 28 30480 358 30109 28 8203 151 33054
58910 358 9782 28 30480 358 30109 28 45309 252 33054
58910 358 9782 28 30480 358 30109 28 45309 151 33054
58910 358 9782 28 30480 358 30109 358 17726 252 33054
58910 358 9782 28 30480 358 30109 358 17726 151 33054
58910 358 9782 28 30480 358 66417 28 19535 151 33054
58910 358 9782 28 30480 358 66417 252 17168 369 33054
58910 358 9782 28 30480 358 66417 252 66349 369 33054
58910 358 9782 28 30480 358 66417 252 66347 369 33054
58910 358 9782 28 30480 358 66417 252 100 369 33054
58910 358 9782 28 30480 358 66417 358 54310 369 33054
58910 358 9782 277 6326 332 65861 31 34575 369 33054
58910 358 9782 277 6326 332 65861 31 68356 369 33054
58910 358 9782 277 6326 332 65861 31 40671 369 33054
58910 358 9782 277 6326 332 65861 31 2904 369 33054
58910 358 9782 277 6326 332 65861 31 64735 369 33054
58910 358 9782 277 6326 332 65861 31 6905 369 33054
58910 358 9782 277 6326 332 65861 31 21115 369 33054
58910 358 9782 277 6326 332 65861 31 59683 151 33054
58910 358 9782 277 6326 332 65861 31 66472 369 33054
58910 358 9782 277 6326 332 65861 31 8629 369 33054
58910 358 9782 277 6326 332 65861 31 30154 369 33054
58910 358 9782 277 6326 332 65861 31 41111 369 33054
58910 358 9782 277 6326 332 65861 31 10933 369 33054
58910 358 9782 277 6326 332 65861 31 28323 75 33054
58910 358 9782 277 6326 332 65861 31 17188 369 33054
58910 358 9782 277 6326 332 65861 31 71680 369 33054
58910 358 9782 277 6326 332 65861 31 56901 369 33054
58910 358 9782 277 6326 332 65861 31 66896 369 33054
58910 358 9782 277 6326 332 65861 31 40156 369 33054
58910 358 9782 277 6326 332 65861 31 60218 369 33054
58910 358 9782 277 6326 332 65861 31 42510 151 33054
58910 358 9782 277 6326 332 65861 31 42510 252 33054
58910 358 9782 277 6326 332 65861 31 37026 369 33054
58910 358 9782 277 6326 332 65861 31 13720 369 33054
58910 358 9782 277 6326 332 65861 31 13720 252 33054
58910 358 9782 277 6326 332 65861 31 35533 369 33054
58910 358 9782 277 6326 332 65861 31 32838 369 33054
58910 358 9782 277 6326 332 65861 31 44610 369 33054
58910 358 9782 277 6326 332 65861 31 72146 369 33054
58910 358 9782 277 6326 332 65861 31 53267 369 33054
58910 358 9782 277 6326 332 65861 31 68659 151 33054
58910 358 9782 277 6326 332 65861 31 70150 369 33054
58910 358 9782 277 6326 332 65861 31 72041 369 33054
58910 358 9782 277 6326 332 65861 31 24013 369 33054
58910 358 9782 277 6326 332 65861 31 53174 369 33054
58910 358 9782 277 6326 332 65861 31 57100 369 33054
58910 358 9782 277 6326 332 65861 31 58604 75 33054
58910 358 9782 277 6326 332 65861 31 55583 369 33054
58910 358 9782 277 6326 332 65861 31 46210 369 33054
58910 358 9782 277 6326 332 65861 31 52309 369 33054
58910 358 9782 277 6326 332 65861 31 39173 369 33054
58910 358 9782 277 6326 332 65861 31 51875 369 33054
58910 358 9782 277 6326 332 65861 31 60751 369 33054
58910 358 9782 277 6326 332 65861 31 12003 252 33054
58910 358 9782 277 6326 332 65861 31 12003 369 33054
58910 358 9782 277 6326 332 65861 31 74737 369 33054
58910 358 9782 277 6326 332 65861 31 37720 369 33054
58910 358 9782 277 6326 332 65861 31 354 369 33054
58910 358 9782 277 6326 332 65861 31 33232 369 33054
58910 358 9782 277 6326 332 65861 31 1727 369 33054
58910 358 9782 277 6326 332 65861 31 49355 369 33054
58910 358 9782 277 6326 332 65861 31 28860 369 33054
58910 358 9782 277 6326 332 65861 31 72970 252 33054
58910 358 9782 277 6326 332 65861 31 72970 369 33054
58910 358 9782 277 6326 332 65861 31 509 369 33054
58910 358 9782 277 6326 332 65861 31 12403 151 33054
58910 358 9782 277 6326 332 65861 31 6943 252 33054
58910 358 9782 277 6326 332 65861 31 6943 151 33054
58910 358 9782 277 6326 332 65861 31 64436 369 33054
58910 358 9782 277 6326 332 65861 31 60622 369 33054
58910 358 9782 277 6326 332 65861 31 56775 252 33054
58910 358 9782 277 6326 332 65861 31 18362 369 33054
58910 358 9782 277 6326 332 65861 31 73559 369 33054
58910 358 9782 277 6326 332 65861 31 43294 369 33054
58910 358 9782 277 6326 332 65861 31 8640 369 33054
58910 358 9782 277 6326 332 65861 31 14666 369 33054
58910 358 9782 277 6326 332 65861 31 26991 369 33054
58910 358 9782 277 6326 332 65861 31 64904 369 33054
58910 358 9782 277 6326 332 65861 31 8870 75 33054
58910 358 9782 277 6326 332 65861 31 33164 369 33054
58910 358 9782 277 6326 332 65861 31 48125 369 33054
58910 358 9782 277 6326 332 65861 31 67134 369 33054
58910 358 9782 277 6326 332 65861 31 8501 369 33054
58910 358 9782 277 6326 332 65861 31 28637 369 33054
58910 358 9782 277 6326 332 65861 31 19486 252 33054
58910 358 9782 277 6326 332 65861 31 19486 151 33054
58910 358 9782 277 6326 332 65861 31 55759 252 33054
58910 358 9782 277 6326 332 65861 31 55759 151 33054
58910 358 9782 277 6326 332 65856 31 24403 369 33054
58910 358 9782 277 6326 332 65856 31 25616 369 33054
58910 358 9782 277 6326 332 65856 31 56854 369 33054
58910 358 9782 277 6326 332 65856 31 70122 369 33054
58910 358 9782 277 6326 332 65856 31 52636 369 33054
58910 358 9782 277 6326 332 65856 31 39248 369 33054
58910 358 9782 277 6326 332 65856 31 30490 369 33054
58910 358 9782 277 6326 332 65856 31 66733 369 33054
58910 358 9782 277 6326 332 65856 31 43929 369 33054
58910 358 9782 277 6326 332 65856 31 45140 369 33054
58910 358 9782 277 6326 332 65856 31 18144 369 33054
58910 358 9782 277 6326 332 65856 31 70383 151 33054
58910 358 9782 277 6326 332 65856 31 4399 151 33054
58910 358 9782 277 6326 332 65856 31 4399 252 33054
58910 358 9782 277 6326 332 65856 31 73848 369 33054
58910 358 9782 277 6326 332 65856 31 73848 75 33054
58910 358 9782 277 6326 332 65856 31 73848 252 33054
58910 358 9782 277 6326 332 65856 31 20868 369 33054
58910 358 9782 277 6326 332 65856 31 31066 151 33054
58910 358 9782 277 6326 332 65856 31 31066 252 33054
58910 358 9782 277 6326 332 65856 31 32512 75 33054
58910 358 9782 277 6326 332 65856 31 23655 369 33054
58910 358 9782 277 6326 332 65856 31 107 369 33054
58910 358 9782 277 6326 332 65856 31 44612 28 33054
58910 358 9782 277 6326 332 65856 31 37878 369 33054
58910 358 9782 277 6326 332 65856 31 37878 252 33054
58910 358 9782 277 6326 332 65856 31 9802 151 33054
58910 358 9782 277 6326 332 65856 31 72012 369 33054
58910 358 9782 277 6326 332 65856 31 29174 369 33054
58910 358 9782 277 6326 332 65856 31 56867 369 33054
58910 358 9782 277 6326 332 65856 31 51254 369 33054
58910 358 9782 277 6326 332 65856 31 12880 369 33054
58910 358 9782 277 6326 332 65856 31 2670 369 33054
58910 358 9782 277 6326 332 65856 31 70287 369 33054
58910 358 9782 277 6326 332 65856 31 14616 369 33054
58910 358 9782 277 6326 332 65856 31 14630 369 33054
58910 358 9782 277 6326 332 65856 31 53689 369 33054
58910 358 9782 277 6326 332 65856 31 17512 369 33054
58910 358 9782 277 6326 332 65856 31 49456 369 33054
58910 358 9782 277 6326 332 65856 31 34499 369 33054
58910 358 9782 277 6326 332 65856 31 36540 75 33054
58910 358 9782 277 6326 332 65856 31 48923 75 33054
58910 358 9782 277 6326 332 65856 31 48923 369 33054
58910 358 9782 277 6326 332 65856 31 39984 369 33054
58910 358 9782 277 6326 332 65856 31 61661 369 33054
58910 358 9782 277 6326 332 65856 31 12442 369 33054
58910 358 9782 277 6326 332 65856 31 51287 252 33054
58910 358 9782 277 6326 332 65856 31 51287 369 33054
58910 358 9782 277 6326 332 65856 31 69019 369 33054
58910 358 9782 277 6326 332 65856 31 39397 28 33054
58910 358 9782 277 6326 332 65856 31 39397 369 33054
58910 358 9782 277 6326 332 65856 31 59279 369 33054
58910 358 9782 277 6326 332 65856 31 34266 369 33054
58910 358 9782 277 6326 332 65856 31 65305 369 33054
58910 358 9782 277 6326 332 65856 31 52920 75 33054
58910 358 9782 277 6326 332 65856 31 8966 369 33054
58910 358 9782 277 6326 332 65856 31 30234 369 33054
58910 358 9782 277 6326 332 65856 31 46670 369 33054
58910 358 9782 277 6326 332 65856 31 53593 151 33054
58910 358 9782 277 6326 332 65856 31 58961 369 33054
58910 358 9782 277 6326 332 65856 31 21687 369 33054
58910 358 9782 277 6326 332 65856 31 62376 369 33054
58910 358 9782 277 6326 332 65856 31 33616 151 33054
58910 358 9782 277 6326 332 65856 31 49073 369 33054
58910 358 9782 277 6326 332 65856 31 40568 369 33054
58910 358 9782 277 6326 332 65856 31 55478 252 33054
58910 358 9782 277 6326 332 65856 31 55478 151 33054
58910 358 9782 277 6326 332 65856 31 35145 369 33054
58910 358 9782 277 6326 332 65856 31 31931 369 33054
58910 358 9782 277 6326 332 65856 31 23636 75 33054
58910 358 9782 277 6326 332 65856 31 6601 369 33054
58910 358 9782 277 6326 332 65856 31 44818 252 33054
58910 358 9782 277 6326 332 65856 31 44818 369 33054
58910 358 9782 277 6326 332 65856 31 5767 369 33054
58910 358 9782 277 6326 332 65856 31 68471 75 33054
58910 358 9782 277 6326 332 65856 31 66280 369 33054
58910 358 9782 277 6326 332 65856 31 11565 75 33054
58910 358 9782 277 6326 332 65856 31 6346 75 33054
58910 358 9782 277 6326 332 65856 31 6346 369 33054
58910 358 9782 277 6326 332 65856 31 38592 369 33054
58910 358 9782 277 6326 332 65856 31 57462 369 33054
58910 358 9782 277 6326 332 65856 31 9269 369 33054
58910 358 9782 277 6326 332 65856 31 71931 369 33054
58910 358 9782 277 6326 332 65856 31 70441 369 33054
58910 358 9782 277 6326 332 65856 31 35519 151 33054
58910 358 9782 277 6326 332 65856 31 53151 75 33054
58910 358 9782 277 6326 332 65856 31 16952 369 33054
58910 358 9782 277 6326 332 65856 31 72286 151 33054
58910 358 9782 277 6326 332 65856 31 18584 369 33054
58910 358 9782 277 6326 332 65856 31 6630 369 33054
58910 358 9782 277 6326 332 65856 31 62841 369 33054
58910 358 9782 277 6326 332 65856 31 36596 369 33054
58910 358 9782 277 6326 332 29052 31 29281 151 33054
58910 358 9782 277 6326 332 29052 31 29281 252 33054
58910 358 9782 277 6326 332 29052 31 38768 369 33054
58910 358 9782 277 6326 332 29052 31 14426 369 33054
58910 358 9782 277 6326 332 29052 31 72637 369 33054
58910 358 9782 277 6326 332 29052 31 8945 151 33054
58910 358 9782 277 6326 332 29052 31 8945 252 33054
58910 358 9782 277 6326 332 29052 31 54298 252 33054
58910 358 9782 277 6326 332 29052 31 20613 369 33054
58910 358 9782 277 6326 332 29052 31 66508 369 33054
58910 358 9782 277 6326 332 29052 31 67231 369 33054
58910 358 9782 277 6326 332 29052 31 48823 369 33054
58910 358 9782 277 6326 332 29052 31 14798 151 33054
58910 358 9782 277 6326 332 29052 31 50902 369 33054
58910 358 9782 277 6326 332 29052 31 58490 369 33054
58910 358 9782 277 6326 332 29052 31 37349 369 33054
58910 358 9782 277 6326 332 29052 31 37500 369 33054
58910 358 9782 277 6326 332 29052 31 1299 151 33054
58910 358 9782 277 6326 332 29052 31 46295 369 33054
58910 358 9782 277 6326 332 29052 31 45220 369 33054
58910 358 9782 277 6326 332 29052 31 28467 369 33054
58910 358 9782 277 6326 332 29052 31 39288 369 33054
58910 358 9782 277 6326 332 29052 31 64668 369 33054
58910 358 9782 277 6326 332 29052 31 24955 369 33054
58910 358 9782 277 6326 332 29052 31 44613 369 33054
58910 358 9782 277 6326 332 29052 31 73669 369 33054
58910 358 9782 277 6326 332 29052 31 31504 369 33054
58910 358 9782 277 6326 332 29052 31 26818 369 33054
58910 358 9782 277 6326 332 29052 31 20307 369 33054
58910 358 9782 277 6326 332 29052 31 58506 369 33054
58910 358 9782 277 6326 332 29052 31 56645 369 33054
58910 358 9782 277 6326 332 29052 31 51175 369 33054
58910 358 9782 277 6326 332 29052 31 37673 75 33054
58910 358 9782 277 6326 332 29052 31 54914 151 33054
58910 358 9782 277 6326 332 29052 31 63780 369 33054
58910 358 9782 277 6326 332 29052 31 16260 369 33054
58910 358 9782 277 6326 332 29052 31 16260 252 33054
58910 358 9782 277 6326 332 29052 31 55158 75 33054
58910 358 9782 277 6326 332 29052 31 20061 151 33054
58910 358 9782 277 6326 332 29052 31 71513 369 33054
58910 358 9782 277 6326 332 29052 31 50866 369 33054
58910 358 9782 277 6326 332 29052 31 56093 369 33054
58910 358 9782 277 6326 332 29052 31 64253 369 33054
58910 358 9782 277 6326 332 29052 31 6525 151 33054
58910 358 9782 277 6326 332 29052 31 6525 252 33054
58910 358 9782 277 6326 332 29052 31 31724 369 33054
58910 358 9782 277 6326 332 29052 31 3414 369 33054
58910 358 9782 277 6326 332 29052 31 34792 369 33054
58910 358 9782 277 6326 332 29052 31 8454 369 33054
58910 358 9782 277 6326 332 29052 31 47773 369 33054
58910 358 9782 277 6326 332 29052 31 24104 369 33054
58910 358 9782 277 6326 332 29052 31 75371 369 33054
58910 358 9782 277 6326 332 29052 31 9426 369 33054
58910 358 9782 277 6326 332 29052 31 51467 369 33054
58910 358 9782 277 6326 332 29052 31 12391 369 33054
58910 358 9782 277 6326 332 29052 31 12391 252 33054
58910 358 9782 277 6326 332 29052 31 46612 369 33054
58910 358 9782 277 6326 332 29052 31 2218 252 33054
58910 358 9782 277 6326 332 29052 31 2218 369 33054
58910 358 9782 277 6326 332 29052 31 74689 369 33054
58910 358 9782 277 6326 332 29052 31 34085 369 33054
58910 358 9782 277 6326 332 29052 31 41491 369 33054
58910 358 9782 277 6326 332 29052 31 11257 369 33054
58910 358 9782 277 6326 332 29052 31 8180 151 33054
58910 358 9782 277 6326 332 29052 31 71432 252 33054
58910 358 9782 277 6326 332 29052 31 71432 369 33054
58910 358 9782 277 6326 332 29052 31 58348 369 33054
58910 358 9782 277 6326 332 29052 31 50523 369 33054
58910 358 9782 277 6326 332 29052 31 25261 369 33054
58910 358 9782 277 6326 332 29052 31 35530 369 33054
58910 358 9782 277 6326 332 29052 31 11742 252 33054
58910 358 9782 277 6326 332 29052 31 11742 151 33054
58910 358 9782 277 6326 332 29052 31 59061 369 33054
58910 358 9782 277 6326 332 29052 31 44332 369 33054
58910 358 9782 277 6326 332 29052 31 15751 369 33054
58910 358 9782 277 6326 332 29052 31 11001 369 33054
58910 358 9782 277 6326 332 29052 31 56620 369 33054
58910 358 9782 277 6326 332 29052 31 72418 369 33054
58910 358 9782 277 6326 332 29052 31 26667 369 33054
58910 358 9782 277 6326 332 29052 31 22411 369 33054
58910 358 9782 277 6326 332 29052 31 34238 369 33054
58910 358 9782 277 6326 332 29052 31 5457 369 33054
58910 358 9782 277 6326 332 29052 31 19050 369 33054
58910 358 9782 277 6326 332 29052 31 13054 369 33054
58910 358 9782 277 6326 332 29052 31 69540 252 33054
58910 358 9782 277 6326 332 29052 31 59433 369 33054
58910 358 9782 277 6326 332 29052 31 44597 75 33054
58910 358 9782 277 6326 332 29052 31 34257 369 33054
58910 358 9782 277 6326 332 29052 31 24827 369 33054
58910 358 9782 277 6326 332 29052 31 71479 369 33054
58910 358 9782 277 6326 332 29052 31 10289 75 33054
58910 358 9782 277 6326 332 29052 31 46071 252 33054
58910 358 9782 277 6326 332 29052 31 46071 369 33054
58910 358 9782 277 6326 332 29052 31 15271 369 33054
58910 358 9782 277 6326 332 29052 31 69592 369 33054
58910 358 9782 277 6326 332 29052 31 68997 369 33054
58910 358 9782 277 6326 332 29052 31 8087 369 33054
58910 358 9782 277 6326 332 29052 31 47146 369 33054
58910 358 9782 277 6326 332 29052 31 72429 252 33054
58910 358 9782 277 6326 332 29052 31 72429 151 33054
58910 358 9782 277 6326 332 29052 31 53570 369 33054
58910 358 9782 277 6326 332 29052 31 14579 28 33054
58910 358 9782 277 6326 332 29052 31 14579 369 33054
58910 358 9782 277 6326 332 29052 31 60830 369 33054
58910 358 9782 277 6326 332 29052 31 26034 369 33054
58910 358 9782 277 6326 332 29052 31 33187 369 33054
58910 358 9782 277 6326 332 29052 31 14815 369 33054
58910 358 9782 277 6326 332 29052 31 14927 369 33054
58910 358 9782 277 6326 332 29052 31 36192 369 33054
58910 358 9782 277 6326 332 29052 31 3291 75 33054
58910 358 9782 277 6326 332 29052 31 26408 369 33054
58910 358 9782 277 6326 332 29052 31 17048 369 33054
58910 358 9782 277 6326 332 29052 31 10680 252 33054
58910 358 9782 277 6326 332 29052 31 34687 369 33054
58910 358 9782 277 6326 332 29052 31 4397 369 33054
58910 358 9782 277 6326 332 29052 31 59816 369 33054
58910 358 9782 277 6326 332 29052 31 32929 369 33054
58910 358 9782 277 6326 332 29052 31 1497 369 33054
58910 358 9782 277 6326 332 29052 31 38810 252 33054
58910 358 9782 277 6326 332 29052 31 38810 151 33054
58910 358 9782 277 6326 332 29052 31 5480 369 33054
58910 358 9782 277 6326 332 29052 31 25017 369 33054
58910 358 9782 277 6326 332 29052 31 8450 369 33054
58910 358 9782 277 6326 332 29052 31 62745 369 33054
58910 358 9782 277 6326 332 29052 31 14149 369 33054
58910 358 9782 277 6326 369 27613 75 29539 369 33054
58910 358 9782 277 9747 294 21890 252 23727 369 33054
58910 358 9782 321 24058 196 52207 369 25489 277 33054
58910 358 9782 321 24058 196 24865 342 9278 369 33054
58910 358 9782 321 24058 196 24865 303 55159 369 33054
58910 358 9782 321 24058 196 27162 32 70009 369 33054
58910 358 9782 321 24058 196 27162 369 60943 252 33054
58910 358 9782 321 24058 196 27162 369 60943 151 33054
58910 358 9782 321 24058 196 21807 252 62747 252 33054
58910 358 9782 321 24058 196 21807 252 62747 151 33054
58910 358 9782 321 24058 196 32357 300 24442 151 33054
58910 358 9782 321 24058 196 32357 300 24442 252 33054
58910 358 9782 321 24058 196 32357 300 58451 369 33054
58910 358 9782 321 24058 196 32357 300 59867 151 33054
58910 358 9782 321 24058 196 32357 300 59867 252 33054
58910 358 9782 321 24058 196 32357 300 74208 369 33054
58910 358 9782 321 24058 196 59220 5 44125 369 33054
58910 358 9782 321 24058 196 59220 5 48177 369 33054
58910 358 9782 321 24058 196 59220 252 50112 151 33054
58910 358 9782 321 24058 196 59220 252 50112 252 33054
58910 358 9782 321 24058 196 59220 252 53302 252 33054
58910 358 9782 321 24058 196 59220 252 53302 151 33054
58910 358 9782 321 24058 196 59220 252 11049 369 33054
58910 358 9782 321 24058 196 59220 252 11053 252 33054
58910 358 9782 321 24058 196 59220 252 11053 369 33054
58910 358 9782 321 24058 196 14740 359 34324 75 33054
58910 358 9782 321 24058 196 37710 252 1581 252 33054
58910 358 9782 321 24058 196 37710 252 1581 151 33054
58910 358 9782 321 24058 196 25422 196 72233 75 33054
58910 358 9782 321 24058 196 66047 369 27332 369 33054
58910 358 9782 321 24058 196 29987 358 2588 369 33054
58910 358 9782 321 24058 196 46549 382 65513 369 33054
58910 358 9782 321 24058 196 58806 252 66551 151 33054
58910 358 9782 321 24058 196 58806 102 60885 75 33054
58910 358 9782 321 24058 196 58806 151 14023 369 33054
58910 358 9782 321 24058 196 19847 75 67447 369 33054
58910 358 9782 321 24058 196 17630 93 22024 369 33054
58910 358 9782 321 24058 196 17630 24 37839 369 33054
58910 358 9782 321 24058 196 33377 202 11699 369 33054
58910 358 9782 321 24058 262 29580 323 67332 369 33054
58910 358 9782 321 24058 262 29580 323 21202 369 33054
58910 358 9782 321 24058 383 69092 75 3027 369 33054
58910 358 9782 321 24058 383 69092 75 3027 277 33054
58910 358 9782 321 24058 383 69092 75 16913 369 33054
58910 358 9782 321 24058 383 69092 75 70027 369 33054
58910 358 9782 321 24058 383 69092 75 70027 277 33054
58910 358 9782 321 24058 383 69092 75 3594 151 33054
58910 358 9782 321 24058 383 69092 75 57918 151 33054
58910 358 9782 321 24058 383 69092 75 38865 369 33054
58910 358 9782 321 24058 383 69092 75 69624 369 33054
58910 358 9782 321 24058 383 69092 75 69624 75 33054
58910 358 9782 321 24058 383 69092 75 69624 252 33054
58910 358 9782 321 24058 383 69092 75 16370 252 33054
58910 358 9782 321 24058 383 69092 75 16370 151 33054
58910 358 9782 321 24058 383 69092 75 22017 252 33054
58910 358 9782 321 24058 383 69092 75 22017 151 33054
58910 358 9782 321 24058 383 69092 75 42194 151 33054
58910 358 9782 321 24058 383 69092 75 70909 277 33054
58910 358 9782 321 24058 383 69092 75 70909 369 33054
58910 358 9782 321 24058 383 69092 75 61301 369 33054
58910 358 9782 321 24058 383 69092 75 71863 75 33054
58910 358 9782 321 24058 383 69092 75 71863 369 33054
58910 358 9782 321 24058 383 69092 75 28518 277 33054
58910 358 9782 321 24058 383 69092 75 28518 369 33054
58910 358 9782 321 24058 383 69092 75 45946 277 33054
58910 358 9782 321 24058 383 69092 75 45946 369 33054
58910 358 9782 321 24058 383 69092 75 52301 75 33054
58910 358 9782 321 24058 383 69092 75 41869 277 33054
58910 358 9782 321 24058 383 69092 75 41869 369 33054
58910 358 9782 321 24058 383 69092 75 23740 277 33054
58910 358 9782 321 24058 383 69092 75 23740 369 33054
58910 358 9782 321 24058 383 69092 75 46030 277 33054
58910 358 9782 321 24058 383 69092 75 46030 369 33054
58910 358 9782 321 24058 383 69092 75 22252 277 33054
58910 358 9782 321 24058 383 69092 75 22252 369 33054
58910 358 9782 321 24058 383 69092 75 32201 252 33054
58910 358 9782 321 24058 383 69092 75 32201 369 33054
58910 358 9782 321 24058 383 69092 75 9813 369 33054
58910 358 9782 321 24058 383 69092 75 24341 252 33054
58910 358 9782 321 24058 383 69092 75 24341 369 33054
58910 358 9782 321 24058 383 69092 75 41003 369 33054
58910 358 9782 321 24058 383 69092 75 31059 252 33054
58910 358 9782 321 24058 383 69092 75 37371 369 33054
58910 358 9782 321 24058 383 69092 114 7236 369 33054
58910 358 9782 321 24058 383 69092 294 74609 252 33054
58910 358 9782 321 24058 383 69092 294 74609 369 33054
58910 358 9782 321 24058 383 69092 294 34765 75 33054
58910 358 9782 321 24058 383 69092 294 25645 369 33054
58910 358 9782 321 24058 383 69092 294 31481 369 33054
58910 358 9782 321 24058 383 69092 294 55951 369 33054
58910 358 9782 321 24058 383 69092 294 28747 75 33054
58910 358 9782 321 24058 383 69092 294 5565 369 33054
58910 358 9782 321 24058 383 69092 294 34680 369 33054
58910 358 9782 321 24058 383 69092 294 30416 369 33054
58910 358 9782 321 24058 383 69092 294 38824 369 33054
58910 358 9782 321 24058 383 69092 294 57256 151 33054
58910 358 9782 321 24058 383 69092 294 34427 75 33054
58910 358 9782 321 24058 383 69092 294 47306 75 33054
58910 358 9782 321 24058 383 69092 294 42051 369 33054
58910 358 9782 321 24058 383 69092 294 60919 369 33054
58910 358 9782 321 24058 383 69092 294 60919 75 33054
58910 358 9782 321 24058 383 69092 294 66706 252 33054
58910 358 9782 321 24058 383 69092 294 66706 151 33054
58910 358 9782 321 24058 383 69092 294 9823 75 33054
58910 358 9782 321 24058 383 69092 294 24478 369 33054
58910 358 9782 321 24058 383 69092 294 45409 75 33054
58910 358 9782 321 24058 383 69092 294 12248 369 33054
58910 358 9782 321 24058 383 69092 294 43157 75 33054
58910 358 9782 321 24058 383 69092 294 45700 369 33054
58910 358 9782 321 24058 383 69092 294 8666 369 33054
58910 358 9782 321 24058 383 69092 294 27465 369 33054
58910 358 9782 321 24058 383 69092 294 68788 369 33054
58910 358 9782 321 24058 383 69092 294 23002 75 33054
58910 358 9782 321 24058 383 69092 294 45597 369 33054
58910 358 9782 321 24058 383 69092 294 54811 75 33054
58910 358 9782 321 24058 383 69092 294 66552 75 33054
58910 358 9782 321 24058 383 69092 294 11637 369 33054
58910 358 9782 321 24058 383 69092 294 47062 75 33054
58910 358 9782 321 24058 383 69092 294 62675 369 33054
58910 358 9782 321 24058 383 69092 294 40466 369 33054
58910 358 9782 321 24058 383 69092 294 64939 75 33054
58910 358 9782 321 24058 383 69092 294 16966 369 33054
58910 358 9782 321 24058 383 69092 294 17084 75 33054
58910 358 9782 321 24058 383 69092 294 65970 252 33054
58910 358 9782 321 24058 383 69092 294 65970 369 33054
58910 358 9782 321 24058 383 69092 294 20226 369 33054
58910 358 9782 321 24058 383 69092 294 6589 369 33054
58910 358 9782 321 24058 383 69092 294 36356 369 33054
58910 358 9782 321 24058 383 69092 294 55509 369 33054
58910 358 9782 321 24058 383 69092 294 53437 369 33054
58910 358 9782 321 24058 383 69092 294 26612 75 33054
58910 358 9782 321 24058 383 69092 294 47886 369 33054
58910 358 9782 321 24058 383 69092 294 36233 75 33054
58910 358 9782 321 24058 383 69092 294 3359 369 33054
58910 358 9782 321 24058 383 69092 294 6431 369 33054
58910 358 9782 321 24058 383 69092 294 33939 252 33054
58910 358 9782 321 24058 383 69092 294 58239 75 33054
58910 358 9782 321 24058 383 69092 294 7687 252 33054
58910 358 9782 321 24058 383 69092 294 7687 151 33054
58910 358 9782 321 24058 383 69092 294 69956 369 33054
58910 358 9782 321 24058 383 69092 294 54285 369 33054
58910 358 9782 321 24058 383 69092 294 1017 75 33054
58910 358 9782 321 24058 383 69092 294 11107 75 33054
58910 358 9782 321 24058 383 69092 294 1162 75 33054
58910 358 9782 321 24058 383 69092 294 42581 369 33054
58910 358 9782 321 24058 383 69092 294 55385 369 33054
58910 358 9782 321 24058 383 69092 294 23855 369 33054
58910 358 9782 321 24058 383 69092 294 40905 369 33054
58910 358 9782 321 24058 383 69092 294 24723 75 33054
58910 358 9782 321 24058 383 69092 294 68695 75 33054
58910 358 9782 321 24058 383 69092 294 49298 369 33054
58910 358 9782 321 24058 383 69092 294 6016 369 33054
58910 358 9782 321 24058 383 69092 294 21282 369 33054
58910 358 9782 321 24058 383 69092 294 16256 75 33054
58910 358 9782 321 24058 383 69092 294 59317 75 33054
58910 358 9782 321 24058 383 69092 294 59317 369 33054
58910 358 9782 321 24058 383 69092 294 19327 369 33054
58910 358 9782 321 24058 383 69092 294 47781 369 33054
58910 358 9782 321 24058 383 69092 294 60035 252 33054
58910 358 9782 321 24058 383 69092 294 60035 369 33054
58910 358 9782 321 24058 383 69092 294 41972 75 33054
58910 358 9782 321 24058 383 69092 294 19084 369 33054
58910 358 9782 321 24058 383 69092 294 68142 75 33054
58910 358 9782 321 24058 383 69092 294 68142 369 33054
58910 358 9782 321 24058 383 69092 294 12040 369 33054
58910 358 9782 321 24058 383 69092 294 488 75 33054
58910 358 9782 321 24058 383 69092 294 3592 75 33054
58910 358 9782 321 24058 383 69092 294 41990 369 33054
58910 358 9782 321 24058 383 69092 294 14032 369 33054
58910 358 9782 321 24058 383 69092 294 14032 252 33054
58910 358 9782 321 24058 383 69092 294 64986 75 33054
58910 358 9782 321 24058 383 69092 294 64986 369 33054
58910 358 9782 321 24058 383 69092 294 46720 369 33054
58910 358 9782 321 24058 383 69092 294 33251 151 33054
58910 358 9782 321 24058 383 69092 294 33251 252 33054
58910 358 9782 321 24058 383 69092 294 41350 151 33054
58910 358 9782 321 24058 383 69092 294 41350 252 33054
58910 358 9782 321 24058 383 69092 294 31377 75 33054
58910 358 9782 321 24058 383 69092 294 35363 369 33054
58910 358 9782 321 24058 383 69092 294 50305 75 33054
58910 358 9782 321 24058 383 69092 294 61500 75 33054
58910 358 9782 321 24058 383 69092 294 43168 369 33054
58910 358 9782 321 24058 383 69092 294 65697 369 33054
58910 358 9782 321 24058 383 69092 294 65697 75 33054
58910 358 9782 321 24058 383 69092 294 56476 75 33054
58910 358 9782 321 24058 383 69092 294 62925 75 33054
58910 358 9782 321 24058 383 69092 294 52838 252 33054
58910 358 9782 321 24058 383 69092 294 52838 151 33054
58910 358 9782 321 24058 383 69092 294 53842 369 33054
58910 358 9782 321 24058 383 69092 294 71764 369 33054
58910 358 9782 321 24058 383 69092 294 48319 369 33054
58910 358 9782 321 24058 383 69092 294 63499 75 33054
58910 358 9782 321 24058 383 69092 294 66434 75 33054
58910 358 9782 321 24058 383 69092 294 18845 369 33054
58910 358 9782 321 24058 383 69092 294 9241 75 33054
58910 358 9782 321 24058 383 69092 294 44310 369 33054
58910 358 9782 321 24058 383 69092 294 60898 369 33054
58910 358 9782 321 24058 383 69092 294 10338 75 33054
58910 358 9782 321 24058 383 69092 294 6541 75 33054
58910 358 9782 321 24058 383 69092 294 7556 369 33054
58910 358 9782 321 24058 383 69092 294 10190 369 33054
58910 358 9782 321 24058 383 69092 294 48069 369 33054
58910 358 9782 321 24058 383 69092 294 21106 75 33054
58910 358 9782 321 24058 383 69092 294 21106 369 33054
58910 358 9782 321 24058 383 69092 294 49232 75 33054
58910 358 9782 321 24058 383 69092 294 70186 75 33054
58910 358 9782 321 24058 383 69092 294 42166 75 33054
58910 358 9782 321 24058 383 69092 294 3248 252 33054
58910 358 9782 321 24058 383 69092 294 3248 151 33054
58910 358 9782 321 24058 383 69092 294 62962 75 33054
58910 358 9782 321 24058 383 69092 294 62728 369 33054
58910 358 9782 321 24058 383 69092 294 62728 75 33054
58910 358 9782 321 24058 383 69092 294 29673 151 33054
58910 358 9782 321 24058 383 69092 294 10102 75 33054
58910 358 9782 321 24058 383 69092 294 72445 369 33054
58910 358 9782 321 24058 383 69092 294 28720 369 33054
58910 358 9782 321 24058 383 69092 294 10333 75 33054
58910 358 9782 321 24058 383 69092 294 55966 369 33054
58910 358 9782 321 24058 383 69092 294 55966 252 33054
58910 358 9782 321 24058 383 69092 294 63526 369 33054
58910 358 9782 321 24058 383 69092 294 33576 369 33054
58910 358 9782 321 24058 383 69092 294 55510 369 33054
58910 358 9782 321 24058 383 69092 294 22504 369 33054
58910 358 9782 321 24058 383 69092 294 25629 369 33054
58910 358 9782 321 24058 383 69092 294 23045 75 33054
58910 358 9782 321 24058 383 69092 294 35574 369 33054
58910 358 9782 321 24058 383 69092 294 47795 75 33054
58910 358 9782 321 24058 383 69092 294 64947 369 33054
58910 358 9782 321 24058 383 69092 294 37646 151 33054
58910 358 9782 321 24058 383 69092 294 70554 252 33054
58910 358 9782 321 24058 383 69092 294 70554 369 33054
58910 358 9782 321 24058 383 69092 294 10552 369 33054
58910 358 9782 321 24058 383 69092 294 50078 75 33054
58910 358 9782 321 24058 383 69092 294 7714 369 33054
58910 358 9782 321 24058 383 69092 294 62920 151 33054
58910 358 9782 321 24058 383 69092 294 47094 151 33054
58910 358 9782 321 24058 383 69092 294 47094 252 33054
58910 358 9782 321 24058 383 69092 294 61076 75 33054
58910 358 9782 321 24058 383 69092 294 72624 369 33054
58910 358 9782 321 24058 383 69092 294 24720 369 33054
58910 358 9782 321 24058 383 69092 294 31776 369 33054
58910 358 9782 321 24058 383 69092 294 14906 252 33054
58910 358 9782 321 24058 383 69092 294 14906 151 33054
58910 358 9782 321 24058 383 69092 294 12284 75 33054
58910 358 9782 321 24058 383 69092 294 558 75 33054
58910 358 9782 321 24058 383 69092 294 7747 75 33054
58910 358 9782 321 24058 383 69092 294 3680 75 33054
58910 358 9782 321 24058 383 69092 294 58308 252 33054
58910 358 9782 321 24058 383 69092 294 27835 252 33054
58910 358 9782 321 24058 383 69092 294 27835 151 33054
58910 358 9782 321 24058 383 69092 294 66345 369 33054
58910 358 9782 321 24058 383 69092 294 9122 75 33054
58910 358 9782 321 24058 383 69092 294 2215 75 33054
58910 358 9782 321 24058 383 69092 294 11027 75 33054
58910 358 9782 321 24058 383 69092 294 11027 369 33054
58910 358 9782 321 24058 383 69092 294 5115 75 33054
58910 358 9782 321 24058 383 69092 294 24057 75 33054
58910 358 9782 321 24058 383 69092 294 18592 369 33054
58910 358 9782 321 24058 383 69092 294 60742 369 33054
58910 358 9782 321 24058 383 69092 294 13031 369 33054
58910 358 9782 321 24058 383 69092 294 59774 369 33054
58910 358 9782 321 24058 383 69092 294 36224 369 33054
58910 358 9782 321 24058 383 69092 294 5591 369 33054
58910 358 9782 321 24058 383 69092 294 40983 369 33054
58910 358 9782 321 24058 383 69092 294 25480 75 33054
58910 358 9782 321 24058 383 69092 294 47971 369 33054
58910 358 9782 321 24058 383 69092 294 14640 75 33054
58910 358 9782 321 24058 383 69092 294 14640 369 33054
58910 358 9782 321 24058 383 69092 294 31762 369 33054
58910 358 9782 321 24058 383 69092 294 40846 75 33054
58910 358 9782 321 24058 383 69092 294 40846 252 33054
58910 358 9782 321 24058 383 69092 294 40846 369 33054
58910 358 9782 321 24058 383 69092 294 25075 75 33054
58910 358 9782 321 24058 383 69092 294 72854 75 33054
58910 358 9782 321 24058 383 69092 294 28572 75 33054
58910 358 9782 321 24058 383 69092 294 71354 75 33054
58910 358 9782 321 24058 383 69092 294 11398 369 33054
58910 358 9782 321 24058 383 69092 294 25316 369 33054
58910 358 9782 321 24058 383 69092 294 45366 369 33054
58910 358 9782 321 24058 383 69092 294 45366 252 33054
58910 358 9782 321 24058 383 69092 294 47063 369 33054
58910 358 9782 321 24058 383 69092 294 63142 369 33054
58910 358 9782 321 24058 383 69092 294 23732 369 33054
58910 358 9782 321 24058 383 69092 294 71316 369 33054
58910 358 9782 321 24058 383 69092 294 46106 369 33054
58910 358 9782 321 24058 383 69092 294 63695 369 33054
58910 358 9782 321 24058 383 69092 294 16547 369 33054
58910 358 9782 321 24058 383 69092 294 11932 369 33054
58910 358 9782 321 24058 383 69092 294 53598 369 33054
58910 358 9782 321 24058 383 69092 294 50298 369 33054
58910 358 9782 321 24058 383 69092 294 993 369 33054
58910 358 9782 321 24058 383 69092 294 3484 369 33054
58910 358 9782 321 24058 383 69092 294 32819 252 33054
58910 358 9782 321 24058 383 69092 294 47884 75 33054
58910 358 9782 321 24058 383 69092 294 1901 75 33054
58910 358 9782 321 24058 383 69092 294 72740 75 33054
58910 358 9782 321 24058 383 69092 294 19796 75 33054
58910 358 9782 321 24058 383 69092 294 9252 75 33054
58910 358 9782 321 24058 383 69092 294 22140 369 33054
58910 358 9782 321 24058 383 69092 294 17486 369 33054
58910 358 9782 321 24058 383 69092 294 17486 252 33054
58910 358 9782 321 24058 383 69092 294 40104 369 33054
58910 358 9782 321 24058 383 69092 294 9110 369 33054
58910 358 9782 321 24058 383 69092 294 49272 75 33054
58910 358 9782 321 24058 383 69092 294 49272 369 33054
58910 358 9782 321 24058 383 69092 294 19681 75 33054
58910 358 9782 321 24058 383 69092 294 12115 369 33054
58910 358 9782 321 24058 383 69092 294 34809 75 33054
58910 358 9782 321 24058 383 69092 294 1499 369 33054
58910 358 9782 321 24058 383 69092 294 25921 369 33054
58910 358 9782 321 24058 383 69092 294 45391 252 33054
58910 358 9782 321 24058 383 69092 294 45391 369 33054
58910 358 9782 321 24058 383 69092 294 66942 369 33054
58910 358 9782 321 24058 383 69092 294 5986 369 33054
58910 358 9782 321 24058 383 69092 294 1771 252 33054
58910 358 9782 321 24058 383 69092 294 1771 369 33054
58910 358 9782 321 24058 383 69092 294 46970 369 33054
58910 358 9782 321 24058 383 69092 294 48898 75 33054
58910 358 9782 321 24058 383 69092 294 7304 369 33054
58910 358 9782 321 24058 383 69092 294 44658 75 33054
58910 358 9782 321 24058 383 69092 294 68791 75 33054
58910 358 9782 321 24058 383 69092 294 24014 369 33054
58910 358 9782 321 24058 383 69092 294 37001 75 33054
58910 358 9782 321 24058 383 69092 294 5256 151 33054
58910 358 9782 321 24058 383 69092 294 73096 75 33054
58910 358 9782 321 24058 383 69092 294 25655 369 33054
58910 358 9782 321 24058 383 69092 294 71469 369 33054
58910 358 9782 321 24058 383 69092 294 22574 75 33054
58910 358 9782 321 24058 383 69092 294 61302 369 33054
58910 358 9782 321 24058 383 69092 294 48053 75 33054
58910 358 9782 321 24058 383 69092 294 69208 369 33054
58910 358 9782 321 24058 383 69092 294 71197 252 33054
58910 358 9782 321 24058 383 69092 294 71197 369 33054
58910 358 9782 321 24058 383 69092 294 4658 369 33054
58910 358 9782 321 24058 383 69092 252 55404 369 33054
58910 358 9782 321 24058 336 53751 277 49508 369 33054
58910 358 9782 321 24058 336 53751 277 49508 252 33054
58910 358 9782 321 24058 336 53751 277 68322 369 33054
58910 358 9782 321 24058 336 53751 277 38202 252 33054
58910 358 9782 321 24058 336 53751 277 38202 369 33054
58910 358 9782 321 24058 336 53751 28 72461 369 33054
58910 358 9782 321 24058 336 53751 28 31312 369 33054
58910 358 9782 321 24058 336 53751 28 36361 252 33054
58910 358 9782 321 24058 336 53751 28 36361 369 33054
58910 358 9782 321 24058 336 53751 252 56834 369 33054
58910 358 9782 321 24058 336 53751 369 25209 369 33054
58910 358 9782 321 24058 102 46685 359 45079 151 33054
58910 358 9782 321 24058 102 46685 359 45079 252 33054
58910 358 9782 321 24058 102 46685 359 54333 151 33054
58910 358 9782 321 24058 300 62434 211 19642 369 33054
58910 358 9782 321 24058 300 62434 211 33922 369 33054
58910 358 9782 321 24058 300 62434 211 10424 151 33054
58910 358 9782 321 24058 300 62434 211 10424 252 33054
58910 358 9782 321 24058 300 62434 211 13205 369 33054
58910 358 9782 321 24058 300 62434 211 6573 369 33054
58910 358 9782 321 24058 300 62434 211 25746 369 33054
58910 358 9782 321 24058 300 62434 211 20691 369 33054
58910 358 9782 321 24058 300 62434 211 36036 369 33054
58910 358 9782 321 24058 300 62434 211 69510 369 33054
58910 358 9782 321 24058 300 62434 211 15075 151 33054
58910 358 9782 321 24058 300 62434 211 67652 369 33054
58910 358 9782 321 24058 300 62434 211 44378 369 33054
58910 358 9782 321 24058 300 62434 211 12947 369 33054
58910 358 9782 321 24058 300 62434 211 20028 369 33054
58910 358 9782 321 24058 300 62434 211 62852 75 33054
58910 358 9782 321 24058 300 62434 211 69258 252 33054
58910 358 9782 321 24058 300 62434 211 69258 151 33054
58910 358 9782 321 24058 300 62434 211 36278 369 33054
58910 358 9782 321 24058 300 62434 211 28226 369 33054
58910 358 9782 321 24058 300 62434 211 49265 369 33054
58910 358 9782 321 24058 300 62434 211 38293 369 33054
58910 358 9782 321 24058 332 10045 31 41182 369 33054
58910 358 9782 321 24058 332 10045 31 65333 369 33054
58910 358 9782 321 24058 332 10045 31 73597 369 33054
58910 358 9782 321 24058 332 10045 31 69569 369 33054
58910 358 9782 321 24058 332 65855 31 10699 369 33054
58910 358 9782 321 24058 332 65855 31 64305 369 33054
58910 358 9782 321 24058 332 65855 31 19189 151 33054
58910 358 9782 321 24058 332 65855 31 19189 252 33054
58910 358 9782 321 24058 332 65855 31 65653 369 33054
58910 358 9782 321 24058 332 65855 31 65653 252 33054
58910 358 9782 321 24058 332 65855 31 46880 369 33054
58910 358 9782 321 24058 332 65855 31 7332 151 33054
58910 358 9782 321 24058 332 65855 31 7332 252 33054
58910 358 9782 321 24058 332 65855 31 11249 369 33054
58910 358 9782 321 24058 332 65855 31 21379 369 33054
58910 358 9782 321 24058 332 65855 31 22911 151 33054
58910 358 9782 321 24058 332 65855 31 22911 252 33054
58910 358 9782 321 24058 332 65855 31 43300 369 33054
58910 358 9782 321 24058 332 65855 31 56112 369 33054
58910 358 9782 321 24058 332 65855 31 2999 369 33054
58910 358 9782 321 24058 332 65855 31 62557 252 33054
58910 358 9782 321 24058 332 65855 31 62557 369 33054
58910 358 9782 321 24058 332 65855 31 12360 369 33054
58910 358 9782 321 24058 332 65855 31 51391 369 33054
58910 358 9782 321 24058 332 65855 31 4507 252 33054
58910 358 9782 321 24058 332 65855 31 10873 151 33054
58910 358 9782 321 24058 332 65855 31 52212 369 33054
58910 358 9782 321 24058 332 65855 31 24497 369 33054
58910 358 9782 321 24058 332 65855 31 74389 369 33054
58910 358 9782 321 24058 332 65855 31 60935 369 33054
58910 358 9782 321 24058 332 65855 31 38954 369 33054
58910 358 9782 321 24058 332 65855 31 30783 369 33054
58910 358 9782 321 24058 332 65855 31 5082 369 33054
58910 358 9782 321 24058 332 65853 31 28650 369 33054
58910 358 9782 321 24058 332 65853 31 24773 369 33054
58910 358 9782 321 24058 332 65853 31 23403 369 33054
58910 358 9782 321 24058 332 65853 31 52102 369 33054
58910 358 9782 321 24058 332 65853 31 29243 151 33054
58910 358 9782 321 24058 332 65853 31 29243 252 33054
58910 358 9782 321 24058 332 65853 31 17816 369 33054
58910 358 9782 321 24058 332 65853 31 55883 369 33054
58910 358 9782 321 24058 332 65853 31 46955 369 33054
58910 358 9782 321 24058 332 65853 31 13578 369 33054
58910 358 9782 321 24058 332 65853 31 38832 369 33054
58910 358 9782 321 24058 332 65853 31 71702 252 33054
58910 358 9782 321 24058 332 65853 31 71702 151 33054
58910 358 9782 321 24058 332 6058 31 31314 369 33054
58910 358 9782 321 24058 332 29065 31 25467 369 33054
58910 358 9782 321 24058 332 29065 31 5875 369 33054
58910 358 9782 321 24058 332 29065 31 68940 369 33054
58910 358 9782 321 24058 332 29065 31 68940 252 33054
58910 358 9782 321 24058 332 29065 31 6228 369 33054
58910 358 9782 321 24058 332 29065 31 9048 369 33054
58910 358 9782 321 24058 332 29065 31 15122 369 33054
58910 358 9782 321 24058 332 29065 31 15620 369 33054
58910 358 9782 321 24058 332 29065 31 72304 369 33054
58910 358 9782 321 24058 332 29065 31 16953 151 33054
58910 358 9782 321 24058 332 29065 31 16953 252 33054
58910 358 9782 321 24058 332 29065 31 63894 369 33054
58910 358 9782 321 24058 332 29065 31 55426 369 33054
58910 358 9782 321 24058 332 29065 31 5669 369 33054
58910 358 9782 321 24058 332 29065 31 67453 369 33054
58910 358 9782 321 24058 332 29065 31 477 369 33054
58910 358 9782 321 24058 332 29065 31 40575 369 33054
58910 358 9782 321 24058 332 29065 31 57476 369 33054
58910 358 9782 321 24058 332 29065 31 54690 369 33054
58910 358 9782 321 24058 332 29065 31 42086 369 33054
58910 358 9782 321 24058 332 29065 31 57911 369 33054
58910 358 9782 321 24058 332 29065 31 53565 369 33054
58910 358 9782 321 24058 332 29065 31 17158 369 33054
58910 358 9782 321 24058 332 29065 31 47045 369 33054
58910 358 9782 321 24058 332 29065 31 5055 252 33054
58910 358 9782 321 24058 332 29065 31 5055 369 33054
58910 358 9782 321 24058 332 29065 31 87 369 33054
58910 358 9782 321 24058 332 29065 31 59727 369 33054
58910 358 9782 321 24058 332 29065 31 9579 151 33054
58910 358 9782 321 24058 332 29065 31 41361 369 33054
58910 358 9782 321 24058 332 29065 31 21468 252 33054
58910 358 9782 321 24058 332 29065 31 21468 151 33054
58910 358 9782 321 24058 332 29065 31 63694 369 33054
58910 358 9782 321 24058 332 29065 31 21463 369 33054
58910 358 9782 321 24058 332 29065 31 51335 369 33054
58910 358 9782 321 24058 332 29064 31 86 369 33054
58910 358 9782 321 24058 332 29064 31 65584 369 33054
58910 358 9782 321 24058 332 29064 31 44571 369 33054
58910 358 9782 321 24058 332 29064 31 57017 369 33054
58910 358 9782 321 24058 332 29064 31 41348 369 33054
58910 358 9782 321 24058 332 29064 31 25290 369 33054
58910 358 9782 321 24058 332 29064 31 15292 369 33054
58910 358 9782 321 24058 332 29064 31 22223 151 33054
58910 358 9782 321 24058 332 29064 31 22223 252 33054
58910 358 9782 321 24058 332 29064 31 49888 369 33054
58910 358 9782 321 24058 332 29064 31 30420 369 33054
58910 358 9782 321 24058 332 29064 31 70948 369 33054
58910 358 9782 321 24058 332 29064 31 880 369 33054
58910 358 9782 321 24058 332 29064 31 71348 369 33054
58910 358 9782 321 24058 332 29064 31 36010 369 33054
58910 358 9782 321 24058 332 29064 31 64222 252 33054
58910 358 9782 321 24058 332 29064 31 64222 151 33054
58910 358 9782 321 24058 332 29064 31 68966 369 33054
58910 358 9782 321 24058 332 23453 31 8358 369 33054
58910 358 9782 321 24058 332 32380 31 10272 369 33054
58910 358 9782 321 24058 332 32380 31 15730 369 33054
58910 358 9782 321 24058 332 68334 31 46683 369 33054
58910 358 9782 321 24058 332 68334 31 1947 369 33054
58910 358 9782 321 24058 256 54168 254 19162 369 33054
58910 358 9782 321 24058 358 51607 28 40260 151 33054
58910 358 9782 321 24058 358 51607 28 40260 252 33054
58910 358 9782 321 24058 358 51607 28 72239 151 33054
58910 358 9782 321 24058 358 51607 28 72239 252 33054
58910 358 9782 321 24058 358 51607 28 22873 369 33054
58910 358 9782 321 24058 358 51607 28 58164 151 33054
58910 358 9782 321 24058 358 51607 28 63457 369 33054
58910 358 9782 321 24058 358 51607 28 19758 252 33054
58910 358 9782 321 24058 358 51607 28 59920 151 33054
58910 358 9782 321 24058 358 51607 28 59920 252 33054
58910 358 9782 321 24058 358 51607 28 27921 151 33054
58910 358 9782 321 24058 358 51607 28 57147 151 33054
58910 358 9782 321 24058 358 51607 28 57147 252 33054
58910 358 9782 321 24058 358 51607 28 18424 369 33054
58910 358 9782 321 24058 358 51607 28 23588 151 33054
58910 358 9782 321 24058 358 51607 28 23588 252 33054
58910 358 9782 321 24058 358 51607 28 14941 369 33054
58910 358 9782 321 24058 358 51607 28 15011 369 33054
58910 358 9782 321 24058 358 51607 28 11220 369 33054
58910 358 9782 321 24058 358 51607 28 5936 369 33054
58910 358 9782 321 24058 358 51607 28 55822 369 33054
58910 358 9782 321 24058 358 51607 28 875 369 33054
58910 358 9782 321 24058 358 51607 28 8393 369 33054
58910 358 9782 321 24058 358 51607 28 66563 369 33054
58910 358 9782 321 24058 358 51607 28 65402 369 33054
58910 358 9782 321 24058 75 41897 252 50434 369 33054
58910 358 9782 321 24058 75 41897 252 45482 369 33054
58910 358 9782 321 24058 75 41897 252 49654 252 33054
58910 358 9782 321 24058 75 41897 252 21994 369 33054
58910 358 9782 321 24058 75 41897 252 20580 369 33054
58910 358 9782 321 24058 75 41897 277 21316 151 33054
58910 358 9782 321 24058 75 41897 277 48149 151 33054
58910 358 9782 321 24058 75 41897 277 63182 151 33054
58910 358 9782 321 24058 75 41897 277 69155 151 33054
58910 358 9782 321 24058 75 41897 277 28802 151 33054
58910 358 9782 321 24058 75 41897 277 74683 151 33054
58910 358 9782 321 24058 75 41897 277 65593 151 33054
58910 358 9782 321 24058 75 41897 277 10882 151 33054
58910 358 9782 321 24058 75 41897 277 2297 151 33054
58910 358 9782 321 24058 75 41897 277 7329 151 33054
58910 358 9782 321 24058 75 41897 277 6463 252 33054
58910 358 9782 321 24058 75 41897 277 6463 151 33054
58910 358 9782 321 24058 75 41897 277 31354 252 33054
58910 358 9782 321 24058 75 41897 277 31354 151 33054
58910 358 9782 321 24058 75 41897 277 8873 151 33054
58910 358 9782 321 24058 75 41897 277 40338 151 33054
58910 358 9782 321 24058 75 41897 277 11736 151 33054
58910 358 9782 321 24058 75 41897 32 47784 252 33054
58910 358 9782 321 24058 75 41897 32 26362 151 33054
58910 358 9782 321 24058 75 41897 32 26826 252 33054
58910 358 9782 321 24058 75 41897 32 26826 151 33054
58910 358 9782 321 24058 75 41897 32 51990 252 33054
58910 358 9782 321 24058 75 41897 32 51990 369 33054
58910 358 9782 321 24058 28 73592 252 50308 369 33054
58910 358 9782 321 24058 28 73592 252 7370 369 33054
58910 358 9782 321 24058 28 73592 155 44566 75 33054
58910 358 9782 321 24058 28 73592 151 70832 369 33054
58910 358 9782 321 24058 28 73592 151 74956 369 33054
58910 358 9782 321 24058 28 73592 151 48801 369 33054
58910 358 9782 321 24058 28 73592 358 35479 277 33054
58910 358 9782 321 24058 28 73592 358 35479 369 33054
58910 358 9782 151 24578 252 59966 149 9108 369 33054
58910 358 9782 151 24578 252 59966 149 19221 369 33054
58910 358 9782 151 24578 252 59966 149 29666 369 33054
58910 358 9782 151 24578 252 59966 149 16205 369 33054
58910 358 9782 151 24578 252 59966 149 22623 369 33054
58910 358 9782 369 41154 277 47616 252 18022 151 33054
58910 358 9782 369 41154 396 54516 35 25720 369 33054
58910 358 9782 369 41154 342 64632 249 62661 369 33054
58910 358 9782 369 41154 342 64632 342 25338 369 33054
58910 358 9782 369 41154 342 64632 252 66959 369 33054
58910 358 9782 369 41154 342 64632 214 46057 369 33054
58910 358 9782 369 41154 252 6067 151 35089 369 33054
58910 358 9782 369 41154 252 6067 151 55222 369 33054
58910 358 9782 369 41154 252 6067 151 51866 369 33054
58910 358 9782 369 41154 252 6067 151 26163 369 33054
58910 358 9782 369 41154 252 6067 151 34481 369 33054
58910 358 9782 369 41154 252 6067 151 55955 369 33054
58910 358 9782 369 41154 252 6067 151 47575 369 33054
58910 358 9782 369 41154 252 6067 151 59893 151 33054
58910 358 9782 369 41154 252 6067 151 11554 369 33054
58910 358 9782 369 41154 252 6067 369 60250 151 33054
58910 358 9782 369 41154 252 6067 369 60250 252 33054
58910 358 9782 369 41154 252 6067 369 66452 151 33054
58910 358 9782 369 41154 252 6067 369 16853 369 33054
58910 358 9782 369 41154 252 6067 369 49582 151 33054
58910 358 9782 252 61112 369 73831 252 71684 252 33054
58910 358 9782 252 61112 369 73831 252 71684 369 33054
58910 358 9782 252 61112 369 73831 277 22797 369 33054
58910 358 9782 252 58089 155 61365 75 31514 151 33054
58910 358 9782 252 58089 397 47724 282 68670 369 33054
58910 358 9782 252 58089 397 47724 24 29898 369 33054
58910 358 9782 252 10037 32 38055 75 38099 369 33054
58910 151 34795 151 49114 32 18556 114 33504 155 24797 369 33054
58910 151 34795 151 48288 32 23640 153 53497 1 41202 369 33054
58910 151 34795 151 48288 32 23640 222 29063 202 705 369 33054
58910 151 34795 151 48288 32 23640 222 29063 202 705 252 33054
58910 151 34795 151 48288 32 9132 222 70326 292 52898 252 33054
58910 151 34795 151 48288 32 9132 222 70326 292 52898 369 33054
58910 151 34795 151 48288 32 9132 277 29061 31 1899 369 33054
58910 151 34795 151 48288 32 9132 277 29061 31 73487 369 33054
58910 151 34795 358 51755 28 24856 300 59812 211 16735 369 33054
58910 151 34795 358 51755 28 24856 300 59812 211 55801 369 33054
58910 151 34795 358 51755 28 24856 300 59812 211 21891 369 33054
58910 151 34795 358 51755 28 24856 300 59812 211 25941 369 33054
58910 151 34795 358 51755 28 24856 300 59812 211 12706 369 33054
58910 151 34795 358 51755 28 24856 300 59812 211 3276 369 33054
58910 151 34795 358 51755 28 24856 300 59812 110 54557 369 33054
58910 151 34795 358 51755 28 24856 300 59812 110 20385 369 33054
58910 151 34795 358 51755 28 24856 300 59812 110 22834 369 33054
58910 151 34795 358 51755 28 24856 300 59812 110 25762 369 33054
58910 151 34795 358 51755 28 41411 32 67410 392 8623 369 33054
58910 151 34795 358 51755 28 41411 32 67410 392 43545 369 33054
58910 151 34795 358 51755 28 41411 32 67410 392 66729 369 33054
58910 151 34795 358 51755 28 41411 32 16834 75 68135 151 33054
58910 151 34795 358 51755 373 67997 332 65857 31 50365 369 33054
58910 151 34795 358 51755 373 67997 332 68803 31 43763 369 33054
58910 151 34795 358 51755 373 67997 332 40309 31 71651 369 33054
58910 151 34795 358 51755 373 67997 369 53811 151 27747 369 33054
58910 151 34795 358 51755 373 25328 101 18597 164 41538 369 33054
58910 151 34795 358 51755 373 25328 101 18597 373 69276 369 33054
58910 151 34795 358 51755 373 25328 101 18597 373 22711 369 33054
58910 151 34795 358 51755 373 25328 101 18597 373 64382 369 33054
58910 151 34795 358 51755 373 25328 101 18597 382 22663 369 33054
58910 151 34795 358 51755 373 25328 101 18597 382 4266 369 33054
58910 151 34795 358 51755 373 25328 101 18597 382 56966 369 33054
58910 151 34795 358 51755 373 29827 64 38128 382 40018 369 33054
58910 151 34795 358 51755 373 29427 114 30112 382 20369 369 33054
58910 151 34795 358 51755 373 29427 164 480 6 68072 369 33054
58910 151 34795 358 17373 373 14858 75 20466 358 12294 151 33054
58910 151 34795 358 17373 373 19933 294 9013 298 75235 151 33054
58910 151 34795 358 17373 373 50528 75 9034 75 68850 369 33054
58910 151 34795 358 17373 373 61463 82 6452 346 51521 252 33054
58910 151 34795 358 17373 373 61463 82 6452 346 51521 151 33054
58910 151 34795 358 17373 373 61463 82 6452 346 26638 151 33054
58910 151 34795 358 17373 373 61463 82 6452 346 57557 151 33054
58910 151 34795 358 17373 373 61463 82 6452 346 23196 151 33054
58910 151 34795 358 17373 373 36304 96 1495 340 27151 277 33054
58910 151 34795 358 17373 332 1705 31 45649 342 22179 369 33054
58910 151 34795 358 17373 332 1705 31 3650 124 19143 369 33054
58910 151 34795 358 17373 332 1705 31 3650 124 45436 369 33054
58910 151 34795 358 17373 82 2759 77 41893 48 12462 369 33054
58910 358 9782 28 30480 28 45996 358 11600 28 18822 369 33054
58910 358 9782 28 30480 32 1444 60 21435 252 10745 369 33054
58910 358 9782 28 30480 32 1444 60 21435 252 10745 252 33054
58910 358 9782 28 30480 32 34480 285 69264 346 39040 252 33054
58910 358 9782 28 30480 32 34480 285 69264 346 39040 369 33054
58910 358 9782 28 30480 358 62108 180 28577 71 63948 369 33054
58910 358 9782 28 30480 358 62108 180 28577 71 63948 252 33054
58910 358 9782 28 30480 358 62108 180 28577 71 63936 369 33054
58910 358 9782 28 30480 358 62108 180 28577 71 63936 252 33054
58910 358 9782 28 30480 358 62108 180 28577 71 24321 252 33054
58910 358 9782 28 30480 358 62108 180 28577 71 24321 151 33054
58910 358 9782 28 30480 358 62108 180 28577 71 59335 369 33054
58910 358 9782 28 30480 358 62108 180 28577 71 44040 252 33054
58910 358 9782 28 30480 358 62108 180 28577 71 44040 151 33054
58910 358 9782 28 30480 358 30109 358 17726 252 66348 369 33054
58910 358 9782 28 30480 358 30109 358 9577 28 57048 151 33054
58910 358 9782 28 30480 358 30109 358 9577 28 57048 252 33054
58910 358 9782 28 30480 358 30109 358 9577 28 74972 369 33054
58910 358 9782 28 30480 358 30109 358 9577 28 67734 151 33054
58910 358 9782 28 30480 358 30109 358 9577 28 67734 252 33054
58910 358 9782 28 30480 358 30109 358 9577 28 57958 369 33054
58910 358 9782 28 30480 358 30109 358 9577 28 57958 252 33054
58910 358 9782 28 30480 358 30109 358 9577 28 64604 369 33054
58910 358 9782 28 30480 358 30109 358 9577 28 15526 369 33054
58910 358 9782 28 30480 358 30109 358 9577 28 23719 252 33054
58910 358 9782 28 30480 358 30109 358 9577 28 29054 369 33054
58910 358 9782 28 30480 358 30109 358 9577 28 20159 369 33054
58910 358 9782 28 30480 358 30109 358 9577 28 10674 151 33054
58910 358 9782 28 30480 358 30109 358 9577 28 1780 252 33054
58910 358 9782 28 30480 358 30109 358 9577 28 1780 151 33054
58910 358 9782 28 30480 358 30109 358 9577 28 48735 252 33054
58910 358 9782 28 30480 358 30109 358 9577 28 48735 369 33054
58910 358 9782 28 30480 358 30109 358 9577 28 54077 369 33054
58910 358 9782 28 30480 358 30109 358 9577 28 190 252 33054
58910 358 9782 28 30480 358 30109 358 9577 28 190 151 33054
58910 358 9782 28 30480 358 30109 358 9577 28 50475 252 33054
58910 358 9782 28 30480 358 30109 358 9577 28 50475 369 33054
58910 358 9782 28 30480 358 30109 358 9577 28 12562 369 33054
58910 358 9782 28 30480 358 30109 358 9577 28 48461 369 33054
58910 358 9782 28 30480 358 30109 358 9577 28 53525 369 33054
58910 358 9782 28 30480 358 30109 358 9577 28 66281 369 33054
58910 358 9782 28 30480 358 30109 358 9577 28 26831 151 33054
58910 358 9782 28 30480 358 30109 358 9577 28 13191 369 33054
58910 358 9782 28 30480 358 30109 358 9577 28 42347 252 33054
58910 358 9782 28 30480 358 30109 358 9577 28 42347 151 33054
58910 358 9782 28 30480 358 30109 358 9577 28 25967 369 33054
58910 358 9782 28 30480 358 30109 358 9577 28 62291 369 33054
58910 358 9782 28 30480 358 66417 28 19535 358 39337 151 33054
58910 358 9782 28 30480 358 66417 108 39633 219 10833 369 33054
58910 358 9782 28 30480 358 66417 108 37394 219 29162 369 33054
58910 358 9782 28 30480 358 66417 358 38735 28 41036 151 33054
58910 358 9782 28 30480 358 66417 358 61234 28 13476 151 33054
58910 358 9782 277 6326 332 65861 31 6934 359 61935 369 33054
58910 358 9782 277 6326 332 65856 31 56854 262 61394 369 33054
58910 358 9782 277 6326 332 29052 31 22411 252 36712 252 33054
58910 358 9782 277 6326 332 29052 31 22411 252 36712 151 33054
58910 358 9782 321 24058 196 48838 369 40754 252 3030 369 33054
58910 358 9782 321 24058 196 48838 369 40754 252 3030 28 33054
58910 358 9782 321 24058 196 48838 369 40754 252 64178 369 33054
58910 358 9782 321 24058 196 48838 369 40754 252 58456 369 33054
58910 358 9782 321 24058 196 48838 369 40754 252 46292 369 33054
58910 358 9782 321 24058 196 48838 369 40754 252 1606 369 33054
58910 358 9782 321 24058 196 48838 369 40754 252 69413 369 33054
58910 358 9782 321 24058 196 48838 369 40754 277 44059 151 33054
58910 358 9782 321 24058 196 48838 369 40754 277 56730 151 33054
58910 358 9782 321 24058 196 48838 369 40754 277 75175 151 33054
58910 358 9782 321 24058 196 48838 369 40754 277 72712 252 33054
58910 358 9782 321 24058 196 48838 369 40754 277 72712 151 33054
58910 358 9782 321 24058 196 48838 369 40754 277 73789 252 33054
58910 358 9782 321 24058 196 48838 369 40754 277 73789 151 33054
58910 358 9782 321 24058 196 48838 369 40754 277 7529 252 33054
58910 358 9782 321 24058 196 48838 369 40754 277 7529 151 33054
58910 358 9782 321 24058 196 48838 369 40754 277 58329 151 33054
58910 358 9782 321 24058 196 48838 369 40754 277 71398 151 33054
58910 358 9782 321 24058 196 48838 369 40754 277 7736 252 33054
58910 358 9782 321 24058 196 48838 369 40754 28 49171 369 33054
58910 358 9782 321 24058 196 17625 359 57906 102 66351 369 33054
58910 358 9782 321 24058 196 17625 359 57906 102 23807 151 33054
58910 358 9782 321 24058 196 17625 359 57906 102 70913 369 33054
58910 358 9782 321 24058 196 17625 359 57906 143 24990 151 33054
58910 358 9782 321 24058 196 17625 359 54091 102 13599 369 33054
58910 358 9782 321 24058 196 17625 13 57449 12 57676 369 33054
58910 358 9782 321 24058 196 52207 369 25489 277 60910 151 33054
58910 358 9782 321 24058 196 52207 369 25489 277 55035 151 33054
58910 358 9782 321 24058 196 52207 369 25489 277 55035 252 33054
58910 358 9782 321 24058 196 52207 369 25489 277 38527 151 33054
58910 358 9782 321 24058 196 52207 369 25489 277 23988 151 33054
58910 358 9782 321 24058 196 52207 369 25489 277 23988 252 33054
58910 358 9782 321 24058 196 52207 369 25489 277 2511 252 33054
58910 358 9782 321 24058 196 52207 369 25489 277 2511 151 33054
58910 358 9782 321 24058 196 52207 369 25489 277 14098 252 33054
58910 358 9782 321 24058 196 52207 369 25489 277 14098 151 33054
58910 358 9782 321 24058 196 52207 369 25489 277 32988 151 33054
58910 358 9782 321 24058 196 52207 369 25489 277 12718 252 33054
58910 358 9782 321 24058 196 52207 369 25489 277 12718 151 33054
58910 358 9782 321 24058 196 52207 369 25489 277 11950 252 33054
58910 358 9782 321 24058 196 52207 369 25489 277 11950 151 33054
58910 358 9782 321 24058 196 52207 369 25489 277 18015 252 33054
58910 358 9782 321 24058 196 52207 369 25489 277 18015 151 33054
58910 358 9782 321 24058 196 51172 172 52734 172 19045 369 33054
58910 358 9782 321 24058 196 51172 172 52734 172 21242 369 33054
58910 358 9782 321 24058 196 51172 143 69742 113 74811 369 33054
58910 358 9782 321 24058 196 51172 143 69742 113 19761 369 33054
58910 358 9782 321 24058 196 51172 57 69354 31 55460 369 33054
58910 358 9782 321 24058 196 51172 57 69354 31 31000 369 33054
58910 358 9782 321 24058 196 51172 57 69354 205 19843 369 33054
58910 358 9782 321 24058 196 51172 358 13298 28 19457 252 33054
58910 358 9782 321 24058 196 21807 252 62747 252 10671 369 33054
58910 358 9782 321 24058 196 21807 252 62747 252 30561 369 33054
58910 358 9782 321 24058 196 21807 252 62747 252 59111 369 33054
58910 358 9782 321 24058 196 32357 332 58045 31 33267 369 33054
58910 358 9782 321 24058 196 32357 332 58045 31 34885 369 33054
58910 358 9782 321 24058 196 12419 332 41016 31 44537 369 33054
58910 358 9782 321 24058 196 12419 332 41016 31 24420 369 33054
58910 358 9782 321 24058 196 14740 359 65917 102 25942 369 33054
58910 358 9782 321 24058 196 14740 359 65917 102 26028 151 33054
58910 358 9782 321 24058 196 14740 279 29502 284 18953 369 33054
58910 358 9782 321 24058 196 29987 358 2588 28 72700 151 33054
58910 358 9782 321 24058 196 29987 358 2588 369 62295 369 33054
58910 358 9782 321 24058 196 6534 358 37408 28 21998 369 33054
58910 358 9782 321 24058 262 65297 43 48613 326 30006 369 33054
58910 358 9782 321 24058 383 69092 75 16370 277 51961 369 33054
58910 358 9782 321 24058 383 69092 294 64947 277 40714 369 33054
58910 358 9782 321 24058 336 53751 256 19177 358 26594 369 33054
58910 358 9782 321 24058 300 62434 211 33922 369 47207 151 33054
58910 358 9782 321 24058 300 62434 211 33922 369 35869 369 33054
58910 358 9782 321 24058 213 50130 121 6835 143 6424 277 33054
58910 358 9782 321 24058 256 54168 254 54498 102 4082 369 33054
58910 358 9782 321 24058 75 41897 277 34953 31 47235 369 33054
58910 358 9782 321 24058 75 41897 32 57760 383 27729 75 33054
58910 358 9782 151 24578 252 5580 369 22958 277 2589 151 33054
58910 358 9782 151 24578 252 5580 369 22958 277 2589 252 33054
58910 358 9782 151 24578 252 5580 369 22958 277 45730 252 33054
58910 358 9782 151 24578 252 5580 369 22958 277 45730 151 33054
58910 358 9782 151 24578 252 5580 369 22958 252 58674 369 33054
58910 358 9782 151 24578 252 5580 369 22958 252 59675 252 33054
58910 358 9782 151 24578 252 5580 369 22958 252 59675 369 33054
58910 358 9782 151 24578 252 56153 61 55888 62 27965 369 33054
58910 358 9782 151 24578 151 9441 32 4703 75 51781 369 33054
58910 358 9782 151 24578 151 9441 32 4703 75 51781 277 33054
58910 358 9782 369 41154 396 54516 35 25720 164 25631 369 33054
58910 358 9782 369 41154 396 54516 35 25720 164 2394 369 33054
58910 358 9782 252 10037 32 38055 28 46479 358 57093 151 33054
58910 358 9782 252 10037 32 38055 28 46479 358 57093 252 33054
58910 358 9782 252 10037 32 38055 28 46479 358 66380 252 33054
58910 358 9782 252 10037 32 38055 28 46479 358 66380 151 33054
58910 151 34795 151 48288 32 23640 153 53497 29 60746 306 8307 151 33054
58910 151 34795 151 48288 32 23640 153 53497 29 60746 306 8307 252 33054
58910 151 34795 151 48288 32 23640 153 53497 29 60746 306 67944 252 33054
58910 151 34795 151 48288 32 23640 153 53497 29 60746 306 67944 151 33054
58910 151 34795 151 48288 294 12051 383 38944 315 72323 117 62891 369 33054
58910 151 34795 151 48288 294 12051 383 38944 8 36483 32 8300 369 33054
58910 151 34795 151 48288 294 60562 20 20249 392 63974 252 64797 369 33054
58910 151 34795 151 48288 369 53065 213 43450 121 29019 213 36375 369 33054
58910 151 34795 358 51755 28 41411 32 16834 28 51462 358 21707 151 33054
58910 151 34795 358 51755 28 41411 32 16834 28 51462 358 21707 252 33054
58910 151 34795 358 51755 373 19354 112 15254 296 20492 99 72003 369 33054
58910 151 34795 358 17373 373 30991 82 18017 287 12843 358 17477 369 33054
58910 151 34795 358 17373 332 1705 31 16161 180 10392 71 33128 151 33054
58910 151 34795 358 17373 332 1705 31 16161 180 10392 71 73056 252 33054
58910 151 34795 358 17373 332 1705 31 16161 180 10392 71 73056 151 33054
58910 151 34795 358 17373 332 1705 31 16161 180 10392 71 45836 151 33054
58910 151 34795 358 17373 332 1705 31 16161 180 10392 71 22541 151 33054
58910 151 34795 358 17373 332 1705 31 51394 102 72517 359 3639 369 33054
58910 151 34795 358 17373 332 1705 31 51394 102 72517 359 15587 369 33054
58910 151 34795 358 17373 332 1705 31 51394 102 72517 359 10750 369 33054
58910 151 34795 358 17373 332 1705 31 48224 358 65161 28 28345 151 33054
58910 151 34795 358 17373 332 1705 31 3650 124 30303 117 30075 369 33054
58910 358 9782 28 30480 28 45996 358 27595 29 42543 29 73157 369 33054
58910 358 9782 28 30480 32 1444 142 50447 270 1970 292 51345 369 33054
58910 358 9782 28 30480 358 66417 108 39633 219 11523 358 22833 369 33054
58910 358 9782 277 6326 332 65856 31 2670 253 36994 199 51208 369 33054
58910 358 9782 321 24058 196 14740 279 29502 284 28847 284 31964 151 33054
58910 358 9782 321 24058 262 10036 326 2710 152 50446 293 37289 369 33054
58910 358 9782 321 24058 194 70065 239 62724 40 46056 154 53583 369 33054
58910 358 9782 321 24058 300 62434 211 68052 102 43626 359 22191 369 33054
58910 151 34795 151 48288 32 27894 242 38784 92 29834 12 66475 13 21483 151 33054
58910 151 34795 151 48288 294 12051 383 38944 315 69259 148 22390 289 61912 369 33054
58910 358 9782 277 6326 332 65861 31 32838 28 67917 277 64605 252 6727 369 33054
58910 358 9782 321 24058 196 62834 272 31216 290 13485 213 70385 121 5572 369 33054
58910 358 9782 321 24058 332 65853 31 18164 359 8015 140 8127 239 33538 102 59032 359 13813 194 28711 369 33054
