60250 369 53811
60250 151 33054 277 42581 252 53811
60250 151 33054 277 27747 252 53811
60250 151 33054 277 27747 151 53811
60250 151 33054 277 62745 151 53811
60250 151 33054 252 27921 369 53811
60250 151 33054 252 22017 369 53811
60250 151 33054 32 28806 369 53811
60250 151 33054 32 32512 369 53811
60250 151 33054 32 3592 369 53811
60250 151 33054 32 10289 369 53811
60250 151 33054 32 28323 369 53811
60250 151 33054 32 72838 369 53811
60250 151 33054 32 70550 369 53811
60250 151 33054 32 42166 369 53811
60250 151 33054 32 50078 369 53811
60250 151 33054 32 62962 369 53811
60250 151 33054 32 8870 369 53811
60250 151 33054 32 62852 369 53811
60250 151 33054 32 68471 369 53811
60250 151 33054 32 731 369 53811
60250 151 33054 32 72854 369 53811
60250 151 33054 32 28572 369 53811
60250 151 33054 32 10512 369 53811
60250 151 33054 32 28747 369 53811
60250 151 33054 32 65174 369 53811
60250 151 33054 32 35180 369 53811
60250 151 33054 32 28376 369 53811
60250 151 33054 32 23607 369 53811
60250 151 33054 32 75205 369 53811
60250 151 33054 32 60885 369 53811
60250 151 33054 32 72233 369 53811
60250 151 33054 32 56476 369 53811
60250 151 33054 32 34324 369 53811
60250 151 33054 32 24723 369 53811
60250 151 33054 32 44597 369 53811
60250 151 33054 32 50528 369 53811
60250 151 33054 32 53151 369 53811
60250 151 33054 32 28306 369 53811
60250 151 33054 32 14858 369 53811
60250 151 33054 32 52301 369 53811
60250 151 33054 32 58806 369 53811
60250 151 33054 32 16256 369 53811
60250 151 33054 32 38944 369 53811
60250 151 33054 32 7747 369 53811
60250 151 33054 32 37001 369 53811
60250 151 33054 32 32357 369 53811
60250 151 33054 32 11565 369 53811
60250 151 33054 32 50391 369 53811
60250 151 33054 32 52683 369 53811
60250 151 33054 32 9122 369 53811
60250 151 33054 32 41972 369 53811
60250 151 33054 32 17020 369 53811
60250 151 33054 32 52920 369 53811
60250 151 33054 32 37673 369 53811
60250 151 33054 32 36233 369 53811
60250 151 33054 32 29427 369 53811
60250 151 33054 32 7377 369 53811
60250 277 6067 151 71012 369 53811
60250 277 6067 151 25110 369 53811
60250 277 6067 151 40951 369 53811
60250 277 6067 151 21458 369 53811
60250 277 6067 151 11842 369 53811
60250 277 6067 151 47635 369 53811
60250 277 6067 151 26159 369 53811
60250 277 6067 151 36307 369 53811
60250 151 33054 277 23798 75 20394 369 53811
60250 151 33054 277 42618 6 46549 151 53811
60250 151 33054 277 71383 369 67704 151 53811
60250 151 33054 277 29524 252 19670 369 53811
60250 151 33054 277 43655 28 23029 369 53811
60250 151 33054 252 62747 252 52577 151 53811
60250 151 33054 252 40309 31 65908 369 53811
60250 151 33054 252 40309 31 67997 369 53811
60250 151 33054 252 40309 31 24988 369 53811
60250 151 33054 252 40309 31 56770 369 53811
60250 151 33054 252 68338 31 4830 369 53811
60250 151 33054 252 68338 31 36571 369 53811
60250 151 33054 252 68339 31 51172 151 53811
60250 151 33054 252 65861 31 33697 151 53811
60250 151 33054 252 65861 31 67358 151 53811
60250 151 33054 252 65861 31 59152 151 53811
60250 151 33054 252 65856 31 72862 369 53811
60250 151 33054 252 65856 31 44399 151 53811
60250 151 33054 252 65856 31 57305 369 53811
60250 151 33054 252 65856 31 29358 369 53811
60250 151 33054 252 65856 31 1679 369 53811
60250 151 33054 252 65856 31 34695 151 53811
60250 151 33054 252 65857 31 70180 369 53811
60250 151 33054 252 65857 31 40637 369 53811
60250 151 33054 332 29052 31 10174 252 53811
60250 151 33054 332 29052 31 10174 151 53811
60250 151 33054 332 29052 31 63774 369 53811
60250 151 33054 332 29052 31 33417 369 53811
60250 151 33054 332 29052 31 49685 369 53811
60250 151 33054 332 29052 31 50337 369 53811
60250 151 33054 332 29052 31 64151 369 53811
60250 151 33054 332 29052 31 64127 369 53811
60250 151 33054 32 65545 294 4279 369 53811
60250 151 33054 32 29427 321 32762 369 53811
60250 151 33054 151 62434 211 5562 369 53811
60250 151 33054 151 62434 211 61202 369 53811
60250 151 33054 151 62434 211 71647 369 53811
60250 277 6067 32 67410 392 43173 151 53811
60250 277 6067 151 43961 75 48632 369 53811
60250 151 33054 277 71316 383 69092 294 4350 369 53811
60250 151 33054 277 71316 75 41897 252 34386 369 53811
60250 151 33054 277 71316 75 41897 252 60170 369 53811
60250 151 33054 277 71316 75 41897 252 55680 369 53811
60250 151 33054 277 34575 332 65853 31 11652 369 53811
60250 151 33054 277 34575 332 65853 31 63860 369 53811
60250 151 33054 277 34575 332 29065 31 60930 369 53811
60250 151 33054 277 34575 332 29065 31 30705 369 53811
60250 151 33054 277 34575 358 9577 28 28588 252 53811
60250 151 33054 277 28650 6 72079 382 60222 369 53811
60250 151 33054 277 74956 252 73592 277 15098 151 53811
60250 151 33054 277 74956 252 73592 277 26783 252 53811
60250 151 33054 277 74956 252 73592 277 26783 151 53811
60250 151 33054 277 46683 358 51607 28 8186 369 53811
60250 151 33054 277 46683 6 18597 373 71359 369 53811
60250 151 33054 277 46683 6 18597 373 37549 151 53811
60250 151 33054 277 33922 105 27339 172 63368 369 53811
60250 151 33054 277 33922 105 27339 172 54461 369 53811
60250 151 33054 277 66245 143 69742 113 25740 369 53811
60250 151 33054 277 1444 297 13183 277 46393 369 53811
60250 151 33054 277 21109 155 60562 75 58483 369 53811
