60845 369 22958
60845 256 54168 254 31609 369 22958
60845 256 54168 254 37302 369 22958
60845 256 54168 254 60827 369 22958
60845 256 54168 141 15927 369 22958
60845 256 54168 254 1444 342 65814 369 22958
60845 256 54168 254 59220 373 5580 369 22958
60845 256 54168 254 37302 277 51875 151 22958
60845 256 54168 254 72079 300 62434 211 45264 369 22958
60845 256 54168 254 72079 300 62434 211 29320 151 22958
60845 256 54168 254 72079 300 62434 211 31842 369 22958
60845 256 54168 254 72079 300 62434 211 25169 369 22958
60845 256 54168 254 72079 300 62434 211 13475 369 22958
60845 256 54168 254 72079 332 65855 31 59279 151 22958
60845 256 54168 254 72079 332 65853 31 37850 369 22958
60845 256 54168 254 72079 332 65853 31 26801 369 22958
60845 256 54168 254 72079 332 65857 31 23867 369 22958
60845 256 54168 254 72079 332 65856 31 24679 151 22958
60845 256 54168 254 72079 383 69092 294 40983 151 22958
60845 256 54168 254 2 336 53751 252 56834 151 22958
60845 256 54168 254 19642 369 33054 277 24797 151 22958
60845 256 54168 254 19642 369 33054 277 35089 151 22958
60845 256 54168 254 19642 369 33054 277 58674 151 22958
60845 256 54168 254 19642 369 33054 277 59675 151 22958
60845 256 54168 254 19642 369 33054 252 2589 369 22958
60845 256 54168 254 19642 369 33054 252 45730 369 22958
