63432 369 9025
63432 358 9025
63432 252 9025
63432 194 28178 239 42961 252 9025
63432 194 28178 239 42961 369 9025
63432 194 28178 239 42961 358 9025
63432 194 28178 239 42961 369 33054 277 9025
63432 194 28178 239 36374 265 19933 172 17373 164 9025
63432 194 28178 239 36374 265 19933 332 29052 31 9025
63432 194 28178 239 42961 332 29064 31 26607 369 9025
63432 194 28178 239 42961 32 40417 75 15283 369 9025
63432 194 28178 239 42961 32 40417 75 42570 369 9025
63432 194 28178 239 42961 32 40417 75 24920 369 9025
63432 194 28178 239 42961 32 40417 383 15114 369 9025
63432 194 28178 239 42961 32 40417 383 15114 358 9025
63432 194 28178 239 42961 32 40417 383 15114 252 9025
63432 194 28178 239 42961 32 40417 256 56390 6 9025
63432 194 28178 239 42961 32 40417 256 20817 6 9025
63432 194 28178 239 42961 369 33054 277 28231 252 9025
63432 194 28178 239 42961 369 33054 277 28231 369 9025
63432 194 28178 239 42961 369 33054 277 28231 358 9025
63432 194 28178 239 36374 217 9911 5 11756 300 59812 211 9025
63432 194 28178 239 36374 80 38944 28 25961 32 56624 369 9025
63432 194 28178 239 36374 80 38944 28 25961 32 56624 358 9025
63432 194 28178 239 36374 80 38944 28 25961 32 56624 252 9025
63432 194 28178 239 36374 85 64632 249 18597 300 6584 88 9025
63432 194 28178 239 36374 85 64632 249 18597 300 68161 88 9025
63432 194 28178 239 42961 369 33054 277 23798 28 11067 369 9025
63432 194 28178 162 31784 390 26998 369 73831 277 39392 369 9025
63432 194 28178 239 36374 80 38944 8 65445 377 10911 238 47975 358 9025
63432 194 28178 239 42961 32 40417 75 40374 256 60608 15 65119 151 9025
