65268 369 53751
65268 72 67410 75 53751
65268 332 65855 31 12741 336 53751
65268 332 65855 31 16834 75 53751
65268 332 65855 31 16834 252 53751
65268 332 65855 31 16834 369 53751
65268 332 65855 31 16834 358 53751
65268 332 65855 31 24058 336 53751
65268 332 65855 31 39520 75 53751
65268 332 65855 31 47209 336 53751
65268 332 65855 205 70836 336 53751
65268 332 65855 369 69092 75 53751
65268 332 65855 369 69092 114 53751
65268 332 65853 31 2 336 53751
65268 332 65853 31 61624 336 53751
65268 332 65861 31 21115 369 53751
65268 332 65861 369 41897 252 53751
65268 332 65856 31 2007 336 53751
65268 332 29052 31 62011 336 53751
65268 332 29052 31 54290 336 53751
65268 332 29065 31 21448 358 53751
65268 332 29065 31 58072 336 53751
65268 332 29065 31 56513 336 53751
65268 332 29064 31 53409 336 53751
65268 332 23453 31 35791 211 53751
65268 72 67410 272 67206 369 53751
65268 72 67410 75 38944 358 53751
65268 72 67410 75 64193 369 53751
65268 72 67410 75 27733 358 53751
65268 72 67410 75 42335 252 53751
65268 72 67410 75 42335 369 53751
65268 72 67410 75 42335 358 53751
65268 72 67410 75 17440 369 53751
65268 72 67410 75 6067 151 53751
65268 72 67410 75 24605 369 53751
65268 72 67410 75 61155 252 53751
65268 72 67410 75 61155 369 53751
65268 72 67410 75 3629 369 53751
65268 72 67410 75 12369 252 53751
65268 72 67410 75 12369 369 53751
65268 72 67410 75 52803 277 53751
65268 72 67410 75 40142 369 53751
65268 72 67410 75 30112 172 53751
65268 72 67410 75 30112 382 53751
65268 72 67410 75 38202 252 53751
65268 72 67410 75 38202 369 53751
65268 72 67410 75 32284 277 53751
65268 72 67410 75 34409 369 53751
65268 72 67410 75 29310 369 53751
65268 72 67410 75 40539 369 53751
65268 72 67410 75 28155 369 53751
65268 72 67410 114 16864 336 53751
65268 72 67410 114 12409 336 53751
65268 72 67410 114 15084 172 53751
65268 72 67410 114 49761 336 53751
65268 72 67410 114 21356 172 53751
65268 72 67410 383 1251 358 53751
65268 72 67410 383 47068 114 53751
65268 72 67410 383 47068 252 53751
65268 72 67410 383 47068 151 53751
65268 72 67410 383 29013 369 53751
65268 72 67410 294 6168 277 53751
65268 72 67410 294 6168 28 53751
65268 332 65855 31 72079 300 62434 211 53751
65268 332 65855 31 73627 342 8039 6 53751
65268 332 65855 31 64880 213 58833 121 53751
65268 332 65855 31 64880 396 54516 35 53751
65268 332 65855 31 64880 369 73592 277 53751
65268 332 65855 31 64880 369 73592 358 53751
65268 332 65855 31 38768 369 15647 277 53751
65268 332 65855 31 38768 369 3643 277 53751
65268 332 65855 31 6905 300 59812 211 53751
65268 332 65855 31 27162 277 2239 277 53751
65268 332 65855 31 30109 28 616 6 53751
65268 332 65855 31 70550 300 4968 211 53751
65268 332 65855 31 6934 359 59913 358 53751
65268 332 65855 31 25131 358 30855 151 53751
65268 332 65855 31 1444 383 47902 114 53751
65268 332 65855 31 1444 383 47902 75 53751
65268 332 65855 31 16834 75 4546 358 53751
65268 332 65855 31 16834 75 1453 358 53751
65268 332 65855 31 16834 75 52125 254 53751
65268 332 65855 31 72693 342 26415 6 53751
65268 332 65855 31 27960 332 9589 31 53751
65268 332 65855 31 56620 6 26378 336 53751
65268 332 65855 31 37302 256 36164 258 53751
65268 332 65855 31 37302 256 36164 203 53751
65268 332 65855 31 34318 28 32004 336 53751
65268 332 65855 31 73556 358 2588 28 53751
65268 332 65855 31 19847 188 16034 336 53751
65268 332 65855 31 19847 188 18299 336 53751
65268 332 65855 31 29427 114 43619 172 53751
65268 332 65855 31 29427 75 32786 151 53751
65268 332 65855 31 29427 126 6780 336 53751
65268 332 65855 31 29427 126 33466 336 53751
65268 332 65855 31 29427 126 47491 336 53751
65268 332 65855 31 29427 290 69112 336 53751
65268 332 65855 31 29427 290 486 336 53751
65268 332 65855 31 29427 290 11701 336 53751
65268 332 65855 31 29427 26 57955 336 53751
65268 332 65855 31 29427 26 23108 336 53751
65268 332 65855 31 29427 26 66711 336 53751
65268 332 65855 31 29427 26 34279 336 53751
65268 332 65855 31 29427 26 12095 336 53751
65268 332 65855 31 29427 26 58982 336 53751
65268 332 65855 31 29427 26 5301 336 53751
65268 332 65855 31 29427 26 27378 336 53751
65268 332 65855 31 29427 188 5688 336 53751
65268 332 65855 31 29427 188 15731 336 53751
65268 332 65855 31 29427 188 70864 336 53751
65268 332 65855 31 29427 188 65280 336 53751
65268 332 65855 31 36853 256 30221 254 53751
65268 332 65855 31 4992 188 49360 336 53751
65268 332 65855 31 47209 336 53534 336 53751
65268 332 65855 369 19933 64 48284 217 53751
65268 332 65855 369 19933 75 1125 369 53751
65268 332 65855 369 69092 75 11352 336 53751
65268 332 65855 369 69092 114 65545 252 53751
65268 332 65855 369 69092 114 65545 369 53751
65268 332 65855 369 69092 114 65545 358 53751
65268 332 65855 369 69092 294 11027 369 53751
65268 332 65855 369 69092 294 50298 252 53751
65268 332 65855 369 69092 294 50298 151 53751
65268 332 10045 31 61103 213 43450 121 53751
65268 332 65853 31 14736 172 52103 336 53751
65268 332 65853 31 11756 217 9911 249 53751
65268 332 65853 31 14859 277 1072 369 53751
65268 332 65861 31 25328 28 74770 369 53751
65268 332 65861 31 25328 252 55570 252 53751
65268 332 65861 31 59655 176 69443 336 53751
65268 332 65861 151 33054 277 72461 358 53751
65268 332 65861 151 33054 277 49508 369 53751
65268 332 65861 151 33054 277 49508 358 53751
65268 332 65861 151 33054 277 56834 151 53751
65268 332 65861 151 33054 277 31312 151 53751
65268 332 65861 151 33054 277 31312 358 53751
65268 332 65861 151 33054 277 68322 369 53751
65268 332 65861 151 33054 277 36361 252 53751
65268 332 65861 151 33054 277 36361 151 53751
65268 332 65861 151 33054 277 36361 358 53751
65268 332 65861 151 33054 277 28231 369 53751
65268 332 65861 151 33054 277 28231 358 53751
65268 332 65861 151 33054 277 25209 277 53751
65268 332 65861 369 41897 277 48531 358 53751
65268 332 65861 369 41897 28 31299 15 53751
65268 332 65861 369 41897 28 31299 217 53751
65268 332 65861 369 41897 28 31299 358 53751
65268 332 29052 31 20556 256 5797 254 53751
65268 332 29052 31 11001 32 10684 369 53751
65268 332 29052 31 56340 75 9777 369 53751
65268 332 29052 31 7417 336 32685 336 53751
65268 332 29065 31 15060 26 4713 336 53751
65268 332 29065 31 57616 188 35871 336 53751
65268 332 29064 31 7232 385 13265 254 53751
65268 332 29064 31 7232 385 13265 35 53751
65268 332 29064 31 7232 385 41254 254 53751
65268 72 67410 272 32131 126 66332 336 53751
65268 72 67410 272 32131 126 8930 336 53751
65268 72 67410 272 32131 126 71664 336 53751
65268 72 67410 272 32131 126 41305 336 53751
65268 72 67410 272 32131 126 69691 336 53751
65268 72 67410 272 32131 126 21593 336 53751
65268 72 67410 272 32131 126 8602 336 53751
65268 72 67410 272 32131 126 3603 336 53751
65268 72 67410 272 32131 126 29872 336 53751
65268 72 67410 272 32131 126 10592 336 53751
65268 72 67410 272 32131 126 37798 336 53751
65268 72 67410 272 32131 126 25510 336 53751
65268 72 67410 272 32131 126 13060 336 53751
65268 72 67410 272 32131 126 39218 336 53751
65268 72 67410 272 32131 126 28726 336 53751
65268 72 67410 272 32131 126 49820 336 53751
65268 72 67410 272 32131 126 30309 336 53751
65268 72 67410 272 32131 126 74025 336 53751
65268 72 67410 272 32131 126 61771 336 53751
65268 72 67410 272 32131 126 26739 336 53751
65268 72 67410 272 32131 126 54942 336 53751
65268 72 67410 272 32131 126 31810 336 53751
65268 72 67410 272 32131 126 13251 336 53751
65268 72 67410 272 32131 126 54419 336 53751
65268 72 67410 272 32131 126 57229 336 53751
65268 72 67410 272 32131 126 27631 336 53751
65268 72 67410 272 32131 126 32487 336 53751
65268 72 67410 272 32131 126 61290 336 53751
65268 72 67410 272 32131 126 20816 336 53751
65268 72 67410 272 32131 290 9 336 53751
65268 72 67410 272 32131 290 56025 336 53751
65268 72 67410 272 32131 290 68945 336 53751
65268 72 67410 272 32131 290 23770 336 53751
65268 72 67410 272 32131 290 62884 336 53751
65268 72 67410 272 32131 290 56558 336 53751
65268 72 67410 272 32131 290 16366 336 53751
65268 72 67410 272 32131 290 54238 336 53751
65268 72 67410 272 32131 290 71272 336 53751
65268 72 67410 272 32131 290 58351 336 53751
65268 72 67410 272 32131 290 59906 336 53751
65268 72 67410 272 32131 290 7636 336 53751
65268 72 67410 272 32131 290 8504 336 53751
65268 72 67410 272 32131 256 42176 35 53751
65268 72 67410 272 32131 188 68591 336 53751
65268 72 67410 392 42192 385 19177 254 53751
65268 72 67410 392 42192 385 4798 254 53751
65268 72 67410 392 42192 385 4798 217 53751
65268 72 67410 64 58864 217 40401 252 53751
65268 72 67410 75 38944 315 38868 254 53751
65268 72 67410 75 38944 151 6609 252 53751
65268 72 67410 75 30112 172 20690 336 53751
65268 72 67410 75 30112 382 15041 336 53751
65268 72 67410 75 30112 382 8578 336 53751
65268 72 67410 75 30112 382 2408 336 53751
65268 72 67410 114 21109 155 33703 369 53751
65268 72 67410 294 6168 277 8544 369 53751
65268 332 65855 31 64880 213 58833 121 16624 336 53751
65268 332 65855 31 64880 369 73592 398 20824 15 53751
65268 332 65855 31 64880 369 73592 398 20824 217 53751
65268 332 65855 31 64880 369 73592 398 20824 358 53751
65268 332 65855 31 64880 369 73592 398 32498 15 53751
65268 332 65855 31 64880 369 73592 398 32498 217 53751
65268 332 65855 31 64880 369 73592 398 32498 358 53751
65268 332 65855 31 6905 300 59812 211 50933 172 53751
65268 332 65855 31 4830 114 2129 255 45603 336 53751
65268 332 65855 31 4830 114 2129 255 2482 336 53751
65268 332 65855 31 65908 114 72858 255 73386 336 53751
65268 332 65855 31 23705 32 2516 126 65110 336 53751
65268 332 65855 31 24058 196 29940 336 66545 336 53751
65268 332 65855 31 24058 196 75101 188 45193 336 53751
65268 332 65855 31 24058 6 44438 336 21747 336 53751
65268 332 65855 31 24058 213 50130 121 54448 336 53751
65268 332 65855 31 24058 213 50130 121 26162 336 53751
65268 332 65855 31 24058 213 50130 121 3894 336 53751
65268 332 65855 31 24058 213 50130 121 36968 336 53751
65268 332 65855 31 24058 213 50130 121 29801 336 53751
65268 332 65855 31 24058 213 50130 121 19767 336 53751
65268 332 65855 31 24058 213 50130 121 52268 336 53751
65268 332 65855 31 24058 213 50130 121 15557 336 53751
65268 332 65855 31 24058 213 50130 121 47783 336 53751
65268 332 65855 31 24058 213 50130 121 28483 336 53751
65268 332 65855 31 24058 213 50130 121 16868 336 53751
65268 332 65855 31 24058 213 50130 121 44334 336 53751
65268 332 65855 31 24058 213 50130 121 70910 336 53751
65268 332 65855 31 24058 213 50130 121 66673 336 53751
65268 332 65855 31 24058 213 50130 121 3800 336 53751
65268 332 65855 31 39520 114 40825 336 8084 336 53751
65268 332 65855 31 71525 5 20107 193 30972 336 53751
65268 332 65855 31 56620 6 26378 382 39745 336 53751
65268 332 65855 31 29427 126 47491 336 26448 336 53751
65268 332 65855 31 29427 126 47491 336 27703 336 53751
65268 332 65855 31 29427 126 47491 336 54846 336 53751
65268 332 65855 31 29427 126 47491 336 24938 336 53751
65268 332 65855 31 56435 285 18017 287 27689 15 53751
65268 332 65855 31 56435 285 18017 287 27689 217 53751
65268 332 65855 31 56435 285 18017 287 27689 358 53751
65268 332 65855 31 56435 285 18017 287 38872 217 53751
65268 332 65855 31 72636 339 53060 272 24591 369 53751
65268 332 65855 31 47209 336 53534 255 42043 336 53751
65268 332 65855 31 47209 336 53794 336 72315 336 53751
65268 332 65855 31 47209 336 53794 336 54784 336 53751
65268 332 65855 205 70836 336 14504 255 2314 336 53751
65268 332 10045 31 61103 369 50963 277 16635 358 53751
65268 332 65853 31 41295 213 51108 121 34242 336 53751
65268 332 65853 31 41295 213 51108 121 66073 336 53751
65268 332 65861 31 66047 369 27332 28 1872 6 53751
65268 332 65861 31 66047 369 27332 398 71957 35 53751
65268 332 65861 31 66047 369 27332 398 26929 217 53751
65268 332 65861 151 33054 277 39113 252 54133 358 53751
65268 332 65861 151 33054 277 31312 358 22257 28 53751
65268 332 29065 31 45763 8 61259 25 61984 369 53751
65268 332 29065 31 45763 8 61259 25 68675 369 53751
65268 332 29065 31 25147 385 12465 193 53094 336 53751
65268 332 65855 31 29427 188 66237 230 32324 141 20638 336 53751
65268 332 65855 31 29427 188 38412 230 17012 141 16757 336 53751
65268 332 65855 31 29427 188 17289 230 72648 217 3255 336 53751
65268 332 65855 31 41065 8 32907 248 9787 332 51308 31 53751
65268 72 67410 272 32131 126 52970 382 41708 193 29267 336 53751
65268 332 65855 31 17625 359 57906 102 17142 398 20216 147 53744 336 53751
65268 332 23453 31 14508 385 29677 217 23966 5 8132 141 40041 336 53751
65268 332 65853 31 61624 385 50247 193 42163 230 54401 193 23032 385 39887 217 44951 336 53751
