65814 369 22958
65814 303 37302 369 22958
65814 151 33054 277 24797 151 22958
65814 151 33054 277 40983 151 22958
65814 151 33054 277 56834 151 22958
65814 151 33054 277 35089 151 22958
65814 151 33054 277 59279 151 22958
65814 151 33054 277 51875 151 22958
65814 151 33054 277 58674 151 22958
65814 151 33054 277 59675 151 22958
65814 151 33054 252 2589 369 22958
65814 151 33054 252 15927 369 22958
65814 151 33054 252 45730 369 22958
65814 151 33054 252 17726 28 5580 369 22958
65814 151 33054 252 51356 31 24679 151 22958
65814 151 33054 252 65856 31 31842 369 22958
65814 151 33054 252 65856 31 26801 369 22958
65814 151 33054 252 65857 31 23867 369 22958
65814 151 33054 151 62434 211 45264 369 22958
65814 151 33054 151 62434 211 29320 151 22958
65814 151 33054 151 62434 211 25169 369 22958
65814 151 33054 151 62434 211 13475 369 22958
65814 303 23029 383 69092 151 60827 369 22958
65814 303 23029 332 65853 31 31609 369 22958
65814 303 23029 332 65853 31 37850 369 22958
65814 303 37302 256 54168 254 60845 369 22958
