7377 369 53811
7377 332 10045 31 72862 369 53811
7377 332 10045 31 11652 369 53811
7377 332 10045 31 4830 369 53811
7377 332 10045 31 51172 151 53811
7377 332 10045 31 35180 369 53811
7377 332 10045 31 10512 369 53811
7377 332 10045 31 72838 369 53811
7377 332 10045 31 731 369 53811
7377 332 10045 31 57305 369 53811
7377 332 10045 31 67997 369 53811
7377 332 10045 31 7747 369 53811
7377 332 10045 31 23029 369 53811
7377 332 10045 31 42166 369 53811
7377 332 10045 31 32357 369 53811
7377 332 10045 31 52683 369 53811
7377 332 10045 31 24988 369 53811
7377 332 10045 31 40951 369 53811
7377 332 10045 31 36571 369 53811
7377 332 10045 31 56770 369 53811
7377 332 10045 31 1679 369 53811
7377 332 10045 31 11565 369 53811
7377 332 10045 31 34695 151 53811
7377 332 10045 31 40637 369 53811
7377 332 10045 31 8870 369 53811
7377 332 10045 31 50337 369 53811
7377 332 10045 31 46549 151 53811
7377 332 10045 31 28376 369 53811
7377 332 10045 31 58806 369 53811
7377 332 10045 31 29427 369 53811
7377 332 10045 31 25110 369 53811
7377 332 10045 31 52577 151 53811
7377 332 10045 369 14858 369 53811
7377 332 65855 31 44399 151 53811
7377 332 65855 31 65908 369 53811
7377 332 65855 31 28323 369 53811
7377 332 65855 31 70550 369 53811
7377 332 65855 31 32512 369 53811
7377 332 65855 31 70180 369 53811
7377 332 65855 31 41972 369 53811
7377 332 65855 31 75205 369 53811
7377 332 65855 31 65174 369 53811
7377 332 65855 31 52920 369 53811
7377 332 65855 31 59152 151 53811
7377 332 65855 31 53151 369 53811
7377 332 65855 31 64151 369 53811
7377 332 65855 31 26159 369 53811
7377 321 24058 196 23607 369 53811
7377 321 24058 196 50391 369 53811
7377 321 24058 196 50528 369 53811
7377 321 24058 196 28306 369 53811
7377 151 41897 252 36307 369 53811
7377 151 41897 252 56476 369 53811
7377 151 41897 252 34386 369 53811
7377 151 41897 252 48632 369 53811
7377 151 41897 252 38944 369 53811
7377 151 41897 252 16256 369 53811
7377 151 41897 252 37673 369 53811
7377 151 41897 252 60170 369 53811
7377 151 41897 252 17020 369 53811
7377 151 41897 252 34324 369 53811
7377 151 41897 252 60885 369 53811
7377 151 41897 252 36233 369 53811
7377 151 41897 252 3592 369 53811
7377 151 41897 252 28572 369 53811
7377 151 41897 252 28747 369 53811
7377 151 41897 252 20394 369 53811
7377 151 41897 252 61202 369 53811
7377 151 41897 252 32762 369 53811
7377 151 41897 252 9122 369 53811
7377 151 41897 252 62962 369 53811
7377 151 41897 252 24723 369 53811
7377 151 41897 252 10289 369 53811
7377 151 41897 252 49685 369 53811
7377 151 41897 252 68471 369 53811
7377 151 41897 252 28806 369 53811
7377 151 41897 252 55680 369 53811
7377 151 41897 252 71012 369 53811
7377 151 41897 252 52301 369 53811
7377 151 41897 252 21458 369 53811
7377 151 41897 252 47635 369 53811
7377 151 41897 252 11842 369 53811
7377 151 41897 32 42581 252 53811
7377 358 9577 28 28588 252 53811
7377 358 9577 28 62745 151 53811
7377 358 51607 28 5562 369 53811
7377 358 51607 28 8186 369 53811
7377 358 51607 28 27921 369 53811
7377 358 51607 28 33417 369 53811
7377 358 51607 28 44597 369 53811
7377 383 69092 75 22017 369 53811
7377 383 69092 294 29358 369 53811
7377 383 69092 294 72233 369 53811
7377 383 69092 294 50078 369 53811
7377 383 69092 294 71647 369 53811
7377 383 69092 294 72854 369 53811
7377 383 69092 294 4350 369 53811
7377 383 69092 294 37001 369 53811
7377 75 33054 277 27747 252 53811
7377 75 33054 277 27747 151 53811
7377 75 33054 252 60250 369 53811
7377 75 33054 32 62852 369 53811
7377 332 10045 31 72079 382 60222 369 53811
7377 332 10045 31 72636 383 19670 369 53811
7377 332 10045 31 72636 383 4279 369 53811
7377 332 65855 31 22772 22 30705 369 53811
7377 321 24058 194 70065 239 67358 151 53811
7377 321 24058 102 46685 359 10174 252 53811
7377 321 24058 102 46685 359 10174 151 53811
7377 321 24058 102 46685 359 37549 151 53811
7377 321 24058 300 62849 211 33697 151 53811
7377 321 24058 332 65853 31 63860 369 53811
7377 321 24058 332 65853 31 64127 369 53811
7377 321 24058 332 29052 31 63774 369 53811
7377 321 24058 332 29065 31 60930 369 53811
7377 321 24058 332 29065 31 67704 151 53811
7377 321 24058 256 54168 254 43173 151 53811
7377 321 24058 28 73592 277 15098 151 53811
7377 321 24058 28 73592 277 26783 252 53811
7377 321 24058 28 73592 277 26783 151 53811
7377 383 69092 294 60562 75 58483 369 53811
7377 332 10045 31 72079 105 27339 172 63368 369 53811
7377 332 10045 31 72079 105 27339 172 54461 369 53811
7377 332 10045 31 64690 143 69742 113 25740 369 53811
7377 332 10045 31 42618 6 18597 373 71359 369 53811
7377 332 10045 31 1444 297 13183 277 46393 369 53811
