8156 369 73592
8156 32 14858 28 73592
8156 32 14858 75 50376 369 73592
8156 32 14858 277 51363 369 73592
8156 32 14858 321 24058 28 73592
8156 32 14858 294 72636 28 73592
8156 114 72858 155 43961 369 73592
8156 114 72858 155 73168 369 73592
8156 114 72858 155 17624 369 73592
8156 114 72858 155 31636 369 73592
8156 114 72858 155 16834 28 73592
8156 114 72858 155 6346 28 73592
8156 114 72858 155 20794 369 73592
8156 114 72858 155 50528 28 73592
8156 114 72858 155 56624 369 73592
8156 114 72858 155 18999 369 73592
8156 114 72858 155 55880 369 73592
8156 114 72858 155 43908 369 73592
8156 114 72858 155 73556 369 73592
8156 114 72858 155 66047 369 73592
8156 114 72858 155 51574 369 73592
8156 114 72858 155 65235 369 73592
8156 114 72858 155 6749 369 73592
8156 114 72858 155 40450 369 73592
8156 114 72858 100 29427 28 73592
8156 114 72858 100 75101 28 73592
8156 114 72858 397 17630 28 73592
8156 114 72858 397 59413 28 73592
8156 383 69092 75 9441 28 73592
8156 383 69092 75 71680 28 73592
8156 383 69092 75 3027 28 73592
8156 383 69092 75 16913 151 73592
8156 383 69092 75 57918 28 73592
8156 383 69092 75 53751 28 73592
8156 383 69092 75 53751 369 73592
8156 383 69092 75 48048 28 73592
8156 383 69092 75 58269 28 73592
8156 383 69092 75 70909 28 73592
8156 383 69092 75 34525 28 73592
8156 383 69092 75 28518 28 73592
8156 383 69092 75 45946 28 73592
8156 383 69092 75 41869 28 73592
8156 383 69092 75 23740 28 73592
8156 383 69092 75 46030 28 73592
8156 383 69092 75 22252 28 73592
8156 383 69092 75 32929 28 73592
8156 383 69092 75 68088 28 73592
8156 383 69092 114 9561 28 73592
8156 383 69092 114 65545 369 73592
8156 383 69092 114 65545 28 73592
8156 383 69092 294 38911 369 73592
8156 383 69092 294 74609 28 73592
8156 383 69092 294 28747 28 73592
8156 383 69092 294 23636 369 73592
8156 383 69092 294 45700 151 73592
8156 383 69092 294 47062 369 73592
8156 383 69092 294 17084 369 73592
8156 383 69092 294 58239 369 73592
8156 383 69092 294 58239 28 73592
8156 383 69092 294 64904 277 73592
8156 383 69092 294 55989 369 73592
8156 383 69092 294 65157 369 73592
8156 383 69092 294 488 369 73592
8156 383 69092 294 27946 28 73592
8156 383 69092 294 56476 28 73592
8156 383 69092 294 32357 28 73592
8156 383 69092 294 7556 151 73592
8156 383 69092 294 70186 369 73592
8156 383 69092 294 16003 369 73592
8156 383 69092 294 16003 252 73592
8156 383 69092 294 42302 28 73592
8156 383 69092 294 21330 369 73592
8156 383 69092 294 40049 369 73592
8156 383 69092 294 4445 28 73592
8156 383 69092 294 4445 369 73592
8156 383 69092 294 36301 369 73592
8156 383 69092 294 41173 28 73592
8156 383 69092 294 40846 28 73592
8156 383 69092 294 65174 28 73592
8156 383 69092 294 28376 28 73592
8156 383 69092 294 28306 28 73592
8156 383 69092 294 1499 28 73592
8156 383 69092 294 60885 28 73592
8156 383 69092 294 50290 369 73592
8156 383 69092 151 45084 369 73592
8156 383 69092 383 33361 369 73592
8156 75 33054 277 74956 252 73592
8156 75 33054 277 70122 28 73592
8156 75 33054 277 66132 252 73592
8156 75 33054 277 19162 151 73592
8156 75 33054 277 19162 252 73592
8156 75 33054 277 2588 28 73592
8156 75 33054 277 32838 28 73592
8156 75 33054 277 101 28 73592
8156 75 33054 277 28491 252 73592
8156 75 33054 277 50308 151 73592
8156 75 33054 277 7370 151 73592
8156 75 33054 277 7370 252 73592
8156 75 33054 277 8358 151 73592
8156 75 33054 277 65954 252 73592
8156 75 33054 277 35479 28 73592
8156 75 33054 277 48801 252 73592
8156 75 33054 277 70832 252 73592
8156 75 33054 277 25928 28 73592
8156 75 33054 277 75096 28 73592
8156 75 33054 277 1682 252 73592
8156 75 33054 277 36596 252 73592
8156 75 33054 277 36596 151 73592
8156 75 33054 252 16953 28 73592
8156 75 33054 252 11736 28 73592
8156 75 33054 32 47902 114 73592
8156 75 33054 32 44566 114 73592
8156 32 14858 75 15993 151 73831 369 73592
8156 32 14858 277 65856 31 64880 369 73592
8156 32 14858 277 65856 31 15215 369 73592
8156 32 14858 277 65856 31 44399 369 73592
8156 32 14858 277 65856 31 73460 28 73592
8156 32 14858 277 65856 31 73460 369 73592
8156 32 14858 277 65856 31 73460 252 73592
8156 32 14858 277 65856 31 37791 369 73592
8156 32 14858 277 65856 31 51172 369 73592
8156 32 14858 277 65856 31 52492 369 73592
8156 32 14858 277 65856 31 58804 369 73592
8156 32 14858 277 65856 31 59220 369 73592
8156 32 14858 277 65856 31 48726 369 73592
8156 32 14858 277 65856 31 45416 369 73592
8156 32 14858 277 65856 31 37302 28 73592
8156 32 14858 277 65856 31 26801 28 73592
8156 32 14858 277 65856 31 58756 369 73592
8156 32 14858 277 65856 31 52577 369 73592
8156 32 14858 277 65857 31 11497 369 73592
8156 32 14858 277 65857 31 47505 369 73592
8156 32 14858 277 65857 31 75212 369 73592
8156 32 14858 277 65857 31 39957 369 73592
8156 32 14858 277 65857 31 5319 369 73592
8156 32 14858 277 10045 31 61103 369 73592
8156 32 14858 277 10045 31 54994 369 73592
8156 32 14858 277 68336 31 60073 369 73592
8156 32 14858 277 68334 31 66085 252 73592
8156 32 14858 277 68334 31 66085 369 73592
8156 32 14858 277 29061 31 366 369 73592
8156 32 14858 28 30480 358 18310 369 73592
8156 32 14858 383 39260 103 19766 369 73592
8156 32 14858 252 6067 151 49455 369 73592
8156 32 14858 300 59812 211 47616 369 73592
8156 32 14858 300 59812 211 43173 369 73592
8156 32 14858 300 62434 211 73900 369 73592
8156 32 14858 300 62434 211 29320 252 73592
8156 32 14858 300 62434 211 47566 369 73592
8156 32 14858 300 62434 211 11766 369 73592
8156 32 14858 300 62434 211 35098 369 73592
8156 32 14858 332 65861 31 28411 369 73592
8156 32 14858 332 65861 31 15847 369 73592
8156 32 14858 332 29052 31 10174 369 73592
8156 32 14858 332 29052 31 37542 369 73592
8156 32 14858 332 29052 31 26019 369 73592
8156 32 14858 321 24058 196 40673 252 73592
8156 32 14858 151 41897 32 15985 252 73592
8156 32 14858 151 41897 28 31299 15 73592
8156 32 14858 369 53811 151 26783 369 73592
8156 32 14858 369 53811 252 15098 369 73592
8156 32 14858 297 61222 231 9015 369 73592
8156 114 72858 100 22041 126 32245 369 73592
8156 114 72858 100 58806 252 96 369 73592
8156 114 72858 100 15973 278 41653 28 73592
8156 383 69092 75 53751 277 61155 369 73592
8156 383 69092 75 53751 28 32498 15 73592
8156 383 69092 75 53751 28 32498 398 73592
8156 383 69092 75 53751 28 20824 15 73592
8156 383 69092 75 53751 28 20824 398 73592
8156 383 69092 75 53751 256 19177 15 73592
8156 383 69092 142 38128 15 26569 369 73592
8156 383 69092 32 57047 364 1949 369 73592
8156 383 69092 294 23798 75 59390 369 73592
8156 383 69092 294 47067 114 12948 28 73592
8156 383 69092 277 29065 31 22045 369 73592
8156 383 69092 277 29064 31 60741 369 73592
8156 75 33054 277 2218 277 21543 369 73592
8156 75 33054 277 63694 262 44811 369 73592
8156 75 33054 252 38269 277 56339 369 73592
8156 32 14858 277 65857 31 5319 75 63459 369 73592
8156 32 14858 383 71850 256 54168 254 11202 369 73592
8156 32 14858 383 71850 256 54168 254 26681 369 73592
8156 32 14858 398 65931 356 18597 373 68889 369 73592
8156 32 14858 332 29052 31 63774 151 38932 252 73592
8156 32 14858 332 29052 31 63774 151 38932 369 73592
8156 114 72858 155 40450 114 53782 164 43154 15 73592
8156 383 69092 294 19933 277 20194 356 55914 369 73592
